0.0000 0.0000 1.1761 -0.7272 1.2617 0.7012 20190601 006
0.0000 0.0000 1.3134 -0.7570 1.3690 0.6168 20190601 007
0.0000 0.0000 1.2725 -0.6494 1.3004 0.6800 20190604 006
0.0000 0.0000 1.2416 -0.7266 1.3223 0.6176 20190604 007
0.0000 0.0000 1.2045 -0.6317 1.1378 0.4469 20190604 008
0.0000 0.0000 1.2762 -0.7644 1.3042 0.6738 20190604 009
0.000 0.000     20190604 010
0.000 0.000     20190604 011
0.000 0.000     20190604 012
0.000 0.000     20190604 013
0.0000 0.0000 1.5311 -0.7521 1.3491 0.9160 20190604 015
0.0000 0.0000 1.2887 -0.6607 1.2228 0.6750 20190605 006
0.0000 0.0000 1.3078 -0.5995 1.2553 0.7117 20190605 007
0.0000 0.0000 1.3413 -0.7459 1.3677 0.7727 20190605 008
0.0000 0.0000 0.9279 -0.5220 0.3583 -0.0286 20190605 010
0.000 0.000     20190606 012
0.0000 0.0000 1.3311 -0.6619 1.2956 0.9335 20190606 013
0.0000 0.0000 1.1796 -0.8090 1.1527 0.5893 20190606 014
0.0000 0.0000 1.2781 -0.5965 1.2827 0.7303 20190606 015
0.0000 0.0000 1.1192 -0.6533 1.1839 0.7641 20190606 017
0.0000 0.0000 1.1235 -0.7539 1.2371 0.7025 20190606 019
0.0000 0.0000 1.1004 -0.5835 1.1691 0.7407 20190606 025
0.0000 0.0000 1.1187 -0.6355 1.0831 0.5905 20190606 026
0.0000 0.0000 1.2300 -0.6960 1.3125 0.6355 20190606 027
0.0000 0.0000 1.0650 -0.7067 1.0397 0.7341 20190606 028
0.0000 0.0000 1.2578 -0.6453 1.1949 0.6560 20190607 014
0.0000 0.0000 1.1813 -0.5953 1.2541 0.7314 20190607 015
0.0000 0.0000 1.3064 -0.7239 1.3782 0.6433 20190607 016
0.0000 0.0000 1.2380 -0.7831 1.2778 0.6099 20190607 017
0.0000 0.0000 1.2893 -0.5787 1.2532 0.5928 20190607 019
0.0000 0.0000 1.3723 -0.7479 1.4351 0.4967 20190607 020
0.0000 0.0000 1.2281 -0.7553 1.2383 0.6356 20190607 021
0.0000 0.0000 1.2294 -0.6806 1.2759 0.7063 20190607 022
0.000 0.000     20190608 012
0.0000 0.0000 1.1614 -0.8340 1.3887 0.8955 20190608 018
0.0000 0.0000 1.3466 -1.1686 1.0327 0.4483 20190608 019
0.0000 0.0000 1.3047 -0.6184 1.3947 0.6802 20190608 020
0.0000 0.0000 1.3064 -0.7602 1.2073 0.6656 20190608 021
0.0000 0.0000 1.2116 -0.5959 1.2761 0.8312 20190608 022
0.0000 0.0000 1.3583 -0.7905 1.3423 0.7038 20190608 024
0.000 0.000     20190609 008
0.0000 0.0000 0.2046 0.0046 0.1358 0.0907 20190609 011
0.0000 0.0000 0.9449 -0.5478 1.0297 0.4900 20190609 013
0.000 0.000     20190609 014
0.000 0.000     20190609 015
0.000 0.000     20190609 016
0.000 0.000     20190609 018
0.0000 0.0000 1.2898 -0.6068 1.2577 0.6524 20190609 020
0.0000 0.0000 1.2830 -0.7036 1.3172 0.5060 20190609 021
0.000 0.000     20190609 024
0.000 0.000     20190609 025
0.000 0.000     20190609 026
0.000 0.000     20190609 027
0.000 0.000     20190612 012
0.0000 0.0000 0.0730 -0.0518 0.2525 0.4813 20190612 013
0.000 0.000     20190613 012
0.0000 0.0000 0.0489 -0.0953 0.0978 -0.0118 20190613 013
0.000 0.000     20190613 014
0.000 0.000     20190613 015
0.000 0.000     20190615 006
0.000 0.000     20190615 007
0.000 0.000     20190615 008
0.000 0.000     20190615 009
0.0000 0.0000 0.0518 -0.1527 0.0837 0.1116 20190617 011
0.0000 0.0000 0.3479 -0.1872 0.3237 0.2808 20190617 012
0.000 0.000     20190619 014
0.0000 0.0000 1.3475 -0.6711 1.3800 0.8506 20190621 012
0.0000 0.0000 1.2836 -0.7221 1.2523 0.8070 20190621 013
0.0000 0.0000 1.2805 -0.7140 1.2309 0.7104 20190621 014
0.000 0.000     20190621 015
0.0000 0.0000 0.6126 -0.2749 0.6027 0.3014 20190621 016
0.000 0.000     20190621 017
0.000 0.000     20190621 018
0.0000 0.0000 0.3714 -0.2139   20190621 019
0.0000 0.0000 0.1501 -0.0172 0.1099 0.1184 20190621 021
0.0000 0.0000 1.1796 -0.6970 1.2154 0.5849 20190622 007
0.0000 0.0000 0.2502 0.3393 1.7220 0.3670 20190622 008
0.000 0.000     20190623 015
0.0000 0.0000 1.3616 -0.7218 1.1801 0.9355 20190624 013
0.0000 0.0000 0.0214 0.0057 0.0152 -0.0300 20190624 022
0.0000 0.0000 1.3239 -0.7692 1.3385 0.6168 20190625 018
0.0000 0.0000 1.2761 -0.7089 1.2413 0.7520 20190625 019
0.0000 0.0000 1.5508 -0.5586 1.2376 0.8777 20190626 008
0.0000 0.0000 1.1858 -0.8598 1.1691 0.6580 20190626 009
0.0000 0.0000 1.2173 -0.8392 1.3250 0.7672 20190626 013
0.0000 0.0000 1.1401 -0.5609 1.2137 0.8442 20190626 014
0.0000 0.0000 1.3525 -0.7516 1.2111 0.6321 20190626 015
0.0000 0.0000 1.1718 -0.7215 1.1870 0.5437 20190626 016
0.0000 0.0000 1.4215 -0.6784 1.4931 0.7238 20190626 017
0.000 0.000     20190626 022
0.000 0.000     20190626 023
0.000 0.000     20190626 030
0.0000 0.0000 1.1051 -0.6239 1.3627 0.6245 20190627 013
0.0000 0.0000 1.3707 -0.6996 1.3947 0.7215 20190629 019
0.0000 0.0000 1.2865 -0.7252 1.3075 0.7337 20190629 020
0.0000 0.0000 1.3556 -0.6042 1.2369 0.8177 20190630 013
