  0.060   0.021   1.244  -0.675   1.125   0.654 20180104 007
  0.011   0.032   1.260  -0.545   1.160   0.512 20180104 008
  0.030  -0.029   1.125  -0.762   1.274   0.790 20180106 004
  0.058  -0.059   1.148  -0.651   1.224   0.709 20180106 005
  0.049   0.039   1.195  -0.665   1.186   0.625 20180107 002
  0.036  -0.012   1.225  -0.625   1.170   0.638 20180107 003
 -0.131   0.152   1.093  -0.922   1.469   0.770 20180110 007
  0.062   0.061   1.231  -0.772   1.137   0.712 20180110 008
 -0.243   0.079   1.314  -0.610   1.358   0.532 20180110 009
  0.129  -0.078   1.141  -0.658   1.160   0.737 20180110 021
 -0.035   0.002   1.253  -0.745   1.212   0.743 20180112 007
  0.116   0.009   1.202  -0.671   1.112   0.661 20180112 009
 -0.051  -0.017   1.191  -0.686   1.290   0.704 20180112 010
  0.107   0.146   1.217  -0.704   1.105   0.558 20180112 011
 -0.180   0.159   1.143  -0.695   1.466   0.535 20180112 012
 -0.043  -0.017   1.146  -0.714   1.328   0.732 20180113 006
 -0.055  -0.105   1.168  -0.695   1.317   0.801 20180113 011
 -0.122   0.043   1.382  -0.739   1.171   0.697 20180113 012
  0.041  -0.093   1.208  -0.725   1.181   0.818 20180113 013
  0.017  -0.009   1.184  -0.702   1.229   0.712 20180113 014
  0.032  -0.033   1.146  -0.714   1.251   0.747 20180113 015
 -0.013   0.018   1.237  -0.667   1.205   0.650 20180114 012
  0.061  -0.022   1.211  -0.710   1.157   0.732 20180114 013
 -0.090   0.034   1.286  -0.735   1.234   0.700 20180114 014
  0.052   0.033   1.165  -0.620   1.212   0.587 20180115 010
  0.014  -0.016   1.239  -0.702   1.178   0.717 20180115 011
 -0.033   0.019   1.273  -0.800   1.191   0.781 20180115 012
 -0.137   0.014   1.260  -0.746   1.307   0.733 20180119 016
 -0.097   0.144   1.241  -0.743   1.285   0.600 20180119 017
  0.067   0.055   1.161  -0.709   1.201   0.655 20180120 008
 -0.088   0.008   1.217  -0.722   1.300   0.713 20180120 009
 -0.058  -0.081   1.257  -0.757   1.230   0.838 20180123 008
  0.091  -0.094   1.044  -0.555   1.294   0.650 20180123 009
 -0.076  -0.027   1.211  -0.627   1.295   0.655 20180123 010
  0.145  -0.041   1.034  -0.681   1.250   0.722 20180124 010
  0.167   0.051   1.112  -0.694   1.152   0.644 20180124 011
 -0.037   0.000   1.233  -0.730   1.233   0.730 20180202 005
 -0.031  -0.038   1.234  -0.722   1.227   0.761 20180207 007
  0.070  -0.028   1.404  -0.389   0.956   0.418 20180207 008
  0.006   0.026   1.124  -0.759   1.301   0.733 20180208 010
  0.063   0.064   1.160  -0.805   1.207   0.742 20180208 011
  0.021   0.014   1.223  -0.725   1.187   0.710 20180208 012
  0.622   0.078   0.933  -0.191   0.876   0.114 20180208 013
  0.100   0.219   1.360  -0.965   0.970   0.747 20180208 014
 -0.070  -0.103   1.329  -0.636   1.171   0.740 20180209 008
  0.045   0.032   1.189  -0.659   1.195   0.627 20180209 009
 -0.027   0.027   1.208  -0.721   1.250   0.695 20180209 010
  0.060  -0.009   1.222  -0.685   1.149   0.693 20180209 011
 -0.057   0.164   1.218  -0.817   1.269   0.654 20180209 012
 -0.006   0.027   1.257  -0.695   1.180   0.667 20180209 013
  0.086  -0.018   1.222  -0.686   1.121   0.703 20180209 014
 -0.037   0.000   1.233  -0.730   1.233   0.730 20180210 005
  0.032  -0.118   1.195  -0.659   1.202   0.777 20180210 006
  0.064  -0.002   1.214  -0.666   1.152   0.669 20180210 007
 -0.023   0.026   1.267  -0.729   1.186   0.704 20180210 008
  0.009   0.044   1.159  -0.762   1.261   0.717 20180210 009
  0.065  -0.041   1.124  -0.684   1.241   0.725 20180210 010
  0.053  -0.094   1.104  -0.682   1.273   0.775 20180210 011
 -0.080   0.050   1.201  -0.724   1.309   0.675 20180210 012
  0.007  -0.004   1.293  -0.670   1.131   0.673 20180210 013
 -0.031   0.024   1.208  -0.765   1.253   0.742 20180210 014
  0.019   0.119   1.229  -0.810   1.182   0.690 20180211 013
  0.024   0.020   1.269  -0.789   1.136   0.770 20180211 015
 -0.151  -0.109   1.332  -0.697   1.249   0.806 20180211 016
 -0.060   0.036   1.200  -0.709   1.289   0.674 20180211 017
 -0.013  -0.020   1.155  -0.633   1.289   0.654 20180211 018
 -0.026  -0.029   1.344  -0.647   1.113   0.675 20180211 019
 -0.013  -0.026   1.124  -0.644   1.319   0.670 20180211 020
 -0.206  -0.236   0.783  -0.916   1.853   1.152 20180211 021
 -0.110   0.068   1.249  -0.825   1.292   0.756 20180212 008
 -0.017   0.130   1.161  -0.776   1.286   0.646 20180212 009
 -0.024   0.023   1.238  -0.705   1.217   0.681 20180212 010
  0.003   0.172   1.100  -0.942   1.328   0.769 20180212 011
 -0.040  -0.025   1.251  -0.766   1.220   0.790 20180212 012
 -0.042  -0.028   1.272  -0.603   1.199   0.631 20180212 013
  0.008  -0.066   1.205  -0.623   1.217   0.690 20180212 014
  0.047   0.101   1.147  -0.753   1.237   0.651 20180213 008
  0.014   0.030   1.197  -0.729   1.219   0.698 20180213 011
  0.044   0.058   1.172  -0.673   1.213   0.614 20180213 012
 -0.120   0.013   1.248  -0.685   1.302   0.671 20180213 013
 -0.110  -0.024   1.243  -0.689   1.296   0.713 20180213 015
 -0.063   0.013   1.161  -0.706   1.332   0.694 20180213 016
 -0.162   0.140   1.161  -0.703   1.431   0.562 20180213 017
 -0.050  -0.028   1.014  -0.734   1.465   0.761 20180213 020
  0.363   0.022   0.799   0.146   1.267  -0.169 20180214 008
  0.212   0.071   1.218  -0.397   1.000   0.325 20180214 009
  0.415   0.019   1.103  -0.258   0.912   0.240 20180214 010
  0.224   0.052   1.320  -0.414   0.885   0.362 20180214 011
  0.737   0.138   0.643  -0.007   1.049  -0.131 20180214 012
 -0.022  -0.009   1.162  -0.617   1.291   0.626 20180215 004
 -0.008   0.028   1.230  -0.697   1.208   0.668 20180215 005
 -0.021   0.046   1.291  -0.662   1.159   0.615 20180215 006
  0.018   0.134   1.182  -0.765   1.230   0.631 20180215 007
 -0.042   0.161   1.229  -0.761   1.244   0.600 20180215 008
 -0.027  -0.047   1.163  -0.698   1.294   0.746 20180215 009
 -0.091   0.120   1.247  -0.819   1.273   0.700 20180215 010
 -0.068   0.041   1.232  -0.793   1.267   0.752 20180215 011
  0.121  -0.048   1.159  -0.574   1.151   0.622 20180215 012
 -0.024   0.034   1.210  -0.741   1.243   0.707 20180215 013
 -0.098  -0.069   1.249  -0.698   1.278   0.766 20180215 014
  0.062   0.100   1.126  -0.692   1.242   0.592 20180215 015
 -0.003  -0.095   1.127  -0.699   1.306   0.795 20180215 016
 -0.012   0.108   1.185  -0.923   1.256   0.816 20180216 009
 -0.134  -0.062   1.336  -0.658   1.228   0.721 20180216 010
  0.049  -0.139   1.212  -0.647   1.170   0.785 20180216 011
  0.049  -0.039   1.149  -0.771   1.233   0.809 20180216 012
  0.017  -0.133   1.232  -0.678   1.182   0.811 20180216 013
 -0.030   0.068   1.277  -0.723   1.184   0.655 20180219 010
 -0.067  -0.034   1.200  -0.710   1.298   0.743 20180219 011
  0.066   0.048   1.159  -0.725   1.204   0.676 20180219 013
  0.026   0.029   1.285  -0.732   1.119   0.703 20180220 009
  0.050   0.021   1.163  -0.711   1.217   0.689 20180220 010
  0.030   0.082   1.172  -0.677   1.229   0.595 20180220 013
  0.027  -0.028   1.118  -0.695   1.284   0.723 20180220 014
 -0.019   0.022   1.208  -0.718   1.241   0.695 20180220 015
  0.005   0.095   1.193  -0.724   1.231   0.628 20180220 016
  0.045   0.058   1.218  -0.774   1.167   0.716 20180221 006
 -0.058   0.010   1.251  -0.713   1.236   0.703 20180221 008
 -0.145   0.125   1.243  -0.812   1.332   0.688 20180221 009
 -0.146   0.068   1.266  -0.791   1.309   0.722 20180221 010
 -0.048   0.097   1.199  -0.744   1.280   0.648 20180221 011
 -0.006   0.011   1.218  -0.702   1.219   0.691 20180221 012
 -0.062   0.162   1.225  -0.724   1.266   0.563 20180221 013
  0.067  -0.170   1.088  -0.285   1.275   0.455 20180221 014
  0.055   0.093   1.164  -0.632   1.212   0.538 20180222 011
  0.060   0.100   1.168  -0.652   1.203   0.553 20180222 012
  0.037  -0.025   1.177  -0.676   1.217   0.701 20180222 013
  0.251   0.012   1.116  -0.486   1.062   0.474 20180222 014
  0.013   0.056   1.192  -0.669   1.225   0.613 20180222 015
  0.056  -0.043   1.128  -0.730   1.246   0.772 20180222 016
 -0.006   0.049   1.193  -0.711   1.244   0.662 20180222 017
  0.057   0.030   1.190  -0.699   1.182   0.669 20180222 018
  0.064   0.065   1.173  -0.711   1.193   0.645 20180222 019
 -0.021   0.121   1.232  -0.749   1.220   0.627 20180222 020
 -0.045   0.142   1.199  -0.800   1.275   0.657 20180223 010
  0.121  -0.018   1.090  -0.591   1.220   0.608 20180223 011
  0.231   0.056   1.055  -0.455   1.145   0.398 20180223 012
 -0.036   0.011   1.186  -0.678   1.279   0.667 20180223 013
  0.159  -0.066   1.227  -0.600   1.045   0.665 20180223 014
  0.023   0.124   1.192  -0.626   1.216   0.501 20180223 015
  0.015  -0.020   1.240  -0.678   1.175   0.698 20180223 016
  0.187   0.009   1.075  -0.561   1.167   0.551 20180223 017
  0.014   0.121   1.215  -0.785   1.201   0.664 20180224 003
 -0.034   0.040   1.207  -0.792   1.257   0.753 20180224 004
 -0.105   0.110   1.235  -0.786   1.299   0.675 20180224 005
 -0.020  -0.095   1.054  -0.818   1.396   0.914 20180224 006
 -0.042   0.050   1.207  -0.695   1.264   0.644 20180224 007
  0.091   0.016   1.179  -0.673   1.160   0.656 20180224 008
  0.007   0.075   1.186  -0.778   1.238   0.702 20180224 009
  0.020   0.062   1.222  -0.699   1.189   0.638 20180224 010
 -0.050  -0.051   1.100  -0.683   1.380   0.733 20180307 002
 -0.051   0.115   1.304  -0.724   1.178   0.609 20180307 003
  0.066   0.116   1.148  -0.785   1.217   0.668 20180307 004
 -0.037   0.040   1.226  -0.720   1.242   0.680 20180307 006
  0.736  -0.013   0.848   0.002   0.847   0.011 20180308 002
 -0.069   0.157   1.238   0.755   1.260  -0.912 20180309 001
 -0.010   0.143   1.207   0.749   1.232  -0.893 20180309 002
 -0.507   0.657   0.522  -0.171   2.414  -0.487 20180309 003
 -0.381   0.197   0.978   0.152   1.833  -0.350 20180309 004
 -0.062  -0.001   1.183  -0.717   1.310   0.719 20180309 007
 -0.012   0.102   1.286  -0.663   1.155   0.561 20180309 012
  0.716  -0.039   0.857   0.016   0.856   0.022 20180310 002
 -0.049   0.115   1.270  -0.648   1.208   0.534 20180310 006
  0.655  -0.013   0.922  -0.178   0.852   0.192 20180310 007
 -0.195   0.041   1.316  -0.700   1.309   0.658 20180311 007
 -0.038   0.020   1.274  -0.840   1.195   0.820 20180311 008
 -0.163  -0.035   1.301  -0.696   1.292   0.730 20180311 009
 -0.008   0.075   1.185  -0.614   1.254   0.540 20180311 010
  0.041  -0.051   1.217  -0.668   1.173   0.718 20180312 006
 -0.036  -0.040   1.202  -0.594   1.264   0.633 20180312 007
 -0.020  -0.031   1.255  -0.637   1.194   0.667 20180312 008
 -0.012   0.118   1.206  -0.806   1.237   0.688 20180312 009
 -0.028  -0.045   1.266  -0.660   1.191   0.704 20180312 010
  0.046   0.016   1.188  -0.759   1.196   0.743 20180312 014
  0.067   0.155   1.203  -0.751   1.160   0.597 20180313 007
 -0.050   0.025   1.285  -0.727   1.194   0.703 20180313 008
  0.021   0.005   1.196  -0.743   1.214   0.738 20180313 009
  0.044  -0.118   1.169  -0.647   1.216   0.766 20180313 010
  0.063  -0.032   1.054  -0.631   1.314   0.664 20180313 011
  0.040   0.027   1.214  -0.687   1.176   0.661 20180313 012
 -0.083  -0.058   1.271  -0.627   1.242   0.685 20180313 013
 -0.011   0.010   1.159  -0.704   1.281   0.695 20180313 014
  0.742   0.013   0.851  -0.041   0.837   0.028 20180313 015
  0.761  -0.055   0.848  -0.001   0.820   0.057 20180313 016
  0.699   0.102   0.875  -0.158   0.857   0.056 20180313 017
 -0.139   0.001   1.208  -0.716   1.362   0.715 20180316 007
 -0.036  -0.010   1.314  -0.734   1.153   0.743 20180316 008
  0.035   0.034   1.211  -0.695   1.183   0.662 20180316 009
  0.047   0.001   1.182  -0.613   1.201   0.611 20180316 010
 -0.063   0.005   1.297  -0.681   1.197   0.677 20180316 011
 -0.066   0.043   1.239  -0.777   1.257   0.735 20180316 012
  0.011   0.014   1.267  -0.749   1.153   0.734 20180316 013
  0.743  -0.000   0.836  -0.027   0.850   0.028 20180316 015
  0.754   0.053   0.848  -0.059   0.829   0.006 20180316 016
  0.193   0.033   1.123  -0.640   1.115   0.608 20180317 007
 -0.173  -0.038   1.462  -0.669   1.140   0.707 20180317 008
 -0.198   0.024   1.305  -0.821   1.322   0.797 20180317 009
  0.003   0.022   1.172  -0.595   1.254   0.572 20180317 010
 -0.216   0.092   1.236  -0.677   1.411   0.586 20180317 011
  0.120  -0.117   0.939  -0.682   1.371   0.800 20180317 012
  0.061  -0.003   1.214  -0.567   1.156   0.569 20180319 012
  0.006  -0.121   1.246  -0.655   1.179   0.776 20180319 013
  0.103   0.069   1.156  -0.682   1.170   0.613 20180319 014
 -0.020   0.008   1.195  -0.666   1.256   0.659 20180319 015
 -0.050   0.043   1.246  -0.722   1.235   0.680 20180320 008
  0.744  -0.010   0.842  -0.056   0.844   0.065 20180320 009
 -0.051  -0.009   1.253  -0.715   1.227   0.725 20180320 013
  0.041  -0.082   1.202  -0.581   1.186   0.664 20180320 014
 -0.010   0.024   1.188  -0.692   1.253   0.669 20180320 015
 -0.077   0.093   1.344  -0.801   1.162   0.708 20180321 009
 -0.037  -0.036   1.276  -0.716   1.190   0.753 20180321 010
  0.022   0.077   1.208  -0.622   1.200   0.544 20180321 011
  0.074  -0.005   1.151  -0.684   1.206   0.690 20180321 012
 -0.036  -0.046   1.251  -0.750   1.216   0.797 20180321 013
 -0.059   0.025   1.229  -0.796   1.261   0.770 20180321 014
  0.006   0.069   1.259  -0.779   1.166   0.711 20180321 015
 -0.019   0.107   1.424  -0.741   1.024   0.633 20180321 020
  0.022   0.010   1.281  -0.648   1.128   0.637 20180321 021
 -0.010   0.010   1.203  -0.679   1.237   0.669 20180321 022
  0.086  -0.093   1.037  -0.567   1.306   0.660 20180321 023
  0.066  -0.130   1.289  -0.682   1.076   0.813 20180321 024
  0.117   0.041   1.165  -0.662   1.148   0.620 20180321 025
 -0.084  -0.055   1.300  -0.665   1.214   0.721 20180321 026
 -0.081   0.033   1.217  -0.824   1.294   0.792 20180407 002
 -0.118   0.107   1.300  -0.705   1.248   0.598 20180408 002
  0.039   0.068   1.169  -0.625   1.221   0.558 20180408 003
 -0.017  -0.009   1.306  -0.739   1.140   0.748 20180408 004
 -0.024   0.051   1.206  -0.761   1.249   0.709 20180408 005
 -0.110   0.006   1.305  -0.684   1.234   0.678 20180408 006
 -0.002  -0.011   1.194  -0.663   1.239   0.673 20180408 012
  0.003   0.014   1.231  -0.697   1.197   0.682 20180408 013
 -0.004   0.118   1.250  -0.774   1.184   0.657 20180408 014
 -0.047  -0.004   1.233  -0.685   1.243   0.689 20180408 015
  0.034   0.018   1.238  -0.718   1.159   0.699 20180408 016
  0.008  -0.000   1.285  -0.662   1.138   0.663 20180409 004
  0.071  -0.046   1.139  -0.664   1.219   0.709 20180409 005
  0.046  -0.000   1.213  -0.687   1.171   0.688 20180409 006
  0.013   0.082   1.289  -0.671   1.128   0.590 20180409 008
 -0.084  -0.012   1.277  -0.702   1.236   0.713 20180409 009
  0.051   0.015   1.194  -0.672   1.184   0.657 20180409 010
 -0.092   0.138   1.222  -0.838   1.299   0.699 20180409 011
 -0.070  -0.001   1.258  -0.687   1.241   0.688 20180409 012
 -0.122  -0.057   1.265  -0.696   1.286   0.753 20180409 018
  0.024   0.013   1.258  -0.744   1.147   0.731 20180410 004
 -0.120  -0.050   1.222  -0.692   1.327   0.741 20180410 005
 -0.041   0.042   1.245  -0.677   1.227   0.635 20180410 006
  0.079  -0.004   1.210  -0.670   1.141   0.674 20180410 012
 -0.037   0.061   1.254  -0.708   1.213   0.646 20180411 003
  0.041   0.008   1.270  -0.643   1.120   0.634 20180411 004
 -0.067  -0.059   1.251  -0.699   1.247   0.759 20180411 005
  0.012   0.010   1.151  -0.729   1.266   0.720 20180411 006
 -0.020  -0.020   1.281  -0.679   1.168   0.700 20180411 007
 -0.116  -0.012   1.254  -0.727   1.292   0.740 20180411 008
 -0.109  -0.022   1.342  -0.690   1.196   0.711 20180411 009
  0.008  -0.075   1.197  -0.630   1.225   0.704 20180411 010
 -0.012  -0.055   1.218  -0.685   1.223   0.739 20180411 011
  0.052  -0.020   1.144  -0.699   1.235   0.720 20180411 012
 -0.042   0.049   1.239  -0.814   1.232   0.765 20180411 013
  0.018   0.026   1.206  -0.811   1.206   0.785 20180411 014
  0.038   0.012   1.147  -0.617   1.245   0.606 20180411 015
  0.030   0.049   1.272  -0.701   1.128   0.651 20180411 016
  0.115  -0.033   1.287  -0.640   1.029   0.672 20180411 017
  0.066  -0.002   1.230  -0.658   1.133   0.660 20180411 018
 -0.171  -0.030   1.329  -0.841   1.273   0.870 20180412 007
 -0.049  -0.001   1.231  -0.708   1.249   0.708 20180412 008
  0.118   0.013   1.183  -0.678   1.129   0.666 20180412 010
  0.009   0.011   1.226  -0.673   1.196   0.662 20180412 011
 -0.020   0.066   1.201  -0.715   1.249   0.650 20180412 012
 -0.010   0.089   1.265  -0.701   1.174   0.613 20180412 013
 -0.048   0.027   1.267  -0.719   1.211   0.692 20180412 014
 -0.052   0.070   1.288  -0.786   1.194   0.717 20180412 015
  0.082   0.020   1.222  -0.730   1.126   0.709 20180412 016
 -0.021   0.113   1.133  -0.745   1.318   0.632 20180412 018
  0.028  -0.015   1.314  -0.689   1.088   0.705 20180412 019
 -0.075   0.094   1.255  -0.739   1.251   0.645 20180412 020
  0.130  -0.045   1.145  -0.492   1.156   0.537 20180412 021
 -0.171   0.194   1.242  -0.743   1.360   0.548 20180412 022
 -0.024   0.097   1.270  -0.661   1.183   0.563 20180412 023
 -0.063  -0.027   1.304  -0.735   1.189   0.761 20180413 006
  0.096  -0.016   1.143  -0.568   1.192   0.583 20180413 007
 -0.051   0.008   1.193  -0.683   1.287   0.674 20180414 005
  0.023   0.002   1.193  -0.769   1.213   0.767 20180414 006
  0.059   0.042   1.197  -0.684   1.174   0.643 20180414 007
  0.067  -0.013   1.203  -0.622   1.160   0.636 20180414 008
  0.022   0.059   1.131  -0.710   1.278   0.651 20180414 009
  0.042   0.014   1.182  -0.564   1.206   0.550 20180414 010
 -0.036   0.001   1.192  -0.613   1.273   0.611 20180414 011
  0.075   0.017   1.182  -0.665   1.172   0.647 20180414 012
  0.030   0.002   1.218  -0.668   1.183   0.666 20180414 013
  0.801   0.022   0.893  -0.029   0.737   0.006 20180415 008
  0.715   0.001   0.894   0.002   0.822  -0.003 20180415 009
  0.731  -0.032   0.850   0.005   0.848   0.027 20180415 010
  0.710  -0.005   0.921  -0.006   0.800   0.010 20180415 011
  0.740  -0.020   0.848   0.006   0.842   0.014 20180415 012
  0.750   0.009   0.825  -0.011   0.854   0.001 20180415 013
 -0.101   0.220   1.170  -0.721   1.362   0.502 20180415 016
  0.765   0.013   0.810  -0.007   0.854  -0.005 20180415 017
  0.786  -0.007   0.852  -0.007   0.792   0.013 20180415 018
  0.711  -0.005   0.877  -0.004   0.842   0.010 20180415 019
  0.858  -0.012   0.771   0.004   0.800   0.007 20180415 020
  0.667   0.019   0.931  -0.024   0.831   0.004 20180415 021
  0.736  -0.008   0.887  -0.012   0.808   0.019 20180415 022
  0.068   0.034   1.237  -0.699   1.124   0.664 20180416 007
 -0.074   0.034   1.222  -0.766   1.281   0.731 20180416 008
 -0.040  -0.054   1.195  -0.636   1.276   0.689 20180416 009
  0.015   0.056   1.091  -0.687   1.325   0.632 20180416 010
 -0.011   0.176   1.265  -0.783   1.176   0.606 20180416 011
 -0.002  -0.013   1.014  -0.849   1.419   0.862 20180416 012
  0.034   0.017   1.199  -0.710   1.196   0.694 20180416 014
  0.040  -0.027   1.189  -0.602   1.200   0.628 20180416 015
 -0.028   0.070   1.234  -0.798   1.225   0.728 20180416 017
 -0.096  -0.015   1.248  -0.621   1.277   0.635 20180416 019
  0.098  -0.055   1.167  -0.748   1.165   0.804 20180416 020
 -0.141  -0.088   1.287  -0.628   1.284   0.716 20180416 022
 -0.009   0.006   1.263  -0.686   1.177   0.680 20180416 023
  0.078   0.015   1.212  -0.707   1.140   0.693 20180416 024
 -0.067   0.057   1.195  -0.704   1.302   0.647 20180416 025
 -0.022  -0.028   1.177  -0.694   1.275   0.721 20180416 026
 -0.022   0.035   1.187  -0.690   1.265   0.656 20180416 027
  0.071   0.001   1.024  -0.689   1.335   0.689 20180417 010
 -0.018  -0.043   1.238  -0.624   1.211   0.666 20180417 015
  0.008  -0.056   1.198  -0.673   1.223   0.729 20180417 017
  0.020   0.053   1.181  -0.679   1.229   0.627 20180417 018
  0.031  -0.005   1.305  -0.712   1.093   0.718 20180417 019
 -0.101  -0.068   1.297  -0.679   1.233   0.747 20180417 020
 -0.131   0.047   1.229   0.742   1.331  -0.789 20180418 007
 -0.074   0.020   1.189   0.708   1.315  -0.727 20180418 008
 -0.097   0.009   1.215   0.676   1.311  -0.686 20180418 009
 -0.051   0.111   1.141   0.665   1.341  -0.776 20180418 010
 -0.070   0.019   1.254   0.704   1.246  -0.723 20180418 011
 -0.007  -0.004   1.269   0.678   1.168  -0.674 20180418 012
 -0.006   0.076   1.219   0.693   1.216  -0.769 20180418 013
 -0.095  -0.024   1.208   0.735   1.318  -0.710 20180418 014
  0.076   0.019   1.172   0.726   1.183  -0.745 20180418 015
 -0.024   0.062   1.266   0.778   1.188  -0.841 20180419 008
 -0.046  -0.105   1.276   0.751   1.201  -0.646 20180419 009
 -0.068   0.007   1.226   0.862   1.271  -0.868 20180419 010
 -0.093   0.071   1.244   0.693   1.279  -0.764 20180420 006
  0.012   0.087   1.186   0.657   1.231  -0.743 20180420 007
  0.779  -0.079   0.801   0.026   0.850   0.052 20180420 008
 -0.028  -0.008   1.228   0.735   1.229  -0.728 20180420 009
  0.078   0.041   1.191   0.655   1.162  -0.696 20180420 010
  0.560   0.255   0.893   0.436   0.978  -0.692 20180420 011
  0.067   0.036   1.197   0.674   1.167  -0.710 20180420 012
  0.443   0.128   1.093  -0.390   0.893   0.261 20180421 007
  0.077   0.107   1.277  -0.755   1.076   0.648 20180421 008
  1.195   0.584   0.638  -0.974   0.597   0.389 20180421 009
  0.029  -0.124   1.228  -0.693   1.174   0.816 20180421 010
 -0.032   0.033   1.193  -0.773   1.268   0.740 20180421 011
  0.000  -0.068   1.229  -0.657   1.201   0.725 20180421 012
  0.018  -0.026   1.296  -0.677   1.115   0.704 20180421 013
  0.105   0.056   1.262  -0.592   1.064   0.536 20180421 014
  0.031  -0.048   1.229  -0.649   1.169   0.698 20180423 012
  1.474  -0.056   0.435   0.793   0.521  -0.738 20180423 014
  1.224  -0.090   0.587   0.411   0.619  -0.322 20180423 015
  1.500  -0.051   0.494   0.613   0.436  -0.561 20180423 016
 -0.023   0.001   1.250  -0.685   1.204   0.683 20180423 017
 -0.022   0.017   1.260  -0.783   1.191   0.766 20180424 019
 -0.016   0.014   1.079  -0.766   1.367   0.752 20180424 020
  0.063   0.080   1.250  -0.621   1.117   0.540 20180424 021
 -0.032   0.132   1.245  -0.637   1.217   0.504 20180424 022
 -0.104  -0.643   1.283  -0.361   1.251   1.005 20180505 007
  0.005   0.020   1.248  -0.658   1.176   0.637 20180505 008
  0.019   0.070   1.185  -0.763   1.225   0.694 20180505 009
 -0.021  -0.029   1.221  -0.724   1.229   0.753 20180505 010
  0.012   0.016   1.238  -0.775   1.181   0.760 20180506 009
  0.071  -0.059   1.112  -0.825   1.247   0.883 20180506 010
  0.208   0.074   1.213  -0.466   1.009   0.392 20180506 011
  0.021  -0.025   1.287  -0.654   1.122   0.680 20180506 012
  0.124  -0.055   1.167  -0.592   1.139   0.648 20180507 008
 -0.014  -0.062   1.266  -0.707   1.179   0.769 20180507 009
  0.022   0.039   1.170  -0.718   1.238   0.679 20180507 010
 -0.022   0.080   1.207  -0.779   1.246   0.700 20180507 011
 -0.029  -0.025   1.177  -0.681   1.282   0.705 20180507 012
 -0.019   0.078   1.219  -0.745   1.231   0.668 20180507 013
 -0.081  -0.054   1.309  -0.683   1.202   0.738 20180507 014
 -0.075   0.060   1.193  -0.683   1.311   0.624 20180507 015
  0.080   0.003   1.110  -0.593   1.239   0.589 20180508 007
 -0.091   0.050   1.243  -0.650   1.279   0.600 20180508 008
  0.030   0.045   1.251  -0.569   1.150   0.523 20180508 009
  0.541   0.127   1.052  -0.360   0.836   0.232 20180508 010
 -0.024   0.200   1.134  -0.766   1.319   0.566 20180508 015
 -0.058   0.081   1.192  -0.715   1.297   0.634 20180508 016
 -0.032   0.005   1.198  -0.731   1.265   0.726 20180509 007
 -0.039   0.002   1.219  -0.726   1.251   0.724 20180509 008
 -0.053  -0.034   1.226  -0.627   1.256   0.660 20180509 009
 -0.031  -0.010   1.221  -0.693   1.240   0.704 20180509 010
  0.039   0.014   1.125  -0.760   1.267   0.745 20180510 004
  0.005   0.016   1.257  -0.659   1.169   0.644 20180510 007
  0.039  -0.006   1.207  -0.679   1.183   0.685 20180510 009
  0.021  -0.016   1.142  -0.711   1.267   0.727 20180510 010
 -0.015   0.022   1.228  -0.691   1.218   0.668 20180510 015
  0.010  -0.012   1.203  -0.666   1.218   0.678 20180510 016
 -0.072   0.061   1.241  -0.726   1.260   0.664 20180511 009
  0.020  -0.011   1.226  -0.676   1.184   0.688 20180511 010
 -0.014  -0.030   1.299  -0.771   1.145   0.801 20180511 011
  0.025   0.161   1.251  -0.723   1.155   0.561 20180511 014
 -0.047   0.024   1.106  -0.685   1.371   0.661 20180511 015
 -0.018   0.088   1.265  -0.743   1.182   0.656 20180511 022
 -0.104   0.021   1.258  -0.756   1.276   0.734 20180511 023
 -0.110   0.070   1.211  -0.746   1.328   0.675 20180511 024
  0.022  -0.003   1.187  -0.683   1.221   0.686 20180511 025
 -0.004   0.019   1.251  -0.757   1.183   0.739 20180511 026
 -0.174   0.037   1.402  -0.737   1.203   0.700 20180511 027
 -0.083   0.050   1.231  -0.799   1.281   0.749 20180512 009
 -0.210   0.078   1.222  -0.696   1.418   0.618 20180512 010
  0.104  -0.104   1.134  -0.702   1.192   0.805 20180512 011
  0.006  -0.054   1.174  -0.638   1.250   0.691 20180513 007
  0.272   0.063   1.131  -0.473   1.026   0.409 20180513 008
  0.137   0.110   1.306  -0.707   0.988   0.598 20180513 009
  0.042  -0.023   1.206  -0.687   1.182   0.709 20180513 010
 -0.018   0.001   1.225  -0.552   1.223   0.550 20180513 011
  0.090   0.163   1.305  -0.718   1.036   0.554 20180513 012
 -0.019  -0.070   1.420  -0.658   1.030   0.728 20180513 013
 -0.036   0.060   1.195  -0.767   1.272   0.706 20180513 014
  0.110   0.092   1.350  -0.634   0.969   0.542 20180514 002
  0.041   0.052   1.271  -0.716   1.118   0.664 20180514 011
 -0.047   0.006   1.197  -0.692   1.281   0.687 20180514 012
 -0.020  -0.017   1.257  -0.722   1.192   0.739 20180514 013
  0.067   0.048   1.169  -0.750   1.195   0.701 20180514 014
  0.808   0.018   0.819  -0.041   0.804   0.023 20180514 015
 -0.018   0.018   1.260  -0.779   1.188   0.762 20180515 005
  0.019   0.081   1.212  -0.695   1.200   0.615 20180515 006
 -0.020  -0.005   1.219  -0.694   1.231   0.700 20180515 007
 -0.027   0.035   1.208  -0.701   1.248   0.665 20180515 009
 -0.017   0.015   1.204  -0.695   1.244   0.680 20180515 010
 -0.022   0.100   1.193  -0.708   1.260   0.608 20180515 011
 -0.122   0.100   1.229  -0.668   1.324   0.567 20180515 012
  0.033   0.042   1.284  -0.714   1.113   0.672 20180515 013
 -0.092   0.018   1.224  -0.734   1.299   0.717 20180515 014
  0.039   0.057   1.261  -0.682   1.129   0.625 20180515 015
 -0.041   0.082   1.246  -0.812   1.224   0.731 20180515 016
 -0.075   0.019   1.186  -0.731   1.320   0.712 20180515 017
  0.053   0.079   1.252  -0.733   1.125   0.653 20180515 018
  0.172  -0.205   1.121  -0.655   1.137   0.861 20180515 019
 -0.013  -0.004   1.174  -0.797   1.268   0.800 20180516 009
  0.034   0.057   1.244  -0.742   1.151   0.684 20180516 010
  0.007  -0.059   1.216  -0.726   1.207   0.785 20180516 011
 -0.001  -0.046   1.133  -0.712   1.299   0.758 20180516 012
  0.035  -0.081   1.218  -0.635   1.176   0.716 20180516 016
  0.026   0.126   1.270  -0.817   1.135   0.691 20180516 017
 -0.049   0.063   1.233  -0.708   1.247   0.644 20180516 018
  0.086   0.068   1.196  -0.662   1.147   0.594 20180516 019
  0.028   0.020   1.158  -0.616   1.245   0.597 20180516 020
 -0.003   0.012   1.269  -0.732   1.165   0.720 20180516 021
 -0.028   0.010   1.328  -0.690   1.129   0.679 20180516 022
  0.004   0.121   1.207  -0.763   1.219   0.641 20180516 023
 -0.049   0.115   1.346  -0.794   1.133   0.678 20180517 005
 -0.089   0.027   1.212  -0.639   1.308   0.613 20180517 006
  0.006   0.033   1.270  -0.754   1.154   0.722 20180517 007
  0.031  -0.043   1.256  -0.662   1.143   0.706 20180517 008
  0.048  -0.008   1.154  -0.737   1.228   0.745 20180517 009
 -0.075   0.089   1.158  -0.783   1.346   0.694 20180517 010
  0.050  -0.032   1.282  -0.776   1.097   0.809 20180517 011
  0.002   0.065   1.208  -0.765   1.221   0.700 20180517 012
 -0.068  -0.001   1.324  -0.792   1.175   0.793 20180517 013
 -0.017  -0.001   1.214  -0.762   1.234   0.762 20180517 014
  0.794  -0.015   0.989   0.020   0.646  -0.004 20180517 015
 -0.031  -0.048   1.206  -0.657   1.255   0.706 20180517 017
 -0.113   0.124   1.269  -0.737   1.273   0.614 20180517 018
 -0.017   0.117   1.246  -0.810   1.202   0.694 20180517 019
 -0.125  -0.011   1.307  -0.644   1.247   0.654 20180517 020
 -0.091  -0.042   1.156  -0.783   1.364   0.825 20180517 021
  0.101   0.022   1.142  -0.717   1.188   0.694 20180518 008
  0.020  -0.036   1.185  -0.708   1.225   0.745 20180518 009
  0.032   0.012   1.197  -0.761   1.202   0.750 20180518 010
 -0.053   0.000   1.224  -0.705   1.260   0.705 20180518 011
 -0.003  -0.004   1.286  -0.707   1.148   0.710 20180518 012
 -0.071  -0.038   1.274  -0.640   1.227   0.677 20180518 013
 -0.085   0.032   1.227  -0.705   1.288   0.672 20180518 014
 -0.141  -0.004   1.251  -0.727   1.321   0.732 20180518 016
  0.007  -0.040   1.208  -0.639   1.214   0.680 20180518 019
  0.081   0.039   1.128  -0.717   1.222   0.679 20180519 007
  0.604  -0.006   0.913  -0.163   0.914   0.170 20180519 008
 -0.001   0.090   1.265  -0.619   1.165   0.528 20180519 009
  0.648   0.041   0.950  -0.176   0.831   0.136 20180519 010
  0.443   0.032   0.979  -0.297   1.009   0.264 20180519 011
  0.481   0.006   0.856  -0.187   1.094   0.182 20180519 012
  0.095  -0.014   1.198  -0.655   1.136   0.669 20180519 013
  0.490   0.006   0.998  -0.277   0.943   0.271 20180519 014
  0.451   0.026   0.964  -0.329   1.014   0.304 20180519 015
  0.709   0.049   0.934  -0.108   0.788   0.059 20180519 016
 -0.111   0.012   1.149  -0.674   1.391   0.662 20180520 008
  0.187   0.004   1.142  -0.685   1.101   0.682 20180520 009
  0.192   0.106   1.225  -0.661   1.013   0.555 20180520 010
 -0.075  -0.107   1.209  -0.618   1.297   0.726 20180520 011
 -0.039  -0.070   1.307  -0.744   1.161   0.815 20180520 012
 -0.088  -0.046   1.230  -0.677   1.289   0.723 20180520 013
 -0.065  -0.061   1.549  -0.453   0.947   0.514 20180520 014
 -0.030   0.037   1.266  -0.775   1.194   0.739 20180520 015
  0.112  -0.001   1.146  -0.585   1.171   0.586 20180520 016
  0.653  -0.019   0.858  -0.132   0.920   0.150 20180523 015
  0.593   0.027   0.906  -0.194   0.930   0.168 20180523 016
  0.582   0.027   0.886  -0.194   0.962   0.166 20180523 017
  0.045   0.115   1.204  -0.808   1.182   0.693 20180611 017
 -0.063   0.046   1.224  -0.753   1.270   0.706 20180611 018
 -0.097   0.024   1.223  -0.695   1.304   0.671 20180612 013
 -0.005   0.036   1.156  -0.757   1.280   0.721 20180612 014
 -0.031   0.089   1.193  -0.641   1.269   0.552 20180612 015
 -0.126   0.069   1.258  -0.689   1.297   0.620 20180612 016
 -0.036   0.004   1.248  -0.758   1.218   0.755 20180612 017
 -0.057   0.120   1.209  -0.819   1.279   0.700 20180612 018
 -0.037   0.002   1.221  -0.635   1.247   0.634 20180612 019
  0.041   0.065   1.195  -0.727   1.193   0.663 20180612 020
 -0.032   0.041   1.173  -0.790   1.288   0.750 20180612 021
 -0.021   0.042   1.236  -0.704   1.214   0.662 20180612 022
 -0.006   0.035   1.218  -0.739   1.218   0.705 20180612 023
  0.002   0.008   1.166  -0.794   1.262   0.786 20180613 012
 -0.020   0.070   1.205  -0.804   1.246   0.734 20180613 014
 -0.021   0.046   1.299  -0.670   1.153   0.623 20180613 016
  0.016  -0.056   1.184  -0.669   1.230   0.724 20180613 017
 -0.021   0.036   1.247  -0.758   1.204   0.723 20180613 018
 -0.009  -0.015   1.261  -0.718   1.178   0.732 20180613 019
 -0.036   0.018   1.195  -0.723   1.270   0.706 20180613 020
 -0.019   0.006   1.199  -0.723   1.251   0.717 20180613 021
 -0.039   0.102   1.260  -0.713   1.209   0.612 20180613 022
  0.066   0.038   1.271  -0.720   1.093   0.683 20180613 023
 -0.007  -0.055   1.260  -0.758   1.176   0.813 20180613 024
 -0.023   0.049   1.328  -0.672   1.126   0.624 20180614 013
 -0.019  -0.016   1.202  -0.702   1.248   0.717 20180614 014
 -0.106   0.031   1.320  -0.728   1.215   0.698 20180614 015
 -0.014   0.063   1.248  -0.715   1.196   0.652 20180614 017
  0.055   0.063   1.251  -0.700   1.124   0.636 20180614 024
  0.123   0.021   1.188  -0.602   1.118   0.580 20180618 015
 -0.031   0.020   1.209  -0.834   1.253   0.813 20180618 016
 -0.121  -0.175   1.314  -0.708   1.236   0.883 20180618 017
  0.119  -0.060   1.118  -0.567   1.192   0.627 20180618 018
  0.117   0.044   1.308  -0.647   1.005   0.604 20180618 019
  0.002  -0.005   1.195  -0.751   1.234   0.757 20180619 011
  0.038  -0.038   1.185  -0.667   1.207   0.706 20180619 012
 -0.032   0.043   1.282  -0.738   1.180   0.695 20180705 006
  0.013  -0.051   1.216  -0.737   1.201   0.789 20180705 007
 -0.100   0.029   1.269  -0.722   1.261   0.694 20180705 008
 -0.066   0.043   1.165  -0.711   1.330   0.668 20180705 009
  0.094  -0.046   1.138  -0.667   1.197   0.712 20180705 010
  0.037  -0.012   1.222  -0.644   1.170   0.657 20180705 011
 -0.034  -0.021   1.390  -0.396   1.074   0.416 20180707 007
 -0.047  -0.048   1.271  -0.604   1.207   0.651 20180708 004
 -0.086   0.042   1.257  -0.648   1.259   0.607 20180708 005
  0.024  -0.088   1.237  -0.661   1.168   0.750 20180708 006
  0.031   0.040   1.230  -0.786   1.168   0.745 20180708 007
 -0.126   0.094   1.074  -0.845   1.481   0.751 20180708 008
  0.043   0.054   1.070  -0.818   1.317   0.765 20180709 013
  0.171   0.176   1.182  -0.822   1.076   0.646 20180712 012
 -0.105  -0.124   1.323  -0.623   1.212   0.746 20180712 013
  0.058   0.002   1.125  -0.512   1.246   0.510 20180712 014
  0.798   0.223   1.956  -0.180  -0.325  -0.042 20180714 007
  0.003   0.071   1.139  -0.799   1.287   0.728 20180714 008
 -0.042   0.126   1.252  -0.749   1.220   0.623 20180714 009
 -0.007  -0.025   1.244  -0.685   1.194   0.709 20180715 007
  0.135  -0.068   1.098  -0.520   1.198   0.589 20180717 010
 -0.116  -0.040   1.396  -0.733   1.151   0.772 20180717 011
  0.038   0.018   1.270  -0.624   1.121   0.607 20180808 025
 -0.130   0.013   1.235  -0.676   1.324   0.662 20180810 009
 -0.037   0.021   1.328  -0.717   1.139   0.696 20180810 010
 -0.074  -0.013   1.147  -0.100   1.356   0.113 20180810 011
  0.016   0.084   1.228  -0.742   1.187   0.657 20180814 008
 -0.082  -0.208   1.286  -0.647   1.227   0.856 20180815 016
  0.073   0.053   1.184  -0.730   1.174   0.677 20180815 017
 -0.001  -0.014   1.264  -0.648   1.167   0.663 20180815 018
 -0.025  -0.040   1.127  -0.755   1.329   0.795 20180820 017
  0.070   0.052   1.120  -0.583   1.239   0.532 20180820 018
 -0.116   0.093   1.191  -0.689   1.356   0.596 20180820 020
  0.219   0.098   1.214  -0.727   0.998   0.630 20180820 022
  0.103  -0.003   1.149  -0.551   1.179   0.553 20180820 023
  0.122  -0.038   1.136  -0.636   1.171   0.675 20180821 018
 -0.053  -0.121   1.149  -0.666   1.335   0.788 20180821 019
  0.009   0.065   1.238  -0.767   1.183   0.702 20180821 021
  0.141  -0.077   1.093  -0.592   1.195   0.670 20180821 022
 -0.102   0.073   1.198  -0.739   1.333   0.667 20180821 023
  0.171  -0.001   1.129  -0.515   1.129   0.515 20180821 028
  0.068  -0.053   1.189  -0.635   1.172   0.688 20180822 020
  0.033  -0.016   1.189  -0.687   1.207   0.702 20180822 021
  0.039   0.007   1.192  -0.550   1.199   0.543 20180822 022
 -0.031   0.067   1.230  -0.739   1.232   0.671 20180822 023
  0.103  -0.211   1.276  -0.635   1.052   0.846 20180823 018
  0.001  -0.032   1.218  -0.754   1.211   0.785 20180905 024
 -0.199   0.020   1.360  -0.653   1.269   0.632 20180905 025
  0.015  -0.087   1.262  -0.738   1.153   0.826 20180910 015
 -0.009   0.015   1.211  -0.636   1.227   0.620 20180910 016
 -0.073  -0.050   1.210  -0.708   1.292   0.757 20180910 017
 -0.094  -0.020   1.277  -0.771   1.247   0.791 20180910 018
 -0.068   0.043   1.226  -0.692   1.273   0.648 20180910 020
  0.156   0.147   1.277  -0.725   0.998   0.578 20180910 021
 -0.004   0.011   1.305  -0.662   1.128   0.652 20180910 022
  0.246  -0.021   1.305  -0.666   0.878   0.686 20180910 023
  0.047  -0.093   1.178  -0.569   1.204   0.663 20180910 024
  0.120  -0.038   1.114  -0.604   1.197   0.643 20180911 016
 -0.007   0.017   1.118  -0.612   1.320   0.594 20180911 017
  0.176   0.087   1.290  -0.671   0.963   0.584 20180911 018
 -0.099  -0.115   1.462  -0.743   1.067   0.857 20180911 019
 -0.014  -0.019   1.122  -0.586   1.322   0.606 20180911 020
 -0.123   0.053   1.333  -0.645   1.221   0.592 20180911 021
  0.089  -0.003   1.160  -0.710   1.181   0.713 20180911 022
  0.065   0.039   1.140  -0.675   1.224   0.636 20180911 023
  0.173   0.111   1.375  -0.744   0.882   0.633 20180911 024
 -0.069  -0.085   1.339  -0.632   1.159   0.716 20180911 025
 -0.203   0.104   1.227  -0.744   1.405   0.640 20180911 026
 -0.041   0.107   1.245  -0.752   1.225   0.644 20180912 017
  0.047   0.085   1.175  -0.807   1.208   0.723 20180912 018
  0.036  -0.048   1.216  -0.628   1.177   0.675 20180912 019
  0.004   0.077   1.232  -0.803   1.195   0.726 20180912 020
  0.074  -0.030   1.178  -0.724   1.177   0.753 20180912 021
 -0.040   0.034   1.217  -0.627   1.254   0.594 20180912 022
 -0.023   0.053   1.174  -0.745   1.279   0.692 20180912 025
 -0.043  -0.046   1.282  -0.663   1.191   0.710 20180912 026
 -0.087  -0.132   1.280  -0.686   1.238   0.818 20180912 027
 -0.064   0.003   1.229  -0.713   1.265   0.711 20180912 028
 -0.022   0.127   1.288  -0.738   1.163   0.611 20180913 018
 -0.222  -0.012   1.282  -0.596   1.371   0.609 20180913 019
  0.000  -0.119   1.216  -0.704   1.214   0.822 20180913 021
 -0.016   0.045   1.287  -0.688   1.158   0.644 20180913 022
 -0.041  -0.118   1.170  -0.768   1.300   0.886 20180914 015
 -0.079   0.022   1.215  -0.685   1.295   0.662 20180914 016
  0.125   0.120   1.312  -0.662   0.993   0.541 20180914 017
  0.297   0.041   1.099  -0.639   1.035   0.598 20180915 014
  0.102   0.077   1.275  -0.742   1.053   0.666 20180915 015
  0.091   0.083   1.187  -0.734   1.152   0.650 20180915 016
 -0.092  -0.069   1.359  -0.631   1.164   0.700 20180915 017
 -0.102   0.086   1.242  -0.683   1.289   0.598 20180915 018
 -0.067  -0.068   1.317  -0.688   1.180   0.757 20180915 019
 -0.018  -0.015   1.239  -0.733   1.208   0.747 20180915 022
 -0.045  -0.126   1.266  -0.691   1.208   0.818 20180915 023
 -0.057  -0.053   1.187  -0.712   1.299   0.765 20181003 009
 -0.007   0.003   1.187  -0.752   1.250   0.750 20181003 010
  0.075  -0.050   0.732  -0.383   1.622   0.434 20181003 011
 -0.246   0.088   1.089  -0.555   1.588   0.467 20181004 010
 -0.147  -0.073   1.327  -0.546   1.251   0.619 20181005 012
 -0.146   0.003   1.378  -0.562   1.197   0.559 20181005 013
 -0.050   0.045   1.218  -0.691   1.262   0.645 20181005 014
  0.037   0.058   1.259  -0.707   1.133   0.648 20181005 017
 -0.027   0.019   1.168  -0.645   1.290   0.625 20181005 018
 -0.031   0.019   1.208  -0.624   1.254   0.605 20181005 019
  0.090  -0.047   1.182  -0.597   1.158   0.645 20181010 014
 -0.020   0.013   1.205  -0.682   1.244   0.670 20181010 015
 -0.060  -0.018   1.291  -0.684   1.200   0.701 20181010 016
 -0.058  -0.056   1.269  -0.657   1.219   0.712 20181010 017
  0.022  -0.012   1.121  -0.613   1.286   0.625 20181010 018
 -0.098  -0.047   1.289  -0.708   1.239   0.754 20181010 019
 -0.023  -0.035   1.185  -0.750   1.267   0.785 20181010 025
 -0.040  -0.040   1.218  -0.726   1.252   0.766 20181010 027
  0.029  -0.025   1.191  -0.732   1.210   0.757 20181010 028
 -0.112   0.067   1.251  -0.744   1.290   0.676 20181010 029
 -0.031  -0.125   1.270  -0.757   1.190   0.883 20181011 007
 -0.036  -0.103   1.113  -0.671   1.352   0.775 20181011 008
 -0.025   0.026   1.182  -0.632   1.274   0.605 20181011 009
 -0.037   0.089   1.225  -0.711   1.241   0.622 20181011 010
  0.011   0.096   1.139  -0.661   1.279   0.565 20181011 011
 -0.055   0.064   1.161  -0.835   1.324   0.770 20181011 012
 -0.002  -0.106   1.019  -0.728   1.413   0.833 20181011 013
 -0.096   0.185   1.259  -0.860   1.268   0.676 20181011 014
 -0.049  -0.064   1.165  -0.756   1.315   0.821 20181011 015
  0.011  -0.005   1.222  -0.613   1.197   0.619 20181011 016
  0.030  -0.048   1.157  -0.707   1.243   0.755 20181011 017
 -0.022   0.025   1.172  -0.755   1.279   0.731 20181014 009
 -0.086   0.007   1.243  -0.742   1.272   0.735 20181014 010
 -0.076  -0.058   1.147  -0.672   1.359   0.730 20181014 011
 -0.317   0.212   1.290  -0.861   1.458   0.650 20181014 012
  0.021  -0.020   1.209  -0.716   1.201   0.736 20181014 013
 -0.040  -0.032   1.229  -0.772   1.242   0.804 20181014 014
 -0.060   0.009   1.239  -0.624   1.252   0.614 20181014 015
 -0.145   0.043   1.306  -0.742   1.269   0.698 20181014 016
 -0.156   0.005   1.272  -0.667   1.313   0.662 20181014 017
  0.082   0.021   1.130  -0.662   1.218   0.641 20181014 018
 -0.042   0.004   1.213  -0.627   1.260   0.623 20181014 019
 -0.001  -0.046   1.188  -0.825   1.242   0.870 20181030 013
  0.021   0.029   1.184  -0.720   1.224   0.690 20181114 020
  0.017   0.068   1.204  -0.755   1.210   0.688 20181115 017
 -0.010  -0.051   1.184  -0.688   1.257   0.740 20181116 015
 -0.013   0.037   1.139  -0.759   1.305   0.723 20181117 010
  0.111   0.197   1.230  -0.849   1.088   0.652 20181118 019
 -0.091   0.015   1.264  -0.694   1.258   0.679 20181118 020
 -0.025  -0.091   1.238  -0.579   1.218   0.671 20181119 015
 -0.079   0.023   1.235  -0.776   1.274   0.754 20181119 016
 -0.116  -0.002   1.237  -0.718   1.309   0.721 20181120 012
 -0.015  -0.018   1.208  -0.664   1.238   0.683 20181120 013
 -0.046  -0.032   1.276  -0.729   1.199   0.762 20181102 007
 -0.076  -0.057   1.229  -0.631   1.276   0.688 20181102 008
 -0.049   0.201   1.238  -0.773   1.241   0.571 20181102 009
 -0.013   0.091   0.999  -1.003   1.444   0.911 20181102 010
 -0.015   0.007   1.165  -0.719   1.280   0.713 20181102 011
  0.068   0.072   1.179  -0.629   1.182   0.558 20181102 012
 -0.021   0.102   1.255  -0.727   1.195   0.626 20181102 013
 -0.018  -0.078   1.263  -0.639   1.186   0.716 20181102 014
 -0.078   0.034   1.259  -0.783   1.250   0.748 20181102 015
 -0.060  -0.045   1.278  -0.738   1.211   0.782 20181102 016
  0.013   0.040   1.193  -0.709   1.225   0.670 20181103 012
 -0.040   0.062   1.205  -0.713   1.266   0.650 20181104 012
  0.010  -0.004   1.185  -0.716   1.235   0.720 20181104 013
 -0.099   0.035   1.280  -0.726   1.248   0.691 20181106 008
  0.102   0.038   1.199  -0.719   1.129   0.680 20181106 009
 -0.055  -0.004   1.221  -0.714   1.264   0.717 20181106 010
  0.133  -0.032   1.185  -0.652   1.113   0.684 20181106 011
  0.019  -0.058   1.297  -0.692   1.113   0.749 20181106 012
  0.007  -0.030   1.249  -0.722   1.173   0.753 20181106 013
  0.053  -0.109   1.102  -0.668   1.275   0.778 20181106 014
  0.124   0.048   1.168  -0.713   1.137   0.664 20181106 015
  0.184  -0.031   1.142  -0.636   1.104   0.666 20181106 016
  0.034  -0.030   1.235  -0.739   1.160   0.770 20181107 008
 -0.068  -0.034   1.233  -0.685   1.266   0.718 20181107 009
 -0.016   0.002   1.231  -0.667   1.214   0.665 20181107 010
 -0.022  -0.007   1.251  -0.704   1.202   0.711 20181107 011
 -0.132   0.007   1.285  -0.686   1.277   0.678 20181107 012
  0.093  -0.047   1.238  -0.675   1.099   0.723 20181107 013
  0.003   0.020   1.232  -0.678   1.194   0.659 20181107 014
  0.034  -0.062   1.205  -0.643   1.192   0.705 20181107 015
 -0.058  -0.025   1.244  -0.746   1.244   0.772 20181107 016
 -0.082   0.020   1.261  -0.674   1.250   0.654 20181107 017
 -0.065   0.003   1.119  -0.781   1.377   0.779 20181107 018
  0.019   0.011   1.235  -0.720   1.176   0.708 20181108 008
 -0.062  -0.085   1.275  -0.747   1.218   0.833 20181108 009
  0.025  -0.022   1.145  -0.701   1.260   0.723 20181108 010
 -0.068   0.045   1.244  -0.755   1.255   0.709 20181108 011
 -0.015  -0.128   1.180  -0.651   1.266   0.779 20181108 016
 -0.082  -0.007   1.186  -0.627   1.325   0.634 20181108 017
 -0.032  -0.155   1.233  -0.663   1.229   0.818 20181108 018
 -0.071   0.086   1.207  -0.860   1.293   0.775 20181108 019
 -0.053  -0.080   1.201  -0.683   1.281   0.762 20181108 020
  0.008   0.059   1.244  -0.816   1.178   0.757 20181108 021
 -0.109  -0.060   1.284  -0.655   1.254   0.715 20181109 008
 -0.071  -0.033   1.189  -0.755   1.311   0.789 20181109 009
 -0.023  -0.065   1.296  -0.664   1.156   0.730 20181109 010
 -0.030   0.017   1.253  -0.665   1.206   0.649 20181111 018
  0.069  -0.012   1.209  -0.747   1.152   0.760 20181111 019
  0.067   0.025   1.206  -0.644   1.158   0.618 20181111 020
  0.033   0.096   1.254  -0.782   1.144   0.685 20181111 021
  0.029   0.011   1.252  -0.635   1.148   0.623 20181112 013
  0.051  -0.076   1.188  -0.661   1.192   0.737 20181112 014
 -0.037   0.000   1.233  -0.730   1.233   0.730 20181112 015
 -0.086  -0.039   1.278  -0.626   1.238   0.664 20181114 012
  0.104  -0.083   1.122  -0.628   1.205   0.712 20181114 013
 -0.057  -0.074   1.275  -0.704   1.213   0.779 20181114 014
  0.029   0.012   1.171  -0.724   1.229   0.711 20181114 015
 -0.072  -0.077   1.243  -0.708   1.260   0.785 20181114 016
 -0.024  -0.026   1.245  -0.719   1.208   0.744 20181114 017
  0.011  -0.036   1.022  -0.606   1.398   0.641 20181115 013
 -0.032   0.115   1.206  -0.672   1.256   0.557 20181115 014
  0.109  -0.164   1.004  -0.533   1.316   0.698 20181115 015
  0.203   0.020   1.127  -0.373   1.100   0.352 20181115 016
  0.097   0.083   1.211  -0.690   1.121   0.608 20181127 009
  0.130   0.081   1.367  -0.720   0.934   0.639 20181127 010
  0.086  -0.132   1.234  -0.637   1.111   0.770 20181127 011
  0.002  -0.003   1.282  -0.749   1.145   0.751 20181128 008
  0.008   0.051   1.294  -0.601   1.129   0.550 20181128 009
 -0.052   0.014   1.235  -0.763   1.246   0.748 20181128 010
 -0.076   0.101   1.297  -0.734   1.208   0.632 20181128 011
 -0.095   0.051   1.302  -0.704   1.224   0.652 20181128 012
  0.028   0.044   1.234  -0.730   1.167   0.685 20181128 013
  0.014   0.075   1.258  -0.762   1.157   0.687 20181128 014
 -0.007   0.019   1.167  -0.756   1.269   0.736 20181129 007
 -0.032   0.042   1.227  -0.717   1.236   0.675 20181129 008
 -0.062  -0.030   1.321  -0.736   1.172   0.766 20181129 011
 -0.047  -0.131   1.194  -0.703   1.283   0.833 20181129 012
  0.035   0.029   1.170  -0.654   1.225   0.626 20181129 013
  0.051  -0.000   1.242  -0.720   1.137   0.721 20181130 011
  0.039  -0.034   1.187  -0.682   1.204   0.716 20181130 012
 -0.023   0.035   1.251  -0.754   1.201   0.718 20181130 013
 -0.094  -0.005   1.197  -0.704   1.327   0.710 20181130 014
  0.021   0.007   1.207  -0.715   1.202   0.709 20181130 015
 -0.098  -0.075   1.326  -0.712   1.203   0.787 20181130 017
 -0.030   0.014   1.207  -0.665   1.252   0.651 20181130 018
 -0.026  -0.000   1.233  -0.707   1.222   0.708 20181130 019
 -0.078  -0.074   1.308  -0.661   1.199   0.736 20181130 020
  0.130   0.008   1.132  -0.694   1.167   0.687 20181130 021
 -0.806  -0.011   1.615  -1.431   1.622   1.443 20181202 013
 -0.006   0.001   1.236  -0.714   1.201   0.712 20181202 014
 -0.050   0.020   1.220  -0.760   1.261   0.741 20181202 015
 -0.089   0.056   1.235  -0.738   1.284   0.682 20181202 016
 -0.033  -0.086   1.211  -0.687   1.252   0.773 20181202 017
 -0.012   0.053   1.202  -0.775   1.241   0.721 20181202 018
  0.048  -0.014   1.243  -0.694   1.138   0.709 20181202 019
 -0.053   0.036   1.270  -0.663   1.214   0.626 20181202 020
  0.019  -0.069   1.247  -0.638   1.165   0.706 20181202 021
  0.013   0.057   1.280  -0.784   1.138   0.726 20181202 022
 -0.012  -0.065   1.229  -0.716   1.214   0.781 20181202 023
  0.120   0.093   1.196  -0.781   1.114   0.687 20181203 012
 -0.058   0.026   1.178  -0.748   1.310   0.721 20181203 013
  0.065  -0.031   1.174  -0.752   1.190   0.783 20181203 014
 -0.011  -0.000   1.288  -0.680   1.152   0.681 20181203 015
 -0.034  -0.026   1.184  -0.661   1.279   0.686 20181203 016
 -0.030  -0.022   1.210  -0.717   1.250   0.739 20181203 017
 -0.138   0.049   1.288  -0.731   1.280   0.683 20181203 018
 -0.120   0.057   1.117  -0.648   1.433   0.590 20181203 019
  0.013   0.084   1.120  -0.502   1.298   0.417 20181203 020
 -0.029   0.061   1.326  -0.712   1.133   0.651 20181203 021
  0.090   0.024   1.229  -0.797   1.112   0.774 20181203 022
 -0.019  -0.021   1.168  -0.667   1.281   0.689 20181204 013
 -0.069  -0.011   1.209  -0.654   1.289   0.665 20181204 014
  0.082   0.003   1.192  -0.694   1.155   0.690 20181204 015
  0.032  -0.038   1.185  -0.728   1.213   0.765 20181204 016
 -0.043   0.023   1.263  -0.740   1.209   0.718 20181204 017
 -0.097  -0.027   1.275  -0.703   1.252   0.730 20181204 018
 -0.091  -0.027   1.163  -0.773   1.358   0.801 20181204 019
  0.036  -0.043   1.215  -0.644   1.179   0.687 20181204 020
  0.017   0.063   1.108  -0.720   1.304   0.657 20181204 021
  0.050   0.004   1.246  -0.666   1.133   0.663 20181204 022
  0.076  -0.041   1.134  -0.720   1.219   0.761 20181204 023
 -0.006   0.036   1.210  -0.742   1.227   0.705 20181204 027
 -0.070   0.036   1.230  -0.737   1.269   0.700 20181204 028
 -0.056  -0.019   1.154  -0.741   1.333   0.761 20181204 029
 -0.035  -0.023   1.245  -0.643   1.219   0.666 20181204 030
  0.039  -0.043   1.264  -0.638   1.127   0.681 20181205 011
  0.115  -0.082   1.091  -0.608   1.225   0.689 20181205 012
 -0.023  -0.075   1.269  -0.711   1.183   0.787 20181205 013
  0.020   0.085   1.208  -0.679   1.203   0.593 20181205 014
  0.036  -0.057   1.208  -0.712   1.187   0.768 20181205 015
 -0.024  -0.140   1.180  -0.694   1.275   0.835 20181205 017
 -0.024  -0.090   1.323  -0.771   1.130   0.861 20181205 018
  0.096   0.114   1.191  -0.710   1.142   0.597 20181205 019
 -0.034   0.091   1.314  -0.811   1.149   0.719 20181205 026
  0.032   0.134   1.238  -0.661   1.161   0.527 20181205 027
 -0.006  -0.096   1.333  -0.802   1.104   0.898 20181210 007
 -0.160   0.010   1.338  -0.629   1.253   0.619 20181210 008
 -0.308  -0.096   1.493  -0.548   1.245   0.645 20181210 009
 -0.026  -0.119   1.265  -0.688   1.190   0.807 20181210 010
 -0.050  -0.020   1.332  -0.564   1.148   0.584 20181210 011
 -0.004   0.125   1.328  -0.751   1.107   0.626 20181210 012
  0.098  -0.168   1.114  -0.733   1.217   0.900 20181210 013
  0.112  -0.051   1.208  -0.714   1.110   0.764 20181210 014
 -0.016   0.087   1.244  -0.655   1.202   0.568 20181210 015
 -0.032  -0.055   1.069  -0.648   1.394   0.703 20181210 024
 -0.005   0.050   1.177  -0.715   1.257   0.666 20181210 028
 -0.071  -0.068   1.294  -0.677   1.207   0.746 20181211 010
  0.030  -0.004   1.185  -0.722   1.214   0.726 20181211 015
 -0.036   0.038   1.213  -0.657   1.252   0.618 20181213 014
 -0.002  -0.018   1.226  -0.706   1.205   0.723 20181214 013
 -0.014  -0.007   1.238  -0.774   1.206   0.782 20181214 014
 -0.065   0.052   1.227  -0.716   1.267   0.665 20181214 015
 -0.134  -0.094   1.196  -0.644   1.369   0.739 20181214 016
 -0.106   0.014   1.239  -0.788   1.296   0.775 20181214 018
  0.014   0.014   1.180  -0.722   1.235   0.709 20181214 019
  0.179  -0.011   1.045  -0.669   1.206   0.679 20181215 029
 -0.007   0.074   1.224  -0.732   1.212   0.658 20181215 030
 -0.013  -0.086   1.230  -0.695   1.212   0.780 20181215 031
 -0.028   0.110   1.273  -0.745   1.186   0.635 20181215 032
  0.012  -0.031   1.293  -0.794   1.125   0.824 20181215 033
  0.081  -0.039   1.160  -0.693   1.190   0.731 20181215 034
 -0.120   0.046   1.266  -0.744   1.283   0.697 20181215 035
  0.080   0.010   1.194  -0.687   1.157   0.676 20181215 036
 -0.054   0.034   1.245  -0.681   1.238   0.646 20181219 006
 -0.062   0.015   1.259  -0.724   1.233   0.709 20181219 007
 -0.086   0.016   1.263  -0.732   1.252   0.716 20181219 008
 -0.044  -0.006   1.262  -0.727   1.213   0.733 20181219 009
 -0.077   0.108   1.256  -0.765   1.250   0.657 20181220 014
  0.094  -0.047   1.247  -0.558   1.090   0.605 20181225 008
 -0.026   0.105   1.278  -0.681   1.177   0.577 20181225 009
  0.154   0.015   1.163  -0.651   1.114   0.635 20181226 007
 -0.009  -0.032   1.248  -0.626   1.192   0.658 20181226 008
  0.060  -0.036   1.195  -0.597   1.176   0.632 20181226 009
  0.045   0.024   1.171  -0.761   1.214   0.737 20181226 010
  0.028  -0.049   1.179  -0.558   1.222   0.606 20181226 011
  0.032   0.016   1.182  -0.683   1.216   0.667 20181227 003
  0.050  -0.080   1.251  -0.736   1.128   0.815 20181227 004
 -0.004  -0.018   1.215  -0.698   1.219   0.716 20181227 005
 -0.037  -0.031   1.234  -0.773   1.232   0.803 20181227 006
 -0.035  -0.010   1.219  -0.605   1.245   0.616 20181227 007
 -0.070   0.042   1.294  -0.676   1.206   0.635 20181228 011
  0.022   0.011   1.177  -0.696   1.230   0.685 20181228 012
 -0.024  -0.056   1.198  -0.752   1.257   0.809 20181228 013
  0.025   0.051   1.284  -0.725   1.121   0.673 20181228 014
 -0.060   0.090   1.138  -0.822   1.351   0.733 20181228 015
 -0.102  -0.091   1.357  -0.731   1.175   0.821 20181228 016
  0.003   0.030   1.363  -0.796   1.064   0.766 20181228 017
 -0.016  -0.064   1.262  -0.699   1.185   0.764 20181231 013
