0.200311
0.169239
0.149803
0.179399
0.324299
0.159201
0.114553
0.146415
0.207882
0.276094
0.346236
0.209119
0.307726
0.306764
0.416544
0.300093
0.382799
0.191791
0.347969
0.201681
0.358455
0.159975
0.256665
0.307233
0.177075
0.47265
0.220138
0.106975
0.181662
0.411795
0.362091
0.379138
0.0527517
0.342272
0.292826
0.494681
0.51573
0.0783101
0.0261413
0.415292
0.384908
0.498889
0.31755
0.31755
0.322418
0.180143
0.312215
0.331034
0.216053
0.299158
0.341685
0.239454
0.235044
0.67425
0.269811
0.587329
0.322547
0.356137
0.286442
0.304071
0.636817
0.618561
0.262868
0.409471
0.345164
0.607185
0.579674
0.436144
0.33645
0.588393
0.145438
0.147848
0.167952
0.660906
0.113166
0.238728
0.231308
0.380486
0.131942
0.143283
0.103527
0.505945
0.591034
0.154365
0.276986
0.508029
0.398812
0.308513
0.275494
0.239093
0.156183
0.629622
0.402783
0.373221
0.553748
0.227366
0.0926645
0.282322
0.330842
0.486519
0.357705
0.493596
0.512793
0.57981
0.573699
0.442034
0.511466
0.474646
0.461004
0.185536
0.145792
0.210239
0.223266
0.31486
0.385547
0.862193
0.0468957
0.882033
0.293187
0.163743
0.115123
0.29775
0.320008
0.42268
0.317892
0.321363
0.23429
0.661643
0.267041
0.217747
0.109208
0.207644
0.122767
0.178724
0.296505
0.14459
0.443844
0.594765
0.131791
0.11367
0.100309
0.233375
0.222723
0.433606
0.16314
0.0692098
0.168107
0.00235493
0.478212
0.370217
0.255934
0.461626
0.718475
0.173824
0.159133
0.428526
0.437779
0.845174
0.0844127
0.320679
0.325336
0.376093
0.25461
0.307803
0.27344
0.212503
0.342375
0.483454
0.43112
0.428806
0.566678
0.588102
0.0374951
0.439264
0.558098
0.645012
0.0487163
0.291213
0.231328
0.145901
0.26347
0.246116
0.32147
1.65426
0.206107
0.376664
0.320449
0.0164853
0.579943
0.232974
0.436101
0.430489
0.542704
0.443156
0.296966
0.263711
0.388511
0.266324
0.327815
0.103852
0.171829
0.14467
0.491665
0.497527
0.431263
0.410754
0.465257
0.424013
0.249206
0.382282
0.179721
0.392769
0.271469
0.313287
0.280946
0.339528
0.405933
0.619275
0.23711
0.187738
0.284649
0.561464
0.295312
0.215171
0.313324
0.348844
0.0988374
0.211998
0.145921
0.174287
0.117348
0.276769
0.330256
0.754092
0.323177
0.700869
0.577317
0.379873
0.451115
0.508456
0.535987
0.489928
0.400451
0.479928
0.483247
0.286998
0.483479
0.258351
0.748722
0.525617
0.505446
0.39157
0.414683
0.202252
0.535628
0.299594
0.322844
0.306197
0.24732
0.11013
0.608095
0.287286
0.194633
0.256533
0.334495
0.278542
0.220509
0.104126
0.154844
0.241389
0.29553
0.190626
0.0955788
0.345457
0.441799
0.483925
0.438515
0.782056
0.460839
0.409041
0.313947
0.189084
0.244874
1.04669
0.396507
0.172991
0.189421
0.293817
0.470365
0.298126
0.236126
0.362464
0.110014
0.373775
0.371399
0.289257
0.0333591
0.135138
0.298336
0.289175
0.294771
0.187645
0.204189
0.371728
0.551077
0.413576
0.0620404
0.255894
0.302392
0.54154
0.308219
0.323683
0.399425
0.234884
0.642738
0.0426601
0.415782
0.401033
0.351514
0.438137
0.366281
0.181657
0.408594
0.863284
0.429794
0.283911
0.422916
0.438991
0.47287
0.410666
0.435232
0.327707
0.459187
0.757885
0.560691
0.395622
0.359342
0.332413
0.551372
0.380422
0.415993
0.340798
0.409419
0.5343
0.19253
0.428829
0.221061
0.256275
0.501977
0.64043
0.314064
0.276367
0.42963
0.362347
0.314529
0.349963
0.342948
0.659805
0.410218
0.37011
0.356763
0.37665
0.270688
0.318209
0.174041
0.216075
0.294597
0.118297
0.195962
0.276018
0.309962
0.184834
0.220122
0.353014
0.478607
0.38533
0.667969
0.722607
0.538067
0.356135
0.667315
0.452094
0.612407
0.563535
0.13137
0.610418
0.333496
0.422422
0.549198
0.442759
0.319653
0.547904
0.251237
0.585654
0.329484
0.197896
0.3619
0.331571
0.556683
0.492416
0.143459
0.261856
0.101261
0.188722
0.30701
0.0767715
0.311033
0.546971
0.379671
0.381706
0.229371
0.258008
0.561647
0.628205
0.418919
0.445549
0.443436
0.326803
0.80359
0.582489
0.550052
0.500123
0.321535
0.399957
0.462565
0.339826
0.605677
0.278976
0.483427
0.473616
0.499003
0.389781
0.528574
0.40053
0.316224
0.341784
0.39834
0.326884
0.338995
0.447366
0.25261
0.22576
0.338358
0.342945
0.412432
0.274787
0.355508
0.378173
0.217293
0.364221
0.264327
0.305546
0.394331
0.238539
0.306564
0.322711
0.261529
0.23889
0.301147
0.0515677
0.276198
0.240864
0.458195
0.529914
0.219102
0.237532
0.189322
0.364581
0.428025
0.321596
0.419962
0.400115
0.307486
0.385541
0.419152
0.176702
0.294818
0.33339
0.473947
0.240689
0.340872
0.382856
0.393948
0.156972
0.445941
0.40119
0.297735
0.395245
0.233773
0.175317
0.178906
0.249326
0.334714
0.347559
0.310046
0.223319
0.461237
0.387724
0.297528
0.399039
0.212964
0.330336
0.216626
0.389751
0.429791
0.224864
0.284574
0.278669
0.169422
0.25576
0.429857
0.55171
0.35121
0.456852
0.572726
0.361732
0.281101
0.346205
0.200193
0.213505
0.226178
0.478054
0.389662
0.32302
0.418885
0.345404
0.347232
0.335768
0.542684
0.499452
0.532952
0.47214
0.342864
0.371801
0.452654
0.526397
0.288316
0.249776
0.301167
0.3659
0.338814
0.350539
0.247618
0.315142
0.232348
0.404413
0.28329
0.338948
0.266042
0.23687
0.178533
0.424214
0.313553
0.357782
0.296374
0.522611
0.248416
0.476136
0.398939
0.404147
0.265587
0.233091
0.325264
0.571197
0.378131
0.295257
0.318537
0.221207
0.368922
0.445288
0.395033
0.223326
0.329603
0.41595
0.474152
0.282107
0.340505
0.25405
0.221501
0.234859
0.211092
0.255059
0.383261
0.26215
0.313735
0.296939
0.431702
0.399965
0.611037
0.371754
0.432272
0.296712
0.227404
0.227187
0.281636
0.249498
0.303398
0.222005
0.396643
0.262583
0.237184
0.473275
0.291822
0.369288
0.251667
0.257464
0.357098
0.279975
0.484358
0.306008
0.194962
0.324286
0.312118
0.244162
0.262585
0.371265
0.225128
0.275219
0.300764
0.181953
0.205255
0.170945
0.322931
0.261668
0.200444
0.341266
0.313901
0.246878
0.363449
0.334509
0.3379
0.330453
0.276803
0.213191
0.33072
0.298407
0.359464
0.351191
0.30153
0.284541
0.247942
0.342745
0.123352
0.323806
0.215811
0.307769
0.288509
0.329229
0.179975
0.249217
0.274511
0.27733
0.255785
0.262515
0.406251
0.266003
0.386794
0.19716
0.270991
0.346468
0.297283
0.28969
0.168376
0.195702
0.327969
0.219326
0.526334
0.211891
0.164114
0.363933
0.226119
0.140269
0.158055
0.306712
0.183775
0.190885
0.374
0.421494
0.33342
0.553032
0.442436
0.408468
0.322664
0.361448
0.324239
0.406005
0.28759
0.649029
0.266576
0.346516
0.470979
0.462873
0.312449
0.309431
0.489012
0.27945
0.299667
0.322575
0.439314
0.377358
0.331077
0.271381
0.279238
0.389878
0.313823
0.431189
0.377949
0.235076
0.230183
0.281591
0.386737
0.327219
0.227453
0.231174
0.24947
0.322344
0.224375
0.211275
0.148533
0.178146
0.12978
0.258739
0.286768
0.305523
0.245886
0.255194
0.271674
0.260537
0.245427
0.390837
0.457614
0.477439
0.343474
0.28796
0.35823
0.325495
0.312087
0.42758
0.381984
0.383473
0.331769
0.456742
0.532591
0.25187
0.264853
0.291855
0.469703
0.279926
0.237325
0.266261
0.174462
0.257013
0.211654
0.204264
0.278132
0.247574
0.404894
0.244373
0.280423
0.167409
0.227405
0.24079
0.226372
0.191169
0.338271
0.266844
0.200327
0.381775
0.294515
0.258738
0.319121
0.142099
0.0129839
0.359992
0.288799
0.675426
0.341378
0.434774
0.287078
0.457921
0.29892
0.415193
0.240885
0.216593
0.225727
0.201752
0.17175
0.280357
0.33054
0.34827
0.54856
0.421543
0.460009
0.655525
0.403195
0.579609
0.442505
0.379153
0.239015
0.408784
0.372588
0.269998
0.376181
0.381003
0.318943
0.278379
0.345883
0.297873
0.281768
0.18298
0.210712
0.144706
0.266148
0.251943
0.162818
0.309042
0.382317
0.336083
0.385224
0.350823
0.267141
0.253707
0.437331
0.250342
0.335366
0.171782
0.379991
0.300555
0.308183
0.326653
0.308116
0.286032
0.377852
0.441536
0.396122
0.396519
0.340351
0.333789
0.370117
0.436193
0.388107
0.378352
0.391747
0.312821
0.244271
0.255346
0.215679
0.253933
0.332604
0.332348
0.23071
0.546713
0.336262
0.278006
0.241388
0.492067
0.226444
0.256523
0.249543
0.258191
0.284534
0.22059
0.2635
0.292855
0.228421
0.330508
0.227924
0.315306
0.19989
0.352625
0.244478
0.237502
0.217344
0.252689
0.328061
0.379665
0.370967
0.373381
0.221184
0.278205
0.250393
0.242559
0.290556
0.303103
0.357512
0.248729
0.306047
0.268537
0.41341
0.174496
0.382966
0.344267
0.14818
0.319426
0.235427
0.393993
0.470302
0.233062
0.160579
0.273611
0.228141
0.22279
0.209011
0.172424
0.154076
0.240417
0.17932
0.507939
0.424333
0.295974
0.339849
0.323746
0.414358
0.58484
0.336367
0.505208
0.18363
0.356066
0.249281
0.269764
0.323003
0.293594
0.286686
0.335506
0.258065
0.364442
0.439075
0.426367
0.273324
0.251932
0.339324
0.318707
0.193144
0.336916
0.370047
0.343496
0.360666
0.281893
0.263426
0.323473
0.246881
0.42921
0.214792
0.176601
0.238116
0.26211
0.339962
0.324263
0.293767
0.298368
0.292328
0.330538
0.306386
0.328086
0.313086
0.334861
0.21747
0.186725
0.285861
0.384293
0.262577
0.283323
0.295589
0.312144
0.29431
0.236515
0.306833
0.244246
0.221856
0.748961
0.275743
0.312868
0.325871
0.357903
0.340844
0.254121
0.262088
0.333152
0.231944
0.403651
0.343153
0.195994
0.332983
0.38007
0.283124
0.163816
0.234493
0.330135
0.201543
0.213769
0.170044
0.154483
0.13953
0.138157
0.267663
0.135378
0.158789
0.205296
0.175175
0.270452
0.198136
0.211112
0.20829
0.502035
0.559361
0.564808
0.351231
0.468449
0.341293
0.223475
0.302878
0.666925
0.457131
0.396314
0.34789
0.237217
0.212157
0.334782
0.327004
0.244705
0.285143
0.16195
0.274352
0.445194
0.393329
0.450025
0.294015
0.372362
0.309598
0.303279
0.272672
0.358576
0.181174
0.178319
0.289579
0.337379
0.271329
0.36796
0.416306
0.476873
0.52603
0.39342
0.344832
0.48004
0.417785
0.280677
0.474533
0.429347
0.603206
0.418144
0.363503
0.298982
0.234815
0.378468
0.505757
0.610603
0.32834
0.500736
0.362758
0.234833
0.34975
0.253885
0.360609
0.430222
0.388088
0.418552
0.338838
0.407494
0.233718
0.30811
0.323726
0.217505
0.200323
0.215504
0.863639
0.137088
0.42474
0.218991
0.606233
0.235537
0.279222
0.382752
0.427466
0.341614
0.367362
0.400224
0.341238
0.278795
0.317878
0.293468
0.304538
0.391001
0.187718
0.252404
0.238197
0.377295
0.294864
0.29804
0.427393
0.381661
0.469883
0.289871
0.345659
0.386044
0.376998
0.431449
0.312134
0.285716
0.347398
0.415171
0.443625
0.553775
0.293778
0.404111
0.32474
0.427524
0.435823
0.167692
0.197021
0.608557
0.402643
0.397648
0.362482
0.581655
0.330598
0.388033
0.366765
0.289542
0.307321
0.57462
0.496584
0.436982
0.472765
0.424303
0.318137
0.454694
0.283411
0.224804
0.291455
0.324994
0.332605
0.361942
0.303321
0.446543
0.442629
0.460447
0.557826
0.325278
0.60332
0.328412
0.258822
0.338177
0.315974
0.277386
0.19435
0.265245
0.270973
0.330139
0.495311
0.485624
0.260557
0.322094
0.400269
0.338527
0.442695
0.267686
0.385331
0.369444
0.493181
0.391932
0.249024
0.147228
0.37752
0.264126
0.28794
0.373973
0.386357
0.394197
0.285497
0.254495
0.272835
0.491101
0.409578
0.450829
0.598161
0.398176
0.540253
0.502442
0.409548
0.358466
0.43602
0.643735
0.579489
0.324206
0.506593
0.43665
0.439976
0.333606
0.288521
0.316966
0.475119
0.597857
0.657949
0.444293
0.348397
0.306778
0.370115
0.52704
0.608956
0.428617
0.384999
0.27404
0.504727
0.373503
0.313507
0.256738
0.321774
0.288457
0.361676
0.504427
0.375487
0.505695
0.19021
0.318019
0.338311
0.400912
0.172007
0.292368
0.339306
0.161964
0.32748
0.269287
0.314668
0.2747
0.295717
0.15304
0.317613
0.363598
0.296863
0.274425
0.534648
0.54424
0.388546
0.401876
0.47435
0.438501
0.454517
0.398593
0.31511
0.260154
0.586704
0.460221
0.496864
0.871117
0.526398
0.370411
0.481861
0.496464
0.346232
0.251528
0.292777
0.483946
0.523934
0.4584
0.394234
0.326084
0.267194
0.300188
0.462496
0.40577
0.40768
0.246506
0.171638
0.295776
0.417992
0.196321
0.35198
0.304345
0.29943
0.253702
0.279921
0.238065
0.36036
0.388384
0.445548
0.373945
0.342834
0.483261
0.394383
0.301503
0.265304
0.294144
0.377107
0.399413
0.376528
0.398294
0.371225
0.347804
0.434146
0.537898
0.1755
0.141546
0.202807
0.907884
0.699938
1.09769
0.346545
0.169863
0.368278
0.0928539
0.592973
0.422328
0.21862
0.35431
0.258163
0.399903
0.279346
0.312114
0.161751
0.287997
0.355184
0.32898
0.428763
0.530212
0.290413
0.344268
0.309666
0.610143
0.546434
0.440014
0.496463
0.435406
0.252855
0.295391
0.399842
0.352727
0.269114
0.193878
0.329406
0.379556
0.286884
0.187783
0.411749
0.496885
0.491036
0.284159
0.419059
0.306897
0.428339
0.439151
0.329065
0.389737
0.496772
0.342101
0.199183
0.141021
0.201403
0.364484
0.780619
0.750938
0.263007
0.284384
0.314434
0.332361
0.383501
0.349684
0.560675
0.514626
0.44785
0.334007
0.254025
0.265988
0.159071
0.178515
0.139109
0.186462
0.371643
0.385769
0.276703
0.455823
0.217868
0.446309
0.413501
0.195833
0.259657
0.223852
0.373513
0.205898
0.229668
0.361686
0.411084
0.448613
0.420871
0.391368
0.274711
0.38684
0.392937
0.414724
0.403894
0.405755
0.57643
0.624698
0.446302
0.488697
0.530901
0.466513
0.459742
0.400895
0.429528
0.503772
0.884637
0.62033
0.4293
0.628463
0.434841
0.375909
0.531113
0.387189
0.362968
0.282243
0.421935
0.332411
0.290127
0.314443
0.276853
0.325549
0.366617
0.349692
0.418072
0.397073
0.373483
0.283034
0.413068
0.484312
0.339319
0.35424
0.330138
0.339652
0.220311
0.263765
0.335264
0.269783
0.437878
0.473693
0.499577
0.513561
0.34679
0.380497
0.343909
0.594681
0.265045
0.287436
0.593168
0.547054
0.61545
0.542842
0.570441
0.504714
0.53866
0.664953
0.879971
0.976826
0.592288
0.280821
0.857864
0.179031
0.17537
0.208765
0.364556
0.250011
0.329008
0.416032
0.560966
0.232531
0.404827
0.24158
0.228941
0.46702
0.163692
0.274905
0.421
0.381018
0.573888
0.459997
0.448954
0.341829
0.265098
0.48642
0.329878
0.393666
0.325115
0.253165
0.319478
0.274248
0.422432
0.290967
0.317731
0.40034
0.282079
0.301604
0.276921
0.238373
0.269594
0.241383
0.337208
0.337986
0.268409
0.523175
0.265672
0.421373
0.216368
0.319156
0.561722
0.480728
0.461799
0.376423
0.433306
0.367217
0.216625
0.431906
0.354669
0.457746
0.355415
0.271464
0.20248
0.264426
0.415643
0.33964
0.286667
0.429244
0.372325
0.421978
0.400093
0.335055
0.370113
0.481666
0.252547
0.549787
0.290596
0.250355
0.545878
0.359433
0.32314
0.305055
0.338865
0.357957
0.430682
0.440484
0.373561
0.416029
0.430317
0.346886
0.468158
0.309687
0.376053
0.392629
0.224305
0.333954
0.375019
0.358851
0.320767
0.337517
0.267806
0.331431
0.122079
0.6046
0.173168
0.278133
0.332898
0.459776
0.329849
0.571122
0.914114
0.471901
0.407204
0.489793
0.226322
0.327367
0.506948
0.327262
0.468008
0.460819
0.27181
0.245936
0.155585
0.229278
0.097138
0.168689
0.125772
0.294373
0.431688
0.418556
0.358126
0.436641
0.424743
0.499142
0.276687
0.266761
0.432938
0.40305
0.461001
0.384047
0.500062
0.448566
0.455021
0.362989
0.376265
0.364842
0.464087
0.602518
0.2409
0.441802
0.452235
0.356004
0.250086
0.311202
0.492462
0.375436
0.427647
0.388467
0.269248
0.320849
0.274265
0.474839
0.255983
0.401932
0.359939
0.259456
0.340342
0.498034
0.387647
0.529712
0.356272
0.47308
0.389195
0.521085
0.343177
0.382128
0.227112
0.351684
0.559899
0.487269
0.626916
0.324112
0.386884
0.448962
0.498088
0.467752
0.229295
0.26184
0.403378
0.535466
0.403639
0.382681
0.414163
0.408701
0.462862
0.418736
0.349875
0.372052
0.424434
0.252558
0.257674
0.270045
0.437491
0.62577
0.469373
0.310466
0.306235
0.447363
0.430991
0.473463
0.402972
0.400384
0.357816
0.310631
0.417249
0.414442
0.362978
0.283737
0.512367
0.298532
0.310883
0.424494
0.590971
0.532362
0.317679
0.555047
0.519629
0.430661
0.452258
0.353105
0.365621
0.414753
0.390602
0.516817
0.493805
0.396983
0.440858
0.42773
0.270899
0.458917
0.445433
0.358681
0.303349
0.543038
0.179191
0.209145
0.204157
0.545069
0.299869
0.508477
0.260916
0.266195
0.212144
0.416528
0.185046
0.25193
0.289774
0.252656
0.19807
0.543842
0.453844
0.548313
0.371523
0.385381
0.418075
0.35537
0.381994
0.302952
0.170702
0.335541
0.308829
0.354061
0.371043
0.4458
0.379415
0.266478
0.37029
0.38788
0.349179
0.290619
0.559194
0.538257
0.597393
0.549245
0.436789
0.487804
0.382705
0.668624
0.278046
0.32324
0.339304
0.224358
0.392422
0.408702
0.415457
0.499764
0.373909
0.413846
0.408289
0.552166
0.384841
0.315914
0.267895
0.223926
0.221969
0.24631
0.250344
0.278469
0.479137
0.452026
0.543505
0.310729
0.590075
0.394618
0.176163
0.281717
0.201347
0.400047
0.318007
0.223668
0.302677
0.202434
0.185061
0.272861
0.307934
0.194007
0.275699
0.235431
0.238412
0.243612
0.295443
0.282868
0.20414
0.274524
0.354579
0.392244
0.278764
0.36342
0.323667
0.460985
0.389427
0.374397
0.573313
0.519249
0.588761
0.443528
0.385578
0.51133
0.428148
0.265592
0.339874
0.388466
0.392663
0.341204
0.28014
0.358743
0.367734
0.329492
0.329997
0.234415
0.345641
0.284623
0.293264
0.284439
0.295322
0.285579
0.262967
0.329934
0.51945
0.365609
0.400394
0.364145
0.290629
0.3169
0.312
0.338671
0.340157
0.237248
0.49107
0.32134
0.29934
0.283875
0.341781
0.41818
0.364262
0.386135
0.362196
0.450844
0.548127
0.657492
0.81341
0.769584
0.784193
0.750047
1.08791
1.14397
1.24068
0.734682
0.663595
1.21885
0.501412
0.396714
0.485066
0.396196
0.756493
0.775901
0.542558
0.443916
0.556492
0.40014
0.79888
0.351466
1.43159
0.590301
0.462999
0.407144
0.338781
0.522116
0.37416
0.409248
0.364549
0.429139
0.326449
0.465267
0.430621
0.43967
0.439887
0.455389
0.452122
0.39286
0.357375
0.388362
0.43963
0.435155
0.289065
0.515491
0.435923
0.500667
0.347742
0.463276
0.18399
0.467184
0.453336
0.655971
0.320797
0.487236
0.463606
0.450694
0.420693
0.339882
0.336835
0.434521
0.357126
0.355048
0.432602
0.453437
0.414765
0.436574
0.414347
0.304327
0.332888
0.257133
0.216108
0.284031
0.261033
0.120496
0.162807
0.292203
0.430872
0.321619
0.33872
0.399459
0.322286
0.198609
0.277096
0.27945
0.30851
0.485624
0.387958
0.438498
0.336791
0.309863
0.196018
0.431368
0.44333
0.567221
0.501945
0.356842
0.391641
0.516491
0.425051
0.34527
0.373935
0.320382
0.224635
0.409972
0.485376
0.364473
0.310987
0.358203
0.370133
0.31026
0.336024
0.210317
0.251891
0.289074
0.266047
0.495593
0.460936
0.512681
0.384725
0.418668
0.425582
0.448007
0.421338
0.515567
0.479276
0.376177
0.397122
0.423008
0.360343
0.285216
0.379791
0.439158
0.320565
0.341985
0.384704
0.323631
0.394232
0.39745
0.392761
0.340609
0.257288
0.37899
0.203614
0.392365
0.438627
0.765725
0.507467
0.500206
0.325737
0.438952
0.413228
0.388419
0.456737
0.428112
0.417068
0.634299
0.439443
0.459865
0.410938
0.387959
0.380057
0.378618
0.528212
0.347235
0.40557
0.263858
0.38099
0.390629
0.426577
0.375772
0.34084
0.28098
0.333891
0.187746
0.317644
0.454125
0.417463
0.486049
0.464896
0.408751
0.249157
0.431229
0.411657
0.455287
0.455557
0.395548
0.367485
0.343626
0.394126
0.516401
0.319707
0.477258
0.341631
0.415981
0.23404
0.318171
0.308062
0.421534
0.400596
0.330284
0.454761
0.492497
0.344527
0.478825
0.367754
0.38716
0.385995
0.36022
0.574991
0.621508
0.54235
0.499154
0.456896
0.308985
0.349349
0.315404
0.373896
0.3355
0.321695
0.330822
0.263403
0.387543
0.371683
0.357059
0.416929
0.343023
0.379621
0.443228
0.343545
0.272435
0.295061
0.271508
0.396866
0.414895
0.38925
0.381133
0.400434
0.490734
0.400523
0.489512
0.435384
0.546047
0.654678
0.575948
0.499166
0.451803
0.539841
0.403394
0.375368
0.490705
0.520102
0.558364
0.419526
0.485153
0.385555
0.396178
0.55828
0.412217
0.507354
0.489791
0.356256
0.33597
0.441786
0.373079
0.475581
0.395233
0.657087
0.450476
0.601495
0.496928
0.58291
0.470774
0.439346
0.473296
0.449298
0.254765
0.33056
0.386555
0.440025
0.505426
0.372496
0.497135
0.454453
0.402155
0.500356
0.436898
0.327122
0.379559
0.312707
0.427414
0.507448
0.372683
0.38649
0.50429
0.388744
0.499403
0.425176
0.497533
0.476212
0.485461
0.452185
0.572823
0.408438
0.406809
0.447477
0.382729
0.390618
0.47578
0.372404
0.465804
0.439117
0.37529
0.436073
0.292214
0.305906
0.39858
0.37138
0.348124
0.372121
0.386049
0.343788
0.220151
0.347268
0.401359
0.358368
0.421982
0.422504
0.37074
0.45087
0.434688
0.504722
0.582929
0.679537
0.456344
0.441411
0.449511
0.48327
0.424512
0.460244
0.385323
0.477918
0.456677
0.363902
0.543619
0.610003
0.528292
0.593576
0.372044
0.550969
0.339479
0.419881
0.377099
0.62166
0.486914
0.37218
0.496016
0.486531
0.387143
0.436006
0.396689
0.500912
0.446
0.454967
0.467497
0.388158
0.42698
0.571261
0.417635
0.401688
0.356605
0.592576
0.564769
0.360009
0.465172
0.28089
0.340753
0.349446
0.342413
0.382214
0.442463
0.357171
0.448817
0.346495
0.348094
0.446509
0.353199
0.278579
0.397023
0.428388
0.544982
0.40967
0.259859
0.243271
0.386479
0.423156
0.443303
0.410886
0.440845
0.387707
0.396142
0.369155
0.344748
0.473621
0.495405
0.467032
0.523008
0.515406
0.456028
0.549006
0.261851
0.312559
0.319932
0.471465
0.394289
0.378827
0.341405
0.257983
0.36027
0.293361
0.325773
0.336208
0.393054
0.277741
0.350078
0.388072
0.430394
0.430864
0.348943
0.416435
0.519478
0.331143
0.311922
0.422692
0.501741
0.552891
0.500446
0.469096
0.451553
0.544874
0.37376
0.439572
0.306414
0.594566
0.488189
0.433719
0.429885
0.480673
0.434392
0.4451
0.396705
0.36679
0.441943
0.582558
0.44824
0.454455
0.463968
0.374127
0.336598
0.39626
0.425238
0.356259
0.506132
0.524129
0.581738
0.472244
0.430236
0.467038
0.522736
0.450281
0.319448
0.446069
0.412746
0.465023
0.351657
0.465678
0.456197
0.343745
0.539122
0.527778
0.477998
0.396436
0.465864
0.381714
0.374025
0.420721
0.363017
0.518388
0.502566
0.400147
0.431761
0.488696
0.348008
0.412985
0.438796
0.483773
0.41884
0.495315
0.305894
0.398821
0.339701
0.285967
0.241036
0.257029
0.344266
0.546273
0.441837
0.397035
0.346601
0.265073
0.336748
0.37071
0.443977
0.508625
0.517308
0.491898
0.438992
0.477829
0.446366
0.483603
0.472351
0.286052
0.431439
0.399654
0.49814
0.428918
0.381583
0.39468
0.374699
0.488805
0.327975
0.471606
0.414165
0.254984
0.431575
0.305483
0.375074
0.58344
0.524668
0.375138
0.349388
0.255301
0.286882
0.40385
0.485267
0.277715
0.294789
0.440435
0.448327
0.337482
0.353914
0.396369
0.384875
0.278153
0.389764
0.442872
0.303668
0.277947
0.246345
0.31835
0.292544
0.401042
0.338794
0.374242
0.375515
0.365613
0.30005
0.412725
0.370129
0.43331
0.46117
0.366046
0.433803
0.337403
0.481974
0.422497
0.450313
0.480063
0.336
0.466319
0.470394
0.435494
0.416985
0.459791
0.366654
0.490953
0.441865
0.468759
0.467231
0.507142
0.526029
0.367307
0.456964
0.461221
0.364436
0.502924
0.404425
0.428608
0.448141
0.469838
0.337932
0.406298
0.487573
0.420169
0.507821
0.437548
0.343767
0.369685
0.440879
0.324715
0.325822
0.362335
0.513848
0.375193
0.484995
0.350112
0.60156
0.341653
0.389615
0.421508
0.475688
0.358515
0.348543
0.392748
0.48277
0.707943
0.374996
0.405235
0.416421
0.353857
0.450307
0.544466
0.529019
0.328011
0.377036
0.383953
0.396486
0.429303
0.386827
0.503724
0.222868
0.301784
0.481704
0.445105
0.469538
0.742168
0.484028
0.57847
0.409111
0.388844
0.308729
0.475141
0.426348
0.380773
0.642243
0.505117
0.422539
0.455814
0.473818
0.438076
0.471514
0.39135
0.475904
0.385784
0.48883
0.350926
0.520244
0.500306
0.487789
0.460985
0.472791
0.476414
0.412
0.426481
0.438921
0.381344
0.404371
0.448089
0.413946
0.360106
0.380041
0.229653
0.333115
0.207457
0.460568
0.38795
0.317801
0.375988
0.414043
0.293054
0.364455
0.329703
0.272912
0.3318
0.421196
0.380738
0.397117
0.308376
0.394205
0.283143
0.309905
0.337023
0.370612
0.382118
0.553177
0.495376
0.412924
0.36357
0.413202
0.389142
0.419148
0.364425
0.368607
0.33054
0.368432
0.366623
0.402912
0.392653
0.363023
0.272753
0.363215
0.328885
0.51117
0.388511
0.337382
0.434971
0.407019
0.42144
0.28909
0.265093
0.27192
0.274655
0.343195
0.388297
0.350046
0.408371
0.434032
0.395278
0.372743
0.435803
0.422366
0.280201
0.320514
0.466506
0.428342
0.363291
0.24803
0.253103
0.227165
0.228603
0.320282
0.295195
0.371825
0.223883
0.292021
0.185539
0.341071
0.300351
0.414298
0.27503
0.267882
0.298199
0.364797
0.346106
0.375302
0.315732
0.31353
0.395668
0.412017
0.30155
0.330384
0.292089
0.344348
0.447784
0.362918
0.534318
0.333003
0.342659
0.408496
0.426377
0.356237
0.390498
0.349524
0.430531
0.415714
0.313749
0.426303
0.519538
0.338759
0.363931
0.289089
0.379077
0.342183
0.443642
0.28473
0.345158
0.409939
0.468127
0.425621
0.347697
0.397124
0.371254
0.372397
0.430815
0.388399
0.413048
0.296603
0.257967
0.392816
0.277669
0.388308
0.266249
0.275501
0.293212
0.331072
0.228637
0.222959
0.311252
0.254513
0.266767
0.324135
0.247651
0.343497
0.33168
0.410301
0.394764
0.406241
0.260944
0.269548
0.23763
0.400943
0.294674
0.348054
0.246275
0.339867
0.269753
0.388573
0.393029
0.332812
0.328033
0.391871
0.361253
0.339374
0.329049
0.391856
0.269376
0.311396
0.268251
0.330242
0.388601
0.295947
0.290724
0.262224
0.309311
0.337361
0.378641
0.418915
0.331931
0.329003
0.332934
0.435389
0.33739
0.306217
0.303763
0.314558
0.336483
0.357791
0.342818
0.372247
0.303929
0.362182
0.35739
0.515732
0.38967
0.403549
0.403271
0.331015
0.375044
0.451185
0.353392
0.461652
0.195072
0.290846
0.323385
0.368424
0.229126
0.268336
0.216991
0.320731
0.402814
0.401591
0.275406
0.272361
0.330245
0.302306
0.351104
0.324503
0.258819
0.330168
0.325463
0.365038
0.410829
0.401032
0.395601
0.487764
0.295354
0.430258
0.322763
0.301894
0.292905
0.673577
0.501865
0.543228
0.480953
0.313799
0.213469
0.299073
0.374574
0.269696
0.297894
0.268767
0.258467
0.25303
0.240966
0.354269
0.311646
0.279438
0.267443
0.266792
0.218402
0.253666
0.296458
0.408061
0.28846
0.254528
0.24436
0.316177
0.276763
0.279851
0.391446
0.390241
0.379216
0.307326
0.586918
0.414903
0.307802
0.447093
0.441541
0.358151
0.415045
0.383984
0.411661
0.41086
0.489013
0.35081
0.354861
0.32771
0.477599
0.360433
0.35627
0.381052
0.285397
0.325473
0.292908
0.447338
0.458123
0.518909
0.253968
0.375355
0.373006
0.372562
0.419875
0.182227
0.404711
0.260046
0.328109
0.304825
0.325114
0.44768
0.500467
0.408418
0.438106
0.338102
0.328667
0.37404
0.37628
0.335344
0.283274
0.554592
0.39642
0.429299
0.405941
0.458094
0.259773
0.432158
0.328017
0.314641
0.369698
0.301167
0.340627
0.378906
0.475297
0.294705
0.328285
0.358422
0.353838
0.445354
0.269847
0.351009
0.311358
0.335005
0.290012
0.251199
0.309743
0.2343
0.3001
0.293303
0.293024
0.22447
0.297346
0.260778
0.407273
0.271159
0.309585
0.363085
0.273587
0.335837
0.406466
0.354335
0.355824
0.331229
0.380998
0.38191
0.26462
0.282985
0.221099
0.270989
0.289479
0.253134
0.245149
0.238573
0.247935
0.264761
0.274918
0.30331
0.23132
0.179279
0.166598
0.249587
0.14766
0.225788
0.24519
0.299359
0.25038
0.251544
0.268343
0.240812
0.246803
0.340319
0.307252
0.21768
0.250649
0.273148
0.37654
0.330592
0.336471
0.308673
0.366111
0.350209
0.47937
0.335193
0.380253
0.409196
0.43152
0.451986
0.214629
0.290899
0.323096
0.313408
0.368588
0.257611
0.240472
0.333304
0.206216
0.230753
0.220121
0.237589
0.267139
0.279256
0.239871
0.364651
0.421004
0.287515
0.440482
0.46423
0.310188
0.332951
0.317872
0.255413
0.454308
0.336855
0.559892
0.313624
0.26581
0.355174
0.285906
0.299135
0.31228
0.227868
0.226365
0.238845
0.212762
0.325017
0.366453
0.238785
0.287141
0.251186
0.295417
0.325777
0.342435
0.447777
0.388449
0.399261
0.374852
0.404656
0.471728
0.299986
0.338491
0.428156
0.435935
0.390397
0.38986
0.320158
0.366965
0.434531
0.319164
0.315885
0.333308
0.304395
0.212633
0.275693
0.201401
0.272901
0.210422
0.222368
0.298415
0.237919
0.326681
0.268334
0.263892
0.27547
0.30524
0.307145
0.415916
0.281443
0.362261
0.370565
0.314436
0.395227
0.264741
0.335457
0.40994
0.387546
0.351883
0.205278
0.318479
0.407572
0.272764
0.288907
0.387886
0.306532
0.322208
0.369755
0.283913
0.326704
0.356793
0.332079
0.336042
0.262943
0.315279
0.276741
0.315282
0.373838
0.347027
0.337797
0.302591
0.372342
0.43865
0.332785
0.356659
0.370332
0.365767
0.37076
0.37327
0.368997
0.371666
0.453838
0.450233
0.460353
0.414164
0.409203
0.374554
0.334167
0.375573
0.449202
0.347244
0.372447
0.456071
0.369509
0.419069
0.3388
0.301787
0.373889
0.38928
0.378661
0.444241
0.402396
0.410853
0.423103
0.295409
0.26987
0.315666
0.339267
0.319775
0.32884
0.387163
0.357305
0.371525
0.410218
0.344674
0.402338
0.41892
0.414925
0.392183
0.228201
0.298031
0.325352
0.291129
0.268344
0.330995
0.238527
0.308749
0.378304
0.280699
0.280719
0.258169
0.270343
0.274554
0.246513
0.220426
0.292558
0.304801
0.248909
0.255504
0.282334
0.217743
0.193289
0.310347
0.174304
0.220123
0.126606
0.224411
0.180146
0.184894
0.236166
0.222914
0.216989
0.282958
0.245837
0.203137
0.341961
0.366721
0.361704
0.295042
0.277333
0.229889
0.30521
0.252212
0.338065
0.350585
0.282439
0.313232
0.380061
0.37042
0.382643
0.309234
0.305801
0.448048
0.372638
0.382373
0.298267
0.323693
0.400623
0.309284
0.329584
0.399626
0.362816
0.339111
0.366372
0.27462
0.22006
0.328166
0.283629
0.273959
0.236477
0.206658
0.240498
0.301341
0.206185
0.294973
0.221759
0.303655
0.230616
0.207036
0.229311
0.332941
0.335291
0.475069
0.238743
0.208215
0.15328
0.29364
0.325736
0.250545
0.228348
0.266235
0.379551
0.179155
0.262967
0.227324
0.191159
0.230004
0.319026
0.250941
0.227975
0.292965
0.237542
0.366869
0.37962
0.344014
0.414424
0.316152
0.314615
0.287196
0.325013
0.546211
0.421981
0.435927
0.42273
0.359209
0.340117
0.318513
0.313385
0.35518
0.337695
0.405899
0.422117
0.404319
0.343177
0.40835
0.285217
0.232737
0.310357
0.371939
0.259268
0.355737
0.294905
0.228245
0.218125
0.241557
0.282201
0.330098
0.381447
0.302144
0.349109
0.278607
0.280175
0.265152
0.28798
0.222179
0.243896
0.213538
0.295743
0.278778
0.23592
0.269991
0.231708
0.358883
0.286776
0.395645
0.2649
0.180083
0.246007
0.299138
0.322253
0.285359
0.352505
0.375685
0.268137
0.271141
0.290722
0.191488
0.291276
0.387302
0.357613
0.454566
0.385199
0.276504
0.43084
0.48182
0.449317
0.351016
0.343657
0.336634
0.313229
0.292905
0.190916
0.328229
0.335528
0.252738
0.272396
0.311747
0.342626
0.195285
0.18612
0.285286
0.276671
0.309313
0.328889
0.299091
0.354081
0.310211
0.357153
0.308908
0.267067
0.38872
0.543948
0.59619
0.360451
0.405162
0.42676
0.381887
0.387764
0.302123
0.364764
0.408923
0.409985
0.383257
0.415134
0.378232
0.349911
0.311427
0.309727
0.376954
0.423913
0.432544
0.369883
0.361865
0.386117
0.465368
0.327564
0.375933
0.381318
0.396209
0.360154
0.422838
0.322082
0.427377
0.548995
0.488244
0.583681
0.487848
0.512778
0.603778
0.392829
0.306841
0.293137
0.294343
0.30426
0.335269
0.409219
0.356418
0.438894
0.290562
0.441914
0.353489
0.262812
0.335295
0.283289
0.435253
0.295401
0.448492
0.239542
0.437701
0.333292
0.400284
0.375899
0.380313
0.502357
0.322095
0.443986
0.542017
0.547461
0.488608
0.465021
0.427781
0.417868
0.401385
0.356334
0.388499
0.453059
0.563298
0.505118
0.411454
0.550965
0.382142
0.557922
0.449864
0.479472
0.432418
0.386649
0.38457
0.467101
0.383017
0.413733
0.315282
0.328115
0.312107
0.334185
0.339674
0.21039
0.427793
0.324674
0.319005
0.344557
0.277584
0.411726
0.281734
0.257857
0.276664
0.339231
0.327735
0.357832
0.399042
0.38879
0.407971
0.343914
0.421186
0.414004
0.349058
0.346873
0.432454
0.369088
0.347986
0.303215
0.226672
0.221468
0.252499
0.347548
0.261391
0.272103
0.311433
0.218751
0.359647
0.376108
0.292492
0.36501
0.334777
0.377145
0.376161
0.361235
0.196779
0.236507
0.387478
0.245696
0.27262
0.378384
0.338952
0.320314
0.449569
0.364742
0.30845
0.344506
0.268209
0.250745
0.224488
0.307942
0.282522
0.356983
0.381878
0.313577
0.306011
0.397929
0.341372
0.306276
0.298366
0.426054
0.192585
0.190801
0.278599
0.308399
0.376351
0.40005
0.383346
0.496136
0.335122
0.333211
0.434008
0.368958
0.335294
0.343515
0.39287
0.306294
0.298917
0.258294
0.265386
0.256988
0.290933
0.24808
0.228615
0.155965
0.345644
0.544301
0.406687
0.237577
0.245794
0.249913
0.233815
0.30911
0.493127
0.150876
0.163321
0.201753
0.299306
0.297977
0.175973
0.337959
0.432367
0.26807
0.3793
0.359215
0.349522
0.31379
0.22839
0.272325
0.31144
0.471296
0.418133
0.494141
0.458715
0.388877
0.326509
0.257154
0.376552
0.391923
0.324546
0.26883
0.260664
0.274751
0.254617
0.280126
0.282625
0.533048
0.374202
0.3625
0.426755
0.375102
0.458261
0.440926
0.332424
0.294912
0.342513
0.384192
0.465215
0.419848
0.367543
0.35796
0.319805
0.387811
0.441285
0.474551
0.226598
0.253283
0.377425
0.284747
0.351379
0.279033
0.492356
0.514433
0.517231
0.474404
0.488724
0.400909
0.287908
0.278368
0.285284
0.490537
0.458749
0.482034
0.441588
0.450351
0.485862
0.38511
0.397028
0.370868
0.298347
0.29877
0.423796
0.384007
0.318695
0.323759
0.404838
0.386493
0.376069
0.314823
0.328814
0.300865
0.317913
0.440216
0.464759
0.411245
0.40321
0.399642
0.362575
0.38171
0.305886
0.353407
0.237424
0.400874
0.360566
0.442831
0.294949
0.451491
0.360989
0.416728
0.315183
0.386218
0.279472
0.317732
0.318597
0.326955
0.265267
0.298753
0.262886
0.306492
0.298248
0.275628
0.311604
0.33757
0.333581
0.243736
0.228672
0.168686
0.428839
0.303262
0.691951
0.305976
0.433334
0.307511
0.344068
0.23734
0.241855
0.46815
0.425859
0.522823
0.346302
0.413852
0.376258
0.207672
0.196598
0.0692237
0.420066
0.333455
0.302044
0.354162
0.265864
0.377436
0.34623
0.231808
0.314415
0.293999
0.289066
0.236617
0.327761
0.377028
0.34777
0.518164
0.33451
0.457742
0.38706
0.549142
0.415775
0.215987
0.468791
0.460257
0.272872
0.475053
0.383354
0.373663
0.443463
0.444313
0.435358
0.304515
0.310367
0.27487
0.255965
0.26613
0.323845
0.367968
0.343529
0.382418
0.441131
0.287206
0.382425
0.495662
0.414416
0.216364
0.234089
0.250364
0.253925
0.32887
0.295601
0.385381
0.34125
0.349696
0.320638
0.310119
0.457418
0.556311
0.288191
0.486031
0.297921
0.460286
0.405277
0.35076
0.385463
0.434702
0.356247
0.376767
0.347799
0.355274
0.315806
0.390308
0.234016
0.24711
0.220534
0.395132
0.35121
0.350183
0.341323
0.207091
0.247166
0.357381
0.244687
0.288827
0.361371
0.360756
0.353383
0.344661
0.289345
0.344396
0.359874
0.329265
0.445905
0.192207
0.270203
0.340391
0.237398
0.213423
0.220849
0.211845
0.254196
0.323982
0.173014
0.1848
0.261523
0.169068
0.189237
0.257585
0.381379
0.666383
0.434451
0.378376
0.652477
0.484055
0.473101
0.302982
0.463574
0.474654
0.310794
0.464874
0.623843
0.537607
0.6282
0.368336
0.397732
0.480205
0.281564
0.412281
0.463969
0.439836
0.537491
0.478968
0.370558
0.365151
0.365851
0.511118
0.432577
0.278071
0.431321
0.365752
0.419786
0.521221
0.495622
0.50959
0.43379
0.388887
0.490194
0.338926
0.378532
0.425711
0.299216
0.335416
0.385753
0.395175
0.371934
0.500667
0.425345
0.523837
0.478008
0.2803
0.34113
0.245441
0.281934
0.472891
0.415972
0.313881
0.367145
0.311134
0.315075
0.238366
0.395781
0.578146
0.442388
0.337531
0.406052
0.355907
0.371223
0.343794
0.339412
0.371828
0.465031
0.396395
0.557726
0.581207
0.424375
0.444369
0.495792
0.532368
0.359944
0.23282
0.470213
0.368641
0.351535
0.378556
0.418807
0.402938
0.33326
0.410939
0.259304
0.270056
0.328759
0.375339
0.436648
0.40944
0.279799
0.307906
0.403302
0.31297
0.281625
0.292375
0.313346
0.428493
0.282268
0.376144
0.508449
0.422801
0.18012
0.293844
0.249139
0.299158
0.264149
0.244567
0.219444
0.489007
0.510796
0.58118
0.467424
0.187452
0.330547
0.342437
0.240669
0.225855
0.268859
0.253211
0.341994
0.269462
0.302913
0.298893
0.266945
0.289036
0.211564
0.34479
0.365926
0.304148
0.294545
0.293193
0.431877
0.230725
0.372814
0.249184
0.256039
0.322344
0.307088
0.379591
0.353172
0.413921
0.276369
0.331129
0.41687
0.345436
0.453919
0.310118
0.316053
0.273923
0.492863
0.376601
0.396191
0.259121
0.373835
0.301947
0.272881
0.334652
0.401966
0.351039
0.418401
0.34067
0.327995
0.346208
0.414873
0.346239
0.349874
0.282175
0.364072
0.376024
0.339817
0.191928
0.403068
0.401593
0.265525
0.299074
0.343368
0.317468
0.328317
0.375175
0.327355
0.353608
0.310193
0.27866
0.301101
0.303318
0.233563
0.355693
0.714805
0.344695
0.269597
0.441666
0.249471
0.267
0.276521
0.261969
0.200171
0.285092
0.310684
0.223401
0.309873
0.546762
0.497097
0.401076
0.332773
0.36857
0.339417
0.404979
0.318124
0.395708
0.294913
0.404797
0.419107
0.740484
0.747898
0.734408
0.738617
0.559074
0.773153
0.639029
0.568362
0.728183
0.681219
0.793113
0.641991
0.582026
0.603002
0.812931
0.664939
0.616231
0.617666
0.612533
0.359331
0.415528
0.455456
0.787136
0.697373
0.806835
0.569893
0.660643
0.517807
0.507464
0.616622
0.707188
0.804087
0.871663
0.713019
0.62366
0.768414
0.634512
0.719071
0.618873
0.348463
0.31298
0.329372
0.642325
0.704665
0.56993
0.906612
0.748391
0.798581
0.22537
0.222335
0.311139
0.689431
0.601237
0.579374
0.303819
0.356078
0.365943
0.520874
0.607292
0.598615
0.319958
0.281473
0.354785
0.332955
0.332098
0.35388
0.323518
0.269772
0.282535
0.275476
0.283066
0.257066
0.777599
0.750955
0.629334
0.398028
0.382556
0.391444
0.218339
0.284428
0.342933
0.329656
0.345461
0.282673
0.412863
0.465181
0.552347
0.344349
0.349937
0.329754
0.29852
0.358072
0.3231
0.366111
0.478957
0.394903
0.342418
0.451178
0.334872
0.357503
0.383301
0.393996
0.379121
0.395544
0.335987
0.368377
0.422035
0.393345
0.35815
0.400471
0.361878
0.259395
0.282973
0.268979
0.337071
0.316115
0.337599
0.34651
0.329008
0.387809
0.343732
0.323052
0.328046
