  -0.003    0.009    1.174   -0.719    1.259    0.710 20190601 006
  -0.084    0.047    1.229   -0.710    1.285    0.664 20190601 007
  -0.048   -0.010    1.225   -0.660    1.253    0.670 20190604 006
  -0.045    0.036    1.197   -0.690    1.278    0.654 20190604 007
   0.029    0.062    1.234   -0.570    1.167    0.508 20190604 008
  -0.050    0.030    1.226   -0.734    1.254    0.704 20190604 009
  -0.150   -0.055    1.381   -0.807    1.199    0.861 20190604 015
  -0.027   -0.005    1.262   -0.665    1.196    0.670 20190605 006
  -0.044   -0.037    1.263   -0.637    1.211    0.674 20190605 007
  -0.093   -0.009    1.248   -0.755    1.275    0.764 20190605 008
  -0.066   -0.091    1.266   -0.752    1.230    0.843 20190606 013
   0.033    0.073    1.212   -0.736    1.185    0.663 20190606 014
  -0.044   -0.045    1.234   -0.641    1.239    0.686 20190606 015
   0.042   -0.037    1.161   -0.690    1.226    0.727 20190606 017
   0.023    0.017    1.147   -0.737    1.260    0.720 20190606 019
   0.053   -0.052    1.154   -0.636    1.223    0.688 20190606 025
   0.076    0.015    1.195   -0.621    1.159    0.605 20190606 026
  -0.038    0.020    1.192   -0.676    1.275    0.656 20190606 027
   0.108   -0.009    1.173   -0.716    1.148    0.725 20190606 028
  -0.008   -0.004    1.250   -0.649    1.187    0.652 20190607 014
  -0.002   -0.045    1.180   -0.641    1.252    0.686 20190607 015
  -0.085    0.027    1.222   -0.697    1.293    0.670 20190607 016
  -0.029    0.058    1.209   -0.725    1.249    0.668 20190607 017
  -0.038   -0.005    1.252   -0.583    1.216    0.588 20190607 019
  -0.126    0.084    1.247   -0.664    1.309    0.580 20190607 020
  -0.012    0.040    1.216   -0.715    1.226    0.675 20190607 021
  -0.025   -0.009    1.204   -0.689    1.251    0.698 20190607 022
  -0.040   -0.021    1.121   -0.854    1.349    0.875 20190608 018
   0.017    0.240    1.363   -0.928    1.050    0.688 20190608 019
  -0.090   -0.021    1.215   -0.639    1.305    0.660 20190608 020
  -0.028    0.032    1.278   -0.729    1.179    0.697 20190608 021
  -0.019   -0.078    1.192   -0.674    1.257    0.753 20190608 022
  -0.090    0.029    1.268   -0.762    1.252    0.733 20190608 024
   0.152    0.019    1.097   -0.529    1.181    0.509 20190609 013
  -0.039   -0.015    1.251   -0.622    1.219    0.637 20190609 020
  -0.057    0.066    1.226   -0.638    1.260    0.572 20190609 021
  -0.099   -0.060    1.248   -0.731    1.281    0.791 20190621 012
  -0.035   -0.028    1.248   -0.750    1.217    0.779 20190621 013
  -0.027    0.001    1.253   -0.713    1.204    0.712 20190621 014
   0.012    0.037    1.191   -0.660    1.227    0.622 20190622 007
  -0.037   -0.071    1.324   -0.793    1.143    0.864 20190624 013
  -0.077    0.051    1.246   -0.718    1.261    0.668 20190625 018
  -0.029   -0.014    1.247   -0.723    1.212    0.738 20190625 019
  -0.119   -0.106    1.431   -0.665    1.118    0.771 20190626 008
   0.025    0.067    1.211   -0.793    1.194    0.725 20190626 009
  -0.037    0.024    1.180   -0.815    1.288    0.791 20190626 013
   0.025   -0.094    1.165   -0.655    1.239    0.750 20190626 014
  -0.045    0.040    1.308   -0.712    1.167    0.672 20190626 015
   0.024    0.059    1.196   -0.662    1.211    0.603 20190626 016
  -0.162   -0.015    1.260   -0.694    1.332    0.709 20190626 017
  -0.013   -0.000    1.092   -0.624    1.350    0.624 20190627 013
  -0.112   -0.007    1.259   -0.707    1.283    0.714 20190629 019
  -0.055   -0.003    1.232   -0.728    1.253    0.731 20190629 020
  -0.054   -0.071    1.301   -0.675    1.183    0.747 20190630 013
