-0.003 0.009
-0.084 0.047
-0.048 -0.010
-0.045 0.036
0.029 0.062
-0.050 0.030
-0.150 -0.055
-0.027 -0.005
-0.044 -0.037
-0.093 -0.009
-0.066 -0.091
0.033 0.073
-0.044 -0.045
0.042 -0.037
0.023 0.017
0.053 -0.052
0.076 0.015
-0.038 0.020
0.108 -0.009
-0.008 -0.004
-0.002 -0.045
-0.085 0.027
-0.029 0.058
-0.038 -0.005
-0.126 0.084
-0.012 0.040
-0.025 -0.009
-0.040 -0.021
0.017 0.240
-0.090 -0.021
-0.028 0.032
-0.019 -0.078
-0.090 0.029
0.152 0.019
-0.039 -0.015
-0.057 0.066
-0.099 -0.060
-0.035 -0.028
-0.027 0.001
0.012 0.037
-0.037 -0.071
-0.077 0.051
-0.029 -0.014
-0.119 -0.106
0.025 0.067
-0.037 0.024
0.025 -0.094
-0.045 0.040
0.024 0.059
-0.162 -0.015
-0.013 -0.000
-0.112 -0.007
-0.055 -0.003
-0.054 -0.071
