1.174 -0.719
1.229 -0.710
1.225 -0.660
1.197 -0.690
1.234 -0.570
1.226 -0.734
1.381 -0.807
1.262 -0.665
1.263 -0.637
1.248 -0.755
1.266 -0.752
1.212 -0.736
1.234 -0.641
1.161 -0.690
1.147 -0.737
1.154 -0.636
1.195 -0.621
1.192 -0.676
1.173 -0.716
1.250 -0.649
1.180 -0.641
1.222 -0.697
1.209 -0.725
1.252 -0.583
1.247 -0.664
1.216 -0.715
1.204 -0.689
1.121 -0.854
1.363 -0.928
1.215 -0.639
1.278 -0.729
1.192 -0.674
1.268 -0.762
1.097 -0.529
1.251 -0.622
1.226 -0.638
1.248 -0.731
1.248 -0.750
1.253 -0.713
1.191 -0.660
1.324 -0.793
1.246 -0.718
1.247 -0.723
1.431 -0.665
1.211 -0.793
1.180 -0.815
1.165 -0.655
1.308 -0.712
1.196 -0.662
1.260 -0.694
1.092 -0.624
1.259 -0.707
1.232 -0.728
1.301 -0.675
