1.259 0.710
1.285 0.664
1.253 0.670
1.278 0.654
1.167 0.508
1.254 0.704
1.199 0.861
1.196 0.670
1.211 0.674
1.275 0.764
1.230 0.843
1.185 0.663
1.239 0.686
1.226 0.727
1.260 0.720
1.223 0.688
1.159 0.605
1.275 0.656
1.148 0.725
1.187 0.652
1.252 0.686
1.293 0.670
1.249 0.668
1.216 0.588
1.309 0.580
1.226 0.675
1.251 0.698
1.349 0.875
1.050 0.688
1.305 0.660
1.179 0.697
1.257 0.753
1.252 0.733
1.181 0.509
1.219 0.637
1.260 0.572
1.281 0.791
1.217 0.779
1.204 0.712
1.227 0.622
1.143 0.864
1.261 0.668
1.212 0.738
1.118 0.771
1.194 0.725
1.288 0.791
1.239 0.750
1.167 0.672
1.211 0.603
1.332 0.709
1.350 0.624
1.283 0.714
1.253 0.731
1.183 0.747
