 -0.003   0.009   1.174  -0.719   1.259   0.710 20190601 006
 -0.003   0.009   1.174  -0.719   1.259   0.710 20190601 006
 -0.003   0.009   1.174  -0.719   1.259   0.710 20190601 006
 -0.084   0.047   1.229  -0.710   1.285   0.664 20190601 007
 -0.084   0.047   1.229  -0.710   1.285   0.664 20190601 007
 -0.084   0.047   1.229  -0.710   1.285   0.664 20190601 007
 -0.048  -0.010   1.225  -0.660   1.253   0.670 20190604 006
 -0.048  -0.010   1.225  -0.660   1.253   0.670 20190604 006
 -0.048  -0.010   1.225  -0.660   1.253   0.670 20190604 006
 -0.045   0.036   1.197  -0.690   1.278   0.654 20190604 007
 -0.045   0.036   1.197  -0.690   1.278   0.654 20190604 007
 -0.045   0.036   1.197  -0.690   1.278   0.654 20190604 007
  0.029   0.062   1.234  -0.570   1.167   0.508 20190604 008
  0.029   0.062   1.234  -0.570   1.167   0.508 20190604 008
  0.029   0.062   1.234  -0.570   1.167   0.508 20190604 008
 -0.027  -0.005   1.262  -0.665   1.196   0.670 20190605 006
 -0.027  -0.005   1.262  -0.665   1.196   0.670 20190605 006
 -0.027  -0.005   1.262  -0.665   1.196   0.670 20190605 006
 -0.044  -0.037   1.263  -0.637   1.211   0.674 20190605 007
 -0.044  -0.037   1.263  -0.637   1.211   0.674 20190605 007
 -0.044  -0.037   1.263  -0.637   1.211   0.674 20190605 007
 -0.093  -0.009   1.248  -0.755   1.275   0.764 20190605 008
 -0.093  -0.009   1.248  -0.755   1.275   0.764 20190605 008
 -0.093  -0.009   1.248  -0.755   1.275   0.764 20190605 008
 -0.044  -0.045   1.234  -0.641   1.239   0.686 20190606 015
 -0.044  -0.045   1.234  -0.641   1.239   0.686 20190606 015
 -0.044  -0.045   1.234  -0.641   1.239   0.686 20190606 015
 -0.064  -0.004   1.263  -0.721   1.231   0.725 20190606 016
 -0.064  -0.004   1.263  -0.721   1.231   0.725 20190606 016
 -0.064  -0.004   1.263  -0.721   1.231   0.725 20190606 016
  0.042  -0.037   1.161  -0.690   1.226   0.727 20190606 017
  0.042  -0.037   1.161  -0.690   1.226   0.727 20190606 017
  0.042  -0.037   1.161  -0.690   1.226   0.727 20190606 017
 -0.010   0.001   1.236  -0.721   1.204   0.720 20190606 018
 -0.010   0.001   1.236  -0.721   1.204   0.720 20190606 018
 -0.010   0.001   1.236  -0.721   1.204   0.720 20190606 018
  0.023   0.017   1.147  -0.737   1.260   0.720 20190606 019
  0.023   0.017   1.147  -0.737   1.260   0.720 20190606 019
  0.023   0.017   1.147  -0.737   1.260   0.720 20190606 019
 -0.044  -0.018   1.219  -0.650   1.254   0.667 20190606 021
 -0.044  -0.018   1.219  -0.650   1.254   0.667 20190606 021
 -0.044  -0.018   1.219  -0.650   1.254   0.667 20190606 021
  0.012   0.004   1.199  -0.719   1.219   0.714 20190606 024
  0.012   0.004   1.199  -0.719   1.219   0.714 20190606 024
  0.012   0.004   1.199  -0.719   1.219   0.714 20190606 024
 -0.008  -0.004   1.250  -0.649   1.187   0.652 20190607 014
 -0.008  -0.004   1.250  -0.649   1.187   0.652 20190607 014
 -0.008  -0.004   1.250  -0.649   1.187   0.652 20190607 014
 -0.002  -0.045   1.180  -0.641   1.252   0.686 20190607 015
 -0.002  -0.045   1.180  -0.641   1.252   0.686 20190607 015
 -0.002  -0.045   1.180  -0.641   1.252   0.686 20190607 015
 -0.085   0.027   1.222  -0.697   1.293   0.670 20190607 016
 -0.085   0.027   1.222  -0.697   1.293   0.670 20190607 016
 -0.085   0.027   1.222  -0.697   1.293   0.670 20190607 016
 -0.029   0.058   1.209  -0.725   1.249   0.668 20190607 017
 -0.029   0.058   1.209  -0.725   1.249   0.668 20190607 017
 -0.029   0.058   1.209  -0.725   1.249   0.668 20190607 017
 -0.038  -0.005   1.252  -0.583   1.216   0.588 20190607 019
 -0.038  -0.005   1.252  -0.583   1.216   0.588 20190607 019
 -0.038  -0.005   1.252  -0.583   1.216   0.588 20190607 019
 -0.090  -0.021   1.215  -0.639   1.305   0.660 20190608 020
 -0.090  -0.021   1.215  -0.639   1.305   0.660 20190608 020
 -0.090  -0.021   1.215  -0.639   1.305   0.660 20190608 020
 -0.028   0.032   1.278  -0.729   1.179   0.697 20190608 021
 -0.028   0.032   1.278  -0.729   1.179   0.697 20190608 021
 -0.028   0.032   1.278  -0.729   1.179   0.697 20190608 021
 -0.019  -0.078   1.192  -0.674   1.257   0.753 20190608 022
 -0.019  -0.078   1.192  -0.674   1.257   0.753 20190608 022
 -0.019  -0.078   1.192  -0.674   1.257   0.753 20190608 022
  0.030   0.037   1.285  -0.737   1.115   0.700 20190608 023
  0.030   0.037   1.285  -0.737   1.115   0.700 20190608 023
  0.030   0.037   1.285  -0.737   1.115   0.700 20190608 023
  0.037   0.000   1.203  -0.718   1.190   0.718 20190609 019
  0.037   0.000   1.203  -0.718   1.190   0.718 20190609 019
  0.037   0.000   1.203  -0.718   1.190   0.718 20190609 019
 -0.039  -0.015   1.251  -0.622   1.219   0.637 20190609 020
 -0.039  -0.015   1.251  -0.622   1.219   0.637 20190609 020
 -0.039  -0.015   1.251  -0.622   1.219   0.637 20190609 020
 -0.099  -0.060   1.248  -0.731   1.281   0.791 20190621 012
 -0.099  -0.060   1.248  -0.731   1.281   0.791 20190621 012
 -0.099  -0.060   1.248  -0.731   1.281   0.791 20190621 012
 -0.035  -0.028   1.248  -0.750   1.217   0.779 20190621 013
 -0.035  -0.028   1.248  -0.750   1.217   0.779 20190621 013
 -0.035  -0.028   1.248  -0.750   1.217   0.779 20190621 013
  0.012   0.037   1.191  -0.660   1.227   0.622 20190622 007
  0.012   0.037   1.191  -0.660   1.227   0.622 20190622 007
  0.012   0.037   1.191  -0.660   1.227   0.622 20190622 007
  0.000   0.109   1.232  -0.729   1.198   0.620 20190624 014
  0.000   0.109   1.232  -0.729   1.198   0.620 20190624 014
  0.000   0.109   1.232  -0.729   1.198   0.620 20190624 014
  0.003   0.019   1.240  -0.626   1.188   0.608 20190624 015
  0.003   0.019   1.240  -0.626   1.188   0.608 20190624 015
  0.003   0.019   1.240  -0.626   1.188   0.608 20190624 015
  0.048  -0.024   1.218  -0.710   1.163   0.735 20190624 017
  0.048  -0.024   1.218  -0.710   1.163   0.735 20190624 017
  0.048  -0.024   1.218  -0.710   1.163   0.735 20190624 017
 -0.018   0.015   1.220  -0.645   1.228   0.630 20190624 018
 -0.018   0.015   1.220  -0.645   1.228   0.630 20190624 018
 -0.018   0.015   1.220  -0.645   1.228   0.630 20190624 018
  0.022   0.040   1.240  -0.645   1.168   0.605 20190624 019
  0.022   0.040   1.240  -0.645   1.168   0.605 20190624 019
  0.022   0.040   1.240  -0.645   1.168   0.605 20190624 019
 -0.072  -0.040   1.218  -0.676   1.284   0.716 20190624 020
 -0.072  -0.040   1.218  -0.676   1.284   0.716 20190624 020
 -0.072  -0.040   1.218  -0.676   1.284   0.716 20190624 020
 -0.043  -0.019   1.264  -0.672   1.209   0.691 20190625 013
 -0.043  -0.019   1.264  -0.672   1.209   0.691 20190625 013
 -0.043  -0.019   1.264  -0.672   1.209   0.691 20190625 013
  0.024   0.019   1.219  -0.655   1.188   0.636 20190625 014
  0.024   0.019   1.219  -0.655   1.188   0.636 20190625 014
  0.024   0.019   1.219  -0.655   1.188   0.636 20190625 014
  0.009   0.073   1.256  -0.746   1.166   0.673 20190625 015
  0.009   0.073   1.256  -0.746   1.166   0.673 20190625 015
  0.009   0.073   1.256  -0.746   1.166   0.673 20190625 015
  0.046  -0.017   1.174  -0.671   1.210   0.688 20190625 016
  0.046  -0.017   1.174  -0.671   1.210   0.688 20190625 016
  0.046  -0.017   1.174  -0.671   1.210   0.688 20190625 016
 -0.098   0.012   1.273  -0.741   1.255   0.729 20190625 017
 -0.098   0.012   1.273  -0.741   1.255   0.729 20190625 017
 -0.098   0.012   1.273  -0.741   1.255   0.729 20190625 017
 -0.077   0.051   1.246  -0.718   1.261   0.668 20190625 018
 -0.077   0.051   1.246  -0.718   1.261   0.668 20190625 018
 -0.077   0.051   1.246  -0.718   1.261   0.668 20190625 018
 -0.029  -0.014   1.247  -0.723   1.212   0.738 20190625 019
 -0.029  -0.014   1.247  -0.723   1.212   0.738 20190625 019
 -0.029  -0.014   1.247  -0.723   1.212   0.738 20190625 019
 -0.096  -0.036   1.310  -0.701   1.216   0.737 20190626 012
 -0.096  -0.036   1.310  -0.701   1.216   0.737 20190626 012
 -0.096  -0.036   1.310  -0.701   1.216   0.737 20190626 012
 -0.037   0.024   1.180  -0.815   1.288   0.791 20190626 013
 -0.037   0.024   1.180  -0.815   1.288   0.791 20190626 013
 -0.037   0.024   1.180  -0.815   1.288   0.791 20190626 013
  0.025  -0.094   1.165  -0.655   1.239   0.750 20190626 014
  0.025  -0.094   1.165  -0.655   1.239   0.750 20190626 014
  0.025  -0.094   1.165  -0.655   1.239   0.750 20190626 014
 -0.045   0.040   1.308  -0.712   1.167   0.672 20190626 015
 -0.045   0.040   1.308  -0.712   1.167   0.672 20190626 015
 -0.045   0.040   1.308  -0.712   1.167   0.672 20190626 015
  0.024   0.059   1.196  -0.662   1.211   0.603 20190626 016
  0.024   0.059   1.196  -0.662   1.211   0.603 20190626 016
  0.024   0.059   1.196  -0.662   1.211   0.603 20190626 016
 -0.162  -0.015   1.260  -0.694   1.332   0.709 20190626 017
 -0.162  -0.015   1.260  -0.694   1.332   0.709 20190626 017
 -0.162  -0.015   1.260  -0.694   1.332   0.709 20190626 017
  0.005  -0.026   1.228  -0.680   1.197   0.706 20190626 018
  0.005  -0.026   1.228  -0.680   1.197   0.706 20190626 018
  0.005  -0.026   1.228  -0.680   1.197   0.706 20190626 018
  0.048   0.087   1.268  -0.733   1.113   0.646 20190626 019
  0.048   0.087   1.268  -0.733   1.113   0.646 20190626 019
  0.048   0.087   1.268  -0.733   1.113   0.646 20190626 019
  0.095  -0.004   1.234  -0.721   1.101   0.725 20190627 012
  0.095  -0.004   1.234  -0.721   1.101   0.725 20190627 012
  0.095  -0.004   1.234  -0.721   1.101   0.725 20190627 012
 -0.013  -0.000   1.092  -0.624   1.350   0.624 20190627 013
 -0.013  -0.000   1.092  -0.624   1.350   0.624 20190627 013
 -0.013  -0.000   1.092  -0.624   1.350   0.624 20190627 013
  0.062   0.042   1.183  -0.717   1.185   0.675 20190630 012
  0.062   0.042   1.183  -0.717   1.185   0.675 20190630 012
  0.062   0.042   1.183  -0.717   1.185   0.675 20190630 012
 -0.054  -0.071   1.301  -0.675   1.183   0.747 20190630 013
 -0.054  -0.071   1.301  -0.675   1.183   0.747 20190630 013
 -0.054  -0.071   1.301  -0.675   1.183   0.747 20190630 013
