/work/00115/gebhardt/maverick/vdrp/shifts/20171220v015/xy_exp01.dat   150.14046  2.124132           42  -18.6264214389   -8.73365383403           42   150.14034  2.124176           42  -18.9868227704    -8.4480495059           42 
/work/00115/gebhardt/maverick/vdrp/shifts/20171220v015/xy_exp01.dat  150.144325   2.12357           42  -9.64469747825   -19.5390327572           42  150.144383  2.123466           42  -9.21643182171    -19.521652378           42 
/work/00115/gebhardt/maverick/vdrp/shifts/20171220v015/xy_exp02.dat  150.144449  2.123491           42     -10.5463415   -18.9688421959           42  150.144383  2.123466           42  -10.5934700259   -18.7193319732           42 
/work/00115/gebhardt/maverick/vdrp/shifts/20171220v015/xy_exp03.dat  150.144328  2.123462           42  -10.3258890656    -20.0949786547           42  150.144383  2.123466           42  -10.2349206025    -20.271280718           42 
/work/00115/gebhardt/maverick/vdrp/shifts/20171221v016/xy_exp01.dat  150.144332  2.123546           42   -9.69615490994    -19.4825125065           42  150.144383  2.123466           42   -9.35473620063   -19.4888641179           42 
/work/00115/gebhardt/maverick/vdrp/shifts/20171221v016/xy_exp01.dat  150.140133  2.124314           42   -19.9332467595    -8.03530123321           42   150.14034  2.124176           42   -19.1209878428   -8.41161049035           42 
/work/00115/gebhardt/maverick/vdrp/shifts/20171221v016/xy_exp02.dat   150.14438  2.123482           42  -10.6310096666  -18.8227860168           42  150.144383  2.123466           42  -10.5762343435  -18.8019554401           42 
/work/00115/gebhardt/maverick/vdrp/shifts/20171221v016/xy_exp03.dat  150.144367  2.123381           42  -10.3471488958    -19.9015690061           42  150.144383  2.123466           42  -10.5782226858   -20.1102657106           42 
/work/00115/gebhardt/maverick/vdrp/shifts/20171225v015/xy_exp01.dat  150.144396  2.123533           42  -16.2564558084   -21.3453291652           42  150.144383  2.123466           42  -16.0751156424  -21.1795566077           42 
/work/00115/gebhardt/maverick/vdrp/shifts/20171225v015/xy_exp02.dat  150.144343  2.123477           42   -17.4672068233     -20.428673384           42  150.144383  2.123466           42   -17.3583272958   -20.5307568095           42 
/work/00115/gebhardt/maverick/vdrp/shifts/20171225v015/xy_exp03.dat  150.144413   2.12352           42   -17.4367895499   -22.223601023           42  150.144383  2.123466           42   -17.3272880883  -22.0300839067           42 
/work/00115/gebhardt/maverick/vdrp/shifts/20180110v021/xy_exp01.dat  150.144301  2.123496           42  -9.50864377875   -19.0974194106           42  150.144383  2.123466           42  -9.26256877146   -19.2927009728           42 
/work/00115/gebhardt/maverick/vdrp/shifts/20180110v021/xy_exp02.dat  150.144389  2.123491           42   -10.549852722  -18.6716659031           42  150.144383  2.123466           42  -10.4843442373   -18.6062856642           42 
/work/00115/gebhardt/maverick/vdrp/shifts/20180110v021/xy_exp03.dat  150.144358   2.12344           42  -10.3897333771   -19.9612592278           42  150.144383  2.123466           42    -10.42264204   -20.0868255359           42 
/work/00115/gebhardt/maverick/vdrp/shifts/20180113v013/xy_exp01.dat  150.144408  2.123533           42   -18.683682877    -21.436278618           42  150.144383  2.123466           42  -18.5248226922  -21.2337202567           42 
/work/00115/gebhardt/maverick/vdrp/shifts/20180113v013/xy_exp02.dat   150.14427  2.123498           42  -20.1864757247    -20.2552764216           42  150.144383  2.123466           42  -19.8761213193   -20.5420008577           42 
/work/00115/gebhardt/maverick/vdrp/shifts/20180113v013/xy_exp03.dat  150.144461  2.123425           42  -19.5424299215   -22.1849533552           42  150.144383  2.123466           42  -19.8147401754  -22.0225536551           42 
/work/00115/gebhardt/maverick/vdrp/shifts/20180114v013/xy_exp01.dat  150.144361  2.123451           42  -10.3113531127   -19.8491973861           42  150.144383  2.123466           42  -10.3161192449   -19.9448913574           42 
/work/00115/gebhardt/maverick/vdrp/shifts/20180114v013/xy_exp02.dat  150.144405  2.123486           42  -11.5409392242   -19.1843777461           42  150.144383  2.123466           42  -11.5208180022    -19.0792911561           42 
/work/00115/gebhardt/maverick/vdrp/shifts/20180114v013/xy_exp03.dat  150.144423  2.123452           42  -11.4639518077   -20.7314385339           42  150.144383  2.123466           42  -11.5820355972   -20.6349812709           42 
/work/00115/gebhardt/maverick/vdrp/shifts/20180120v008/xy_exp01.dat  150.144353  2.123549           42  -9.71949698226  -19.3743702789           42  150.144383  2.123466           42  -9.40828249175   -19.3105324542           42 
/work/00115/gebhardt/maverick/vdrp/shifts/20180120v008/xy_exp02.dat  150.144366  2.123483           42  -10.8130748293  -18.5799525124           42  150.144383  2.123466           42   -10.728955204   -18.6001924347           42 
/work/00115/gebhardt/maverick/vdrp/shifts/20180120v008/xy_exp02.dat  150.140262  2.124358           42  -21.2039852173  -7.62844962164           42   150.14034  2.124176           42  -20.4986310755   -7.52595913383           42 
/work/00115/gebhardt/maverick/vdrp/shifts/20180120v008/xy_exp03.dat   150.14436  2.123409           42  -10.4553235104   -19.8962013023           42  150.144383  2.123466           42  -10.5872023059    -20.073857009           42 
/work/00115/gebhardt/maverick/vdrp/shifts/20180123v009/xy_exp01.dat  150.140338  2.124189           42   -19.3075547705   -8.08364629316           42   150.14034  2.124176           42   -19.2638723198    -8.06537452209           42 
/work/00115/gebhardt/maverick/vdrp/shifts/20180123v009/xy_exp01.dat  150.144397  2.123631           42    -9.9771646556   -19.4945562686           42  150.144383  2.123466           42   -9.49663577196    -19.1417596439           42 
/work/00115/gebhardt/maverick/vdrp/shifts/20180123v009/xy_exp02.dat  150.140018  2.124136           42  -20.8865975413  -6.30825906628           42   150.14034  2.124176           42  -20.4052410272   -7.37171323084           42 
/work/00115/gebhardt/maverick/vdrp/shifts/20180123v009/xy_exp02.dat  150.144203  2.123511           42  -11.1139797818  -17.9801017648           42  150.144383  2.123466           42   -10.638002271    -18.448096065           42 
/work/00115/gebhardt/maverick/vdrp/shifts/20180123v009/xy_exp03.dat  150.144421  2.123313           42   -10.269284189   -19.8587574429           42  150.144383  2.123466           42  -10.8105299174   -20.0294124757           42 
/work/00115/gebhardt/maverick/vdrp/shifts/20180123v009/xy_exp03.dat  150.140178  2.124269           42  -21.1674007706   -8.63041485653           42   150.14034  2.124176           42  -20.5777662657   -8.95302727978           42 
/work/00115/gebhardt/maverick/vdrp/shifts/20180124v010/xy_exp01.dat  150.144387  2.123652           42   -9.9809328472      -19.5872479698           42  150.144383  2.123466           42  -9.41712180492   -19.2257381023           42 
/work/00115/gebhardt/maverick/vdrp/shifts/20180124v010/xy_exp01.dat   150.14045  2.124181           42  -18.9928303489      -8.49594996775           42   150.14034  2.124176           42  -19.1838667237   -8.14891944832           42 
/work/00115/gebhardt/maverick/vdrp/shifts/20180124v010/xy_exp02.dat  150.144248  2.123495           42  -11.0731730157  -18.2352858127           42  150.144383  2.123466           42  -10.7307955264   -18.5952159493           42 
/work/00115/gebhardt/maverick/vdrp/shifts/20180124v010/xy_exp02.dat  150.140116  2.124011           42  -20.4110249879  -6.52103283218           42   150.14034  2.124176           42   -20.497542714   -7.51839965868           42 
/work/00115/gebhardt/maverick/vdrp/shifts/20180124v010/xy_exp03.dat   150.14439  2.123307           42  -10.3284940317     -19.812447136           42  150.144383  2.123466           42  -10.8300114206   -20.0894977213           42 
/work/00115/gebhardt/maverick/vdrp/shifts/20180209v009/xy_exp01.dat   150.14037  2.124207           42    -18.9633044433    -8.1288266661           42   150.14034  2.124176           42   -18.9243877049     -7.97853337895           42 
/work/00115/gebhardt/maverick/vdrp/shifts/20180209v009/xy_exp01.dat  150.144351  2.123576           42    -9.55458369865   -19.1628459409           42  150.144383  2.123466           42   -9.15667617676     -19.0544996929           42 
/work/00115/gebhardt/maverick/vdrp/shifts/20180209v009/xy_exp02.dat  150.144331  2.123507           42  -10.7314468001  -18.2800933942           42  150.144383  2.123466           42  -10.5079363949   -18.3627057794           42 
/work/00115/gebhardt/maverick/vdrp/shifts/20180209v009/xy_exp02.dat  150.140122  2.124173           42  -20.6755306704  -6.61199811768           42   150.14034  2.124176           42  -20.2756503269   -7.28674196621           42 
/work/00115/gebhardt/maverick/vdrp/shifts/20180209v009/xy_exp03.dat   150.14439  2.123431           42  -10.2952876256   -19.7802424646           42  150.144383  2.123466           42  -10.4159236498   -19.8244822884           42 
/work/00115/gebhardt/maverick/vdrp/shifts/20180210v006/xy_exp01.dat  150.140387  2.124195           42    -19.3891856494    -8.46365736378           42   150.14034  2.124176           42  -19.4190241809   -8.28371953867           42 
/work/00115/gebhardt/maverick/vdrp/shifts/20180210v006/xy_exp01.dat  150.144349  2.123611           42    -10.1607027636    -19.5278074066           42  150.144383  2.123466           42  -9.65153866007    -19.359885117           42 
/work/00115/gebhardt/maverick/vdrp/shifts/20180210v006/xy_exp02.dat  150.144349  2.123458           42  -11.0727281422   -18.5674625136           42  150.144383  2.123466           42  -11.0334984944  -18.6868430737           42 
/work/00115/gebhardt/maverick/vdrp/shifts/20180210v006/xy_exp02.dat   150.14013  2.123943           42  -20.4794047715    -6.5285875343           42   150.14034  2.124176           42  -20.8009864179  -7.61067999738           42 
/work/00115/gebhardt/maverick/vdrp/shifts/20180210v006/xy_exp03.dat  150.144352  2.123346           42  -10.5935811231   -19.8895229381           42  150.144383  2.123466           42  -10.9039853622   -20.2100086354           42 
