/work/00115/gebhardt/maverick/vdrp/shifts/20170105v009/xy_exp01.dat  149.959357     2.039           73  -13.8045576032  -11.0042428226           73  149.959391  2.039079           73  -13.9836776716   -11.256754849           73 
/work/00115/gebhardt/maverick/vdrp/shifts/20170105v009/xy_exp01.dat  149.955797   2.02801           73   13.3049115599    20.530398634           73  149.955818  2.028052           73   13.2151610917    20.387169554           73 
/work/00115/gebhardt/maverick/vdrp/shifts/20170105v009/xy_exp02.dat  149.959328  2.038558           73  -13.8441884887   -9.47344617721           73  149.959391  2.039079           73  -15.3274883701  -10.6435215097           73 
/work/00115/gebhardt/maverick/vdrp/shifts/20170105v009/xy_exp02.dat  149.955656  2.027547           73   13.1200134108    22.4445877239           73  149.955818  2.028052           73   11.8713434132   21.0004086425           73 
/work/00115/gebhardt/maverick/vdrp/shifts/20170105v009/xy_exp03.dat  149.955719  2.027865           73   10.8699073082   20.1326466726           73  149.955818  2.028052           73   10.4806069417   19.4780423486           73 
/work/00115/gebhardt/maverick/vdrp/shifts/20170105v009/xy_exp03.dat  149.959317  2.038878           73   -16.239064647  -11.5618313431           73  149.959391  2.039079           73  -16.7182274852  -12.1658843917           73 
/work/00115/gebhardt/maverick/vdrp/shifts/20170106v003/xy_exp01.dat  149.932362  1.978065           73  -14.9757622294   1.22776248339           73  149.932443  1.978063           73  -15.1325282907  0.981986858588           73 
/work/00115/gebhardt/maverick/vdrp/shifts/20170106v003/xy_exp01.dat   149.92322  1.970939           73   24.6727841056   14.1878862825           73  149.923036  1.970882           73   25.2126872092   14.6224754575           73 
/work/00115/gebhardt/maverick/vdrp/shifts/20170106v003/xy_exp02.dat  149.923091  1.970965           73     23.809094289   15.3288207436           73  149.923036  1.970882           73     24.167468462   15.3261216601           73 
/work/00115/gebhardt/maverick/vdrp/shifts/20170106v003/xy_exp03.dat  149.923008  1.970646           73   23.7643250867   13.4636570072           73  149.923036  1.970882           73   23.0032748881   13.8545181953           73 
/work/00115/gebhardt/maverick/vdrp/shifts/20170107v012/xy_exp03.dat  149.962053  1.931088           73   12.1127241043  -8.20115531155           73  149.962675  1.931312           73   12.5653420463  -10.5364814377           73 
/work/00115/gebhardt/maverick/vdrp/shifts/20170127v008/xy_exp01.dat   150.15393  2.226126           73    16.8553005434   23.1773436918           73  150.154028  2.226176           73    16.8887049043   22.7829270447           73 
/work/00115/gebhardt/maverick/vdrp/shifts/20170127v008/xy_exp02.dat  150.153899  2.226074           73   16.2274619275   23.7230346997           73  150.154028  2.226176           73   16.1608321006   23.1350389155           73 
/work/00115/gebhardt/maverick/vdrp/shifts/20170127v008/xy_exp03.dat   150.15387  2.226096           73   15.3608479829   22.0357010587           73  150.154028  2.226176           73   15.4165753837   21.4009692104           73 
/work/00115/gebhardt/maverick/vdrp/shifts/20170129v002/xy_exp01.dat  150.263965  2.434653           73     8.83624238397  -17.3483794269           73  150.263904  2.434776           73    8.34470339933   -17.3993579985           73 
/work/00115/gebhardt/maverick/vdrp/shifts/20170129v002/xy_exp01.dat  150.257444   2.42979           73     11.1118079671   11.8307673314           73  150.257372  2.429809           73    10.9156785524    12.0131838491           73 
/work/00115/gebhardt/maverick/vdrp/shifts/20170129v002/xy_exp01.dat  150.262139  2.437596           73    -3.62863069376  -17.4537687763           73  150.262189  2.437703           73   -3.85826059609    -17.811526875           73 
/work/00115/gebhardt/maverick/vdrp/shifts/20170129v002/xy_exp02.dat  150.262214  2.437614           73   -4.49856538194    -17.343866691           73  150.262189  2.437703           73  -4.81747058275   -17.4389517215           73 
/work/00115/gebhardt/maverick/vdrp/shifts/20170129v002/xy_exp02.dat  150.263861  2.434619           73    7.78075172968   -16.5941813173           73  150.263904  2.434776           73   7.38549327186   -17.0267807524           73 
/work/00115/gebhardt/maverick/vdrp/shifts/20170129v002/xy_exp02.dat  150.257461  2.429714           73    10.4165639213    12.2977646732           73  150.257372  2.429809           73   9.95646331797    12.3857615058           73 
/work/00115/gebhardt/maverick/vdrp/shifts/20170129v002/xy_exp03.dat  150.263817  2.434683           73   6.66015974355  -17.8805755851           73  150.263904  2.434776           73   6.54421084602  -18.3239314836           73 
/work/00115/gebhardt/maverick/vdrp/shifts/20170129v002/xy_exp03.dat  150.257483  2.429741           73   9.53536531899   10.8818039307           73  150.257372  2.429809           73   9.11518473888   11.0886100595           73 
/work/00115/gebhardt/maverick/vdrp/shifts/20170129v002/xy_exp03.dat  150.262111  2.437577           73  -5.42507649279  -18.2566690449           73  150.262189  2.437703           73  -5.65875294087  -18.7361007498           73 
/work/00115/gebhardt/maverick/vdrp/shifts/20170129v008/xy_exp01.dat   189.08984  62.207499           73   6.54082374238    -9.13791935587           73   189.08969  62.207483           73   6.64133913116   -9.37584970373           73 
/work/00115/gebhardt/maverick/vdrp/shifts/20170129v008/xy_exp02.dat  189.089573  62.207519           73    6.22477462027   -8.94575014665           73   189.08969  62.207483           73    6.00479741984   -8.86222422921           73 
/work/00115/gebhardt/maverick/vdrp/shifts/20170129v008/xy_exp03.dat  189.092608  62.211672           73    14.6387544762      2.3021629109           73  189.092607  62.211613           73    14.4674334035   2.17660108118           73 
/work/00115/gebhardt/maverick/vdrp/shifts/20170129v008/xy_exp03.dat  189.089654  62.207363           73    4.95441181314    -10.7910482388           73   189.08969  62.207483           73    5.26950823302  -10.4894022831           73 
/work/00115/gebhardt/maverick/vdrp/shifts/20170130v022/xy_exp01.dat  189.090288  62.300568           73  -4.88263817502  -10.4886590663           73  189.090522  62.300519           73    -4.780679008  -10.0714621724           73 
/work/00115/gebhardt/maverick/vdrp/shifts/20170130v022/xy_exp01.dat  189.088978  62.297048           73  -16.2197536184  -4.41777240759           73  189.089405  62.297039           73  -15.8054878313  -3.83457085546           73 
/work/00115/gebhardt/maverick/vdrp/shifts/20170130v022/xy_exp02.dat  189.090509  62.300501           73   -5.88546136939  -9.68469875876           73  189.090522  62.300519           73   -5.82099873023  -9.70743332265           73 
/work/00115/gebhardt/maverick/vdrp/shifts/20170130v022/xy_exp03.dat  189.089546  62.297175           73   -17.238463987   -5.1784593266           73  189.089405  62.297039           73   -17.769591561   -5.0631470894           73 
/work/00115/gebhardt/maverick/vdrp/shifts/20170130v022/xy_exp03.dat  189.090438  62.300494           73  -6.90210350658  -11.3552209203           73  189.090522  62.300519           73  -6.74465761739  -11.2998169241           73 
/work/00115/gebhardt/maverick/vdrp/shifts/20170130v023/xy_exp03.dat  150.133877  2.175096           73   -19.0870876839   -17.5063616974           73  150.133958  2.174966           73    -18.865653828   -18.0112373387           73 
/work/00115/gebhardt/maverick/vdrp/shifts/20170130v024/xy_exp02.dat  150.226214  2.367882           73     14.8772175519  -9.92516033424           73  150.224402  2.368603           73    16.508001487  -3.10187254159           73 
/work/00115/gebhardt/maverick/vdrp/shifts/20170130v024/xy_exp03.dat  150.225071   2.37989           73  -13.7536978873   22.7465297228           73  150.225141  2.379934           73  -14.0281819021    22.6318834843           73 
/work/00115/gebhardt/maverick/vdrp/shifts/20170130v027/xy_exp01.dat  189.016899  62.259824           73   20.9571559102   3.75010296996           73  189.016822  62.259787           73   20.9237506998   3.56769079081           73 
/work/00115/gebhardt/maverick/vdrp/shifts/20170130v027/xy_exp01.dat  189.009679  62.255437           73   15.1381160064  -15.2750146687           73  189.009808  62.255423           73   14.9714370596  -15.1283943746           73 
/work/00115/gebhardt/maverick/vdrp/shifts/20170130v027/xy_exp02.dat  189.010132  62.255529           73   13.8745396197   -13.617643322           73  189.009808  62.255423           73   13.8796506482  -14.2812966268           73 
/work/00115/gebhardt/maverick/vdrp/shifts/20170130v027/xy_exp02.dat  189.006597  62.253638           73   11.7790362899    -22.39558344           73  189.006422  62.253812           73   12.4592261578  -22.2701044483           73 
/work/00115/gebhardt/maverick/vdrp/shifts/20170130v027/xy_exp02.dat   189.00429  62.256994           73    23.857109156  -18.5181978817           73  189.004425  62.256807           73   23.1778307406  -18.7254736599           73 
/work/00115/gebhardt/maverick/vdrp/shifts/20170130v027/xy_exp02.dat  189.017095  62.259635           73   19.1210283256   4.46896368953           73  189.016822  62.259787           73   19.8321923391   4.41471594655           73 
/work/00115/gebhardt/maverick/vdrp/shifts/20170130v027/xy_exp03.dat   189.01016   62.25546           73     12.804388391  -15.3339043839           73  189.009808  62.255423           73    13.0389066957  -15.8913536426           73 
/work/00115/gebhardt/maverick/vdrp/shifts/20170130v027/xy_exp03.dat  189.004497  62.257432           73    24.0977121907   -18.929264698           73  189.004425  62.256807           73    22.3371203268  -20.3354603016           73 
/work/00115/gebhardt/maverick/vdrp/shifts/20170130v027/xy_exp03.dat  189.016729   62.25976           73    19.0027788243   2.62139649967           73  189.016822  62.259787           73    18.9913067651   2.80470367687           73 
/work/00115/gebhardt/maverick/vdrp/shifts/20170131v032/xy_exp01.dat  150.257623  2.338416           73  -14.7169987914  -5.00101803241           73  150.257582  2.338425           73  -14.8228822831  -4.89337065112           73 
/work/00115/gebhardt/maverick/vdrp/shifts/20170131v032/xy_exp01.dat  150.258471  2.330739           73   10.3084127624   7.11711965895           73  150.258526  2.330769           73   10.3221944605   6.89214563457           73 
/work/00115/gebhardt/maverick/vdrp/shifts/20170131v032/xy_exp02.dat  150.257622  2.338443           73  -15.4887368843  -4.63198761621           73  150.257582  2.338425           73  -15.5103991575  -4.47568247625           73 
/work/00115/gebhardt/maverick/vdrp/shifts/20170131v032/xy_exp02.dat  150.258539  2.330746           73   9.72966369452   7.31428430754           73  150.258526  2.330769           73   9.63467580379   7.30983741764           73 
/work/00115/gebhardt/maverick/vdrp/shifts/20170131v033/xy_exp02.dat  189.080869  62.321642           73  -7.41178829479  -20.3933084141           73  189.081189  62.321705           73  -6.90427465739  -20.1100880771           73 
/work/00115/gebhardt/maverick/vdrp/shifts/20170131v033/xy_exp02.dat  189.092494  62.324465           73   12.5440264003  -11.2876480941           73  189.092621  62.324431           73   12.5777918099  -11.0448816016           73 
/work/00115/gebhardt/maverick/vdrp/shifts/20170131v033/xy_exp02.dat  189.081997  62.319084           73  -13.5236067439  -13.2514545385           73  189.081944   62.31893           73  -14.0156742606  -12.9811111911           73 
/work/00115/gebhardt/maverick/vdrp/shifts/20170131v033/xy_exp02.dat  189.079944  62.317742           73  -19.4450995843  -12.9964081514           73  189.079755  62.317633           73  -19.9489024131   -13.005084802           73 
/work/00115/gebhardt/maverick/vdrp/shifts/20170131v033/xy_exp03.dat  189.080967  62.321796           73  -8.03249235434   -22.3293884713           73  189.081189  62.321705           73   -8.0632460246   -21.8352323309           73 
/work/00115/gebhardt/maverick/vdrp/shifts/20170131v033/xy_exp03.dat  189.092626  62.324501           73   11.6226927032   -12.9177711395           73  189.092621  62.324431           73   11.4186463907   -12.7696527109           73 
/work/00115/gebhardt/maverick/vdrp/shifts/20170131v034/xy_exp01.dat  150.226417  2.169248           73   17.7171936487  -1.82004943119           73  150.226544  2.169238           73   17.4886818919  -2.21730401079           73 
/work/00115/gebhardt/maverick/vdrp/shifts/20170131v034/xy_exp01.dat  150.221802   2.17202           73   18.8675798272    17.516206265           73  150.221872  2.172106           73   18.4698469171   17.4834372581           73 
/work/00115/gebhardt/maverick/vdrp/shifts/20170131v034/xy_exp02.dat    150.2219  2.172051           73     17.4758303793   17.9115580378           73  150.221872  2.172106           73     17.3694129828   18.1065591992           73 
/work/00115/gebhardt/maverick/vdrp/shifts/20170131v034/xy_exp03.dat  150.221847  2.172069           73    16.9231609961    16.646200651           73  150.221872  2.172106           73    16.7624454831   16.6472864245           73 
/work/00115/gebhardt/maverick/vdrp/shifts/20170131v037/xy_exp01.dat  189.000633  62.235841           73  -21.2388555646  -19.2937110194           73  189.000634  62.235828           73  -21.2778818932   -19.3195954048           73 
/work/00115/gebhardt/maverick/vdrp/shifts/20170131v037/xy_exp03.dat  189.000692  62.235773           73  -23.5540139757   -20.0674762037           73  189.000634  62.235828           73  -23.3364030798   -20.0312787562           73 
/work/00115/gebhardt/maverick/vdrp/shifts/20170202v002/xy_exp01.dat  150.159804   2.42759           73   24.8675546992   8.62289859163           73   150.15992  2.427651           73   24.9045164639   8.15286107302           73 
/work/00115/gebhardt/maverick/vdrp/shifts/20170202v002/xy_exp02.dat  150.159929  2.427374           73    24.6412233145   9.22436828387           73   150.15992  2.427651           73    23.7806386887   8.71953923165           73 
/work/00115/gebhardt/maverick/vdrp/shifts/20170202v002/xy_exp03.dat  150.160004  2.427329           73   24.1558213171   8.00362329838           73   150.15992  2.427651           73    23.0142679052   7.64046278537           73 
/work/00115/gebhardt/maverick/vdrp/shifts/20170202v002/xy_exp03.dat  150.154259  2.437331           73  -17.3226023098   6.26105514007           73  150.153609  2.437804           73   -20.0103474819   7.32935199695           73 
/work/00115/gebhardt/maverick/vdrp/shifts/20170202v002/xy_exp03.dat  150.163202  2.432784           73   13.6872409605  -12.2044766218           73  150.163424  2.432693           73     14.390430272  -12.7048937069           73 
/work/00115/gebhardt/maverick/vdrp/shifts/20170202v003/xy_exp01.dat  150.153985  2.226256           73   17.1139086773     24.6830343676           73  150.154028  2.226176           73    17.4401596463    24.7038048678           73 
/work/00115/gebhardt/maverick/vdrp/shifts/20170202v003/xy_exp01.dat  150.149484  2.233461           73  -13.4628530312     24.7315321536           73  150.149684  2.233405           73   -12.9116638027    24.2271054142           73 
/work/00115/gebhardt/maverick/vdrp/shifts/20170202v003/xy_exp02.dat  150.154105  2.226355           73   15.9041695959   24.8625660902           73  150.154028  2.226176           73   16.3050482458   25.4381291993           73 
/work/00115/gebhardt/maverick/vdrp/shifts/20170202v003/xy_exp03.dat  150.149404   2.23322           73  -15.3360004096      25.0915246093           73  150.149684  2.233405           73  -15.3695142025     23.884480026           73 
/work/00115/gebhardt/maverick/vdrp/shifts/20170202v003/xy_exp03.dat  150.153995  2.226092           73   15.1763852203      24.6217085091           73  150.154028  2.226176           73   14.9823085798    24.3611850974           73 
/work/00115/gebhardt/maverick/vdrp/shifts/20170202v008/xy_exp01.dat  189.104483  62.217023           73    3.82129451037  -13.3552766084           73  189.104124  62.216911           73    3.8442958877  -14.0798117659           73 
/work/00115/gebhardt/maverick/vdrp/shifts/20170202v008/xy_exp01.dat  189.104483  62.217023           73    3.82129451037  -13.3552766084           73  189.104124  62.216911           73    3.8442958877  -14.0798117659           73 
/work/00115/gebhardt/maverick/vdrp/shifts/20170202v008/xy_exp01.dat  189.115981  62.211264           73   -24.2693802806  -9.73817811269           73  189.115742  62.211399           73  -23.6407048798  -9.78139617424           73 
/work/00115/gebhardt/maverick/vdrp/shifts/20170202v008/xy_exp01.dat  189.110815  62.214692           73   -9.18809319452  -9.60260604313           73  189.110681  62.214467           73  -9.71571886994  -10.2570384786           73 
/work/00115/gebhardt/maverick/vdrp/shifts/20170202v008/xy_exp02.dat  189.110551  62.214701           73   -9.53870277108  -9.30468423388           73  189.110681  62.214467           73   -10.3506207902  -9.61777131599           73 
/work/00115/gebhardt/maverick/vdrp/shifts/20170202v008/xy_exp02.dat  189.116323  62.211311           73   -25.1008582565  -8.53358222477           73  189.115742  62.211399           73   -24.2756028821  -9.14201508075           73 
/work/00115/gebhardt/maverick/vdrp/shifts/20170205v012/xy_exp01.dat   189.11115  62.314748           73   7.55375186089  -15.9630923721           73   189.11041  62.314708           73   6.67656165538  -16.8481116299           73 
/work/00115/gebhardt/maverick/vdrp/shifts/20170205v012/xy_exp02.dat  189.110776  62.314807           73   6.44500644254  -16.1458613297           73   189.11041  62.314708           73   5.78676638176  -16.4075875777           73 
/work/00115/gebhardt/maverick/vdrp/shifts/20170205v012/xy_exp03.dat  189.111023   62.31484           73   6.24863551445  -17.4636919792           73   189.11041  62.314708           73   5.24195503669  -17.9771816322           73 
/work/00115/gebhardt/maverick/vdrp/shifts/20170221v010/xy_exp01.dat  150.159879  2.427752           73    23.7411318749   6.79354530509           73   150.15992  2.427651           73   24.1272991139   6.86302074578           73 
/work/00115/gebhardt/maverick/vdrp/shifts/20170221v010/xy_exp02.dat  150.160031  2.427588           73   23.8549732561   7.11218255216           73   150.15992  2.427651           73     23.450025292   7.32862968587           73 
/work/00115/gebhardt/maverick/vdrp/shifts/20170221v010/xy_exp03.dat  150.160047  2.427405           73   23.4730838147    5.78197041419           73   150.15992  2.427651           73   22.4803947728    5.69528282466           73 
/work/00115/gebhardt/maverick/vdrp/shifts/20170221v013/xy_exp02.dat  189.088908  62.297087           73   -17.4200144891  -4.36725629481           73  189.089405  62.297039           73   -17.0429286808   -3.6059943778           73 
/work/00115/gebhardt/maverick/vdrp/shifts/20170221v013/xy_exp02.dat  189.090507  62.300486           73    -6.1384580767  -9.80937936913           73  189.090522  62.300519           73   -6.02947117318  -9.86290855014           73 
/work/00115/gebhardt/maverick/vdrp/shifts/20170221v013/xy_exp03.dat  189.089624  62.297168           73   -17.2283813081  -5.35414631338           73  189.089405  62.297039           73  -17.8199878596  -5.35615749007           73 
/work/00115/gebhardt/maverick/vdrp/shifts/20170221v013/xy_exp03.dat  189.090685  62.300497           73   -6.70049949343  -11.3493422892           73  189.090522  62.300519           73  -6.80642312097  -11.6128827007           73 
/work/00115/gebhardt/maverick/vdrp/shifts/20170221v014/xy_exp01.dat  189.079865  62.317595           73  -18.9230609286  -13.1901491987           73  189.079755  62.317633           73  -18.9278336855  -13.4193573203           73 
/work/00115/gebhardt/maverick/vdrp/shifts/20170221v014/xy_exp01.dat  189.081238  62.321827           73  -5.48126448642  -20.7202087468           73  189.081189  62.321705           73  -5.87841940327  -20.5155656967           73 
/work/00115/gebhardt/maverick/vdrp/shifts/20170221v014/xy_exp01.dat  189.092463  62.324381           73   13.2933149773  -11.5354492658           73  189.092621  62.324431           73   13.5975319896  -11.4372285549           73 
/work/00115/gebhardt/maverick/vdrp/shifts/20170221v014/xy_exp02.dat  189.079787  62.317827           73  -19.0221411091  -13.1533985759           73  189.079755  62.317633           73  -19.6066026841  -12.7673521317           73 
/work/00115/gebhardt/maverick/vdrp/shifts/20170221v014/xy_exp02.dat  189.080779  62.321603           73  -7.26771489744  -20.1799006955           73  189.081189  62.321705           73  -6.55719502757  -19.8635726499           73 
/work/00115/gebhardt/maverick/vdrp/shifts/20170221v014/xy_exp02.dat  189.092404  62.324435           73   12.7075561724  -11.0806366741           73  189.092621  62.324431           73   12.9187647496  -10.7852535946           73 
/work/00115/gebhardt/maverick/vdrp/shifts/20170221v014/xy_exp02.dat   189.08182  62.319079           73  -13.3769058385   -13.232157629           73  189.081944   62.31893           73   -13.673391995  -12.7393844949           73 
/work/00115/gebhardt/maverick/vdrp/shifts/20170221v014/xy_exp03.dat  189.081169  62.322018           73  -6.62446662473   -22.1396927427           73  189.081189  62.321705           73  -7.49396857408     -21.422222011           73 
/work/00115/gebhardt/maverick/vdrp/shifts/20170221v014/xy_exp03.dat  189.079668  62.317889           73  -19.9047804258   -15.0063388496           73  189.079755  62.317633           73  -20.5434945664     -14.326219356           73 
/work/00115/gebhardt/maverick/vdrp/shifts/20170221v014/xy_exp03.dat  189.092239  62.324478           73   11.7236504819   -12.9518093471           73  189.092621  62.324431           73    11.981839395    -12.3435780579           73 
/work/00115/gebhardt/maverick/vdrp/shifts/20170221v015/xy_exp01.dat  150.130166  2.370621           73    1.7638931682  -12.5862670376           73  150.130202  2.370488           73   2.08163832242  -12.9671280688           73 
/work/00115/gebhardt/maverick/vdrp/shifts/20170222v007/xy_exp01.dat  150.153896  2.226044           73     19.8211454804     24.816875196           73  150.154028  2.226176           73    19.6681935213       24.162737471           73 
/work/00115/gebhardt/maverick/vdrp/shifts/20170222v007/xy_exp02.dat  150.153954  2.226286           73   18.1630395772    24.811340203           73  150.154028  2.226176           73   18.6398910899   24.7942825738           73 
/work/00115/gebhardt/maverick/vdrp/shifts/20170222v007/xy_exp02.dat  150.149394  2.233457           73  -12.4217768989   25.1162759445           73  150.149684  2.233405           73  -11.7121107994   24.3290657432           73 
/work/00115/gebhardt/maverick/vdrp/shifts/20170222v007/xy_exp03.dat  150.149128   2.23333           73  -13.1233939891    24.4515265312           73  150.149684  2.233405           73  -12.2969428951    22.610276259           73 
/work/00115/gebhardt/maverick/vdrp/shifts/20170222v007/xy_exp03.dat  150.153769  2.226094           73   17.8139748558    24.0226299911           73  150.154028  2.226176           73   18.0550587539   23.0754862316           73 
/work/00115/gebhardt/maverick/vdrp/shifts/20170222v008/xy_exp01.dat  150.165505  2.331516           73     25.076645082    -21.780241887           73  150.166033  2.331808           73    25.1865675631  -23.9481915259           73 
/work/00115/gebhardt/maverick/vdrp/shifts/20170222v008/xy_exp01.dat  150.154771  2.331614           73    4.39274241363    10.8244522565           73  150.154679  2.331847           73    3.50565723922   10.6626537019           73 
/work/00115/gebhardt/maverick/vdrp/shifts/20170222v008/xy_exp01.dat  150.154891  2.326311           73    20.8339866661    20.5368846952           73   150.15494  2.326533           73    20.2482989942   19.9652570971           73 
/work/00115/gebhardt/maverick/vdrp/shifts/20170222v008/xy_exp02.dat  150.162726   2.33635           73   4.14012472174    -21.8815431937           73  150.162718  2.336423           73   3.90174207819  -21.9958486839           73 
/work/00115/gebhardt/maverick/vdrp/shifts/20170222v008/xy_exp02.dat  150.154685  2.331695           73   3.10214203468     11.5299608938           73  150.154679  2.331847           73   2.62602405469   11.2593948839           73 
/work/00115/gebhardt/maverick/vdrp/shifts/20170222v008/xy_exp02.dat  150.165904  2.331688           73   24.4288556287    -22.7292951677           73  150.166033  2.331808           73   24.3069410017  -23.3514461672           73 
/work/00115/gebhardt/maverick/vdrp/shifts/20170222v008/xy_exp02.dat  150.154876  2.326265           73   20.0665057246     21.2668811259           73   150.15494  2.326533           73   19.3686639284   20.5620015263           73 
/work/00115/gebhardt/maverick/vdrp/shifts/20170222v008/xy_exp03.dat   150.16573   2.33106           73    24.8116561805  -22.8132135445           73  150.166033  2.331808           73    23.1001196329  -25.1604901761           73 
/work/00115/gebhardt/maverick/vdrp/shifts/20170222v008/xy_exp03.dat  150.154934   2.32614           73    19.3520117645   19.5182326647           73   150.15494  2.326533           73    18.1618503134    18.752957671           73 
/work/00115/gebhardt/maverick/vdrp/shifts/20170222v010/xy_exp01.dat  189.135459  62.283269           73  -2.39296502236  -12.4164999038           73   189.13538  62.283203           73  -2.66161074152  -12.3743105188           73 
/work/00115/gebhardt/maverick/vdrp/shifts/20170222v010/xy_exp02.dat  189.132926  62.286453           73   3.51209057314  -22.4203627751           73  189.133184  62.286551           73   4.05609003333  -22.2974633666           73 
/work/00115/gebhardt/maverick/vdrp/shifts/20170222v010/xy_exp02.dat  189.135388  62.283103           73  -3.44807915705  -11.7436929675           73   189.13538  62.283203           73  -3.17276468411  -11.9760321409           73 
/work/00115/gebhardt/maverick/vdrp/shifts/20170222v010/xy_exp03.dat  189.135518  62.283129           73  -4.04970405512  -13.2491865226           73   189.13538  62.283203           73   -3.9822121139  -13.5953135866           73 
/work/00115/gebhardt/maverick/vdrp/shifts/20170225v007/xy_exp01.dat  150.253454  2.228975           73   5.00406076435   25.4033381172           73  150.253878  2.229362           73   4.61712956754    23.374133356           73 
/work/00115/gebhardt/maverick/vdrp/shifts/20170225v007/xy_exp02.dat  150.253667  2.229023           73   3.91703933407     25.3974376789           73  150.253878  2.229362           73   3.27561938865    24.111326914           73 
/work/00115/gebhardt/maverick/vdrp/shifts/20170225v007/xy_exp03.dat  150.262043  2.238498           73    -10.165112517  -20.2991739018           73  150.262003   2.23865           73  -10.7065356447  -20.4634714807           73 
/work/00115/gebhardt/maverick/vdrp/shifts/20170225v014/xy_exp01.dat  189.010109  62.255457           73    15.9541544951  -11.2644871899           73  189.009808  62.255423           73    16.1475621262   -11.746196861           73 
/work/00115/gebhardt/maverick/vdrp/shifts/20170225v014/xy_exp01.dat  189.016777  62.259869           73    22.3924751029   7.05725699528           73  189.016822  62.259787           73     22.108375882   6.94718064608           73 
/work/00115/gebhardt/maverick/vdrp/shifts/20170225v014/xy_exp02.dat  189.009776  62.255398           73    15.315857849  -11.4174296386           73  189.009808  62.255423           73   15.3579621827  -11.3214956292           73 
/work/00115/gebhardt/maverick/vdrp/shifts/20170225v014/xy_exp02.dat  189.016888  62.259931           73   21.6766770724   7.76295939008           73  189.016822  62.259787           73   21.3189144656   7.37183768605           73 
/work/00115/gebhardt/maverick/vdrp/shifts/20170225v014/xy_exp03.dat  189.003982   62.25704           73   24.9074614282   -17.3454520036           73  189.004425  62.256807           73   23.7934318549   -17.2285296489           73 
/work/00115/gebhardt/maverick/vdrp/shifts/20170225v014/xy_exp03.dat  189.017058  62.259909           73   20.5858930883    6.49015281675           73  189.016822  62.259787           73   20.4580575866    5.91314191083           73 
/work/00115/gebhardt/maverick/vdrp/shifts/20170225v014/xy_exp03.dat  189.006829  62.253941           73    13.054968387   -19.9433992404           73  189.006422  62.253812           73    13.073256006   -20.7684059775           73 
/work/00115/gebhardt/maverick/vdrp/shifts/20170225v014/xy_exp03.dat  189.009779  62.255439           73   14.5723414332   -12.7863286271           73  189.009808  62.255423           73   14.4972238051   -12.7802288644           73 
/work/00115/gebhardt/maverick/vdrp/shifts/20170225v015/xy_exp01.dat  189.000907  62.235727           73  -22.6681100228   -15.8728222485           73  189.000634  62.235828           73  -22.1060173153   -16.0336262254           73 
/work/00115/gebhardt/maverick/vdrp/shifts/20170225v015/xy_exp02.dat  189.000804  62.235734           73    -23.3862392984   -15.3825148815           73  189.000634  62.235828           73   -22.945141267  -15.4174990676           73 
/work/00115/gebhardt/maverick/vdrp/shifts/20170225v015/xy_exp03.dat  189.000802  62.235662           73  -24.4245167936  -17.1609957149           73  189.000634  62.235828           73  -23.7745577906  -17.0424408356           73 
/work/00115/gebhardt/maverick/vdrp/shifts/20170301v013/xy_exp01.dat  188.991826  62.249187           73   24.8696753659  -0.000255114087167           73  188.991209  62.249313           73   25.8396318635  -0.578709517014           73 
/work/00115/gebhardt/maverick/vdrp/shifts/20170301v013/xy_exp01.dat  189.000847  62.235797           73  -23.1560049988      -15.6822912607           73  189.000634  62.235828           73  -22.8577220491   -15.9082883433           73 
/work/00115/gebhardt/maverick/vdrp/shifts/20170301v013/xy_exp02.dat   189.00072  62.235908           73  -23.9845382943    -15.1344581175           73  189.000634  62.235828           73  -24.1352567391    -15.4191123776           73 
/work/00115/gebhardt/maverick/vdrp/shifts/20170301v013/xy_exp02.dat  188.991165  62.249356           73    24.731108683  -0.0601742078616           73  188.991209  62.249313           73   24.5622577499  -0.0900449565345           73 
/work/00115/gebhardt/maverick/vdrp/shifts/20170301v013/xy_exp03.dat  188.991768  62.249362           73   24.5106109527  -0.705659596993           73  188.991209  62.249313           73    24.911257902  -1.57088371251           73 
/work/00115/gebhardt/maverick/vdrp/shifts/20170301v013/xy_exp03.dat   189.00075  62.235761           73  -24.0953879379   -16.8822769963           73  189.000634  62.235828           73  -23.7860576119  -16.9005825136           73 
/work/00115/gebhardt/maverick/vdrp/shifts/20170301v014/xy_exp02.dat  189.000684  62.235924           73  -20.4098164663  -13.1447608965           73  189.000634  62.235828           73   -20.642574435  -13.4136365214           73 
/work/00115/gebhardt/maverick/vdrp/shifts/20170301v014/xy_exp03.dat  189.000716  62.235916           73  -20.1840603605  -14.6275136617           73  189.000634  62.235828           73  -20.3622144053  -14.9233744737           73 
/work/00115/gebhardt/maverick/vdrp/shifts/20170303v014/xy_exp01.dat  214.824658   52.86427           73    24.8701449623   -17.613480629           73  214.824913  52.864229           73      25.32375039   -17.262527461           73 
/work/00115/gebhardt/maverick/vdrp/shifts/20170303v014/xy_exp02.dat  214.824778  52.864498           73   24.8322756484  -17.5825459877           73  214.824913  52.864229           73   24.7272044647  -16.5761446194           73 
/work/00115/gebhardt/maverick/vdrp/shifts/20170303v014/xy_exp03.dat  214.829329  52.858499           73   24.6717857103   4.33426313336           73  214.829842  52.858594           73   25.8322335891   4.45134665298           73 
/work/00115/gebhardt/maverick/vdrp/shifts/20170303v014/xy_exp03.dat  214.825415  52.864176           73   24.7547139918  -17.8026413106           73  214.824913  52.864229           73   23.8230493152  -18.4015805515           73 
/work/00115/gebhardt/maverick/vdrp/shifts/20170305v009/xy_exp01.dat  215.037918  53.019885           73   2.15499201573  -3.06695159154           73  215.038269  53.019953           73   2.95007633202   -2.9926213016           73 
/work/00115/gebhardt/maverick/vdrp/shifts/20170305v009/xy_exp01.dat  215.038974  53.022468           73   7.91898537939  -10.7137370902           73  215.038976  53.022371           73   7.78544677973   -10.391049967           73 
/work/00115/gebhardt/maverick/vdrp/shifts/20170306v018/xy_exp02.dat  189.051957  62.244128           73  -10.1923466409   11.0251415382           73  189.051691  62.244031           73   -10.217513528   10.4592898153           73 
/work/00115/gebhardt/maverick/vdrp/shifts/20170306v018/xy_exp03.dat  189.038035  62.241442           73  -5.76107051617  -15.2949073103           73  189.038174  62.241145           73  -6.76665276999   -15.726546474           73 
/work/00115/gebhardt/maverick/vdrp/shifts/20170306v018/xy_exp03.dat  189.051867  62.244104           73  -11.4355888548   9.14803513849           73  189.051691  62.244031           73  -11.4780814616   8.75519212484           73 
/work/00115/gebhardt/maverick/vdrp/shifts/20170306v021/xy_exp01.dat   189.06613   62.21043           73  -10.5512448921  -17.5023333603           73  189.066175  62.210436           73  -10.5778079409  -17.4284041297           73 
/work/00115/gebhardt/maverick/vdrp/shifts/20170306v021/xy_exp02.dat  189.066151  62.210408           73  -11.2428168354  -16.9846627999           73  189.066175  62.210436           73  -11.1845014182  -16.8931062394           73 
/work/00115/gebhardt/maverick/vdrp/shifts/20170306v021/xy_exp03.dat  189.066285   62.21049           73   -12.008452128   -18.189081776           73  189.066175  62.210436           73  -12.0584782778  -18.4524736673           73 
/work/00115/gebhardt/maverick/vdrp/shifts/20170321v007/xy_exp01.dat  165.909546  18.045472           73   19.3415037931  -9.20990413202           73  165.909644  18.045452           73   19.6688586033  -9.31260324639           73 
/work/00115/gebhardt/maverick/vdrp/shifts/20170322v011/xy_exp01.dat  215.023432  53.010203           73    1.11015347536  -8.88019469275           73  215.023319    53.0102           73  0.880942512279  -8.96672093032           73 
/work/00115/gebhardt/maverick/vdrp/shifts/20170322v011/xy_exp01.dat  215.034614  53.009082           73    21.7817823862   4.37186270612           73  215.034655  53.009118           73   21.9144633151   4.28772571169           73 
/work/00115/gebhardt/maverick/vdrp/shifts/20170322v011/xy_exp01.dat  215.034614  53.009082           73    21.7817823862   4.37186270612           73  215.034655  53.009118           73   21.9144633151   4.28772571169           73 
/work/00115/gebhardt/maverick/vdrp/shifts/20170322v011/xy_exp01.dat  215.029655  53.005041           73    6.17729670612   13.5110923605           73  215.029562  53.004841           73   5.70845595576    14.093481428           73 
/work/00115/gebhardt/maverick/vdrp/shifts/20170322v011/xy_exp02.dat  215.023065  53.010229           73  -1.19062216663  -8.83261980506           73  215.023319    53.0102           73  -0.726115278868   -8.51985830019           73 
/work/00115/gebhardt/maverick/vdrp/shifts/20170322v011/xy_exp02.dat  215.034846  53.009207           73   20.8137769465   4.60324816395           73  215.034655  53.009118           73    20.3072944286    4.73476416289           73 
/work/00115/gebhardt/maverick/vdrp/shifts/20170322v011/xy_exp02.dat  215.034846  53.009207           73   20.8137769465   4.60324816395           73  215.034655  53.009118           73    20.3072944286    4.73476416289           73 
/work/00115/gebhardt/maverick/vdrp/shifts/20170322v011/xy_exp02.dat  215.029325  53.005072           73   3.95697255006   13.5737681713           73  215.029562  53.004841           73    4.10120521853    14.5403843602           73 
/work/00115/gebhardt/maverick/vdrp/shifts/20170322v011/xy_exp03.dat  215.029391  53.004758           73    3.93909704305    12.9942501706           73  215.029562  53.004841           73      4.397296263     12.865571586           73 
/work/00115/gebhardt/maverick/vdrp/shifts/20170322v011/xy_exp03.dat  215.023309  53.010317           73   -0.28388772862   -10.5903341624           73  215.023319    53.0102           73  -0.429966197144   -10.1946829436           73 
/work/00115/gebhardt/maverick/vdrp/shifts/20170322v011/xy_exp03.dat  215.034607  53.009229           73    20.6652615169    2.65174604959           73  215.034655  53.009118           73    20.6034100827    3.05999219516           73 
/work/00115/gebhardt/maverick/vdrp/shifts/20170322v011/xy_exp03.dat  215.034607  53.009229           73    20.6652615169    2.65174604959           73  215.034655  53.009118           73    20.6034100827    3.05999219516           73 
/work/00115/gebhardt/maverick/vdrp/shifts/20170322v014/xy_exp01.dat  189.040584  62.239676           73  -11.3679559091  -13.5939488376           73  189.040554   62.23959           73  -11.5907750032  -13.8147076309           73 
/work/00115/gebhardt/maverick/vdrp/shifts/20170322v014/xy_exp01.dat  189.038016  62.241268           73  -4.20163924704  -13.7705183814           73  189.038174  62.241145           73  -4.71596379967   -13.812045041           73 
/work/00115/gebhardt/maverick/vdrp/shifts/20170322v014/xy_exp01.dat  189.052015  62.243957           73  -9.95089763417   10.9589581344           73  189.051691  62.244031           73  -9.41860284553   10.6713839122           73 
/work/00115/gebhardt/maverick/vdrp/shifts/20170322v014/xy_exp02.dat  189.051551  62.244109           73   -10.222619052     11.7863840117           73  189.051691  62.244031           73   -10.5875204798    11.8144433687           73 
/work/00115/gebhardt/maverick/vdrp/shifts/20170322v014/xy_exp03.dat  189.038225  62.241122           73  -6.29685866138  -13.9702450089           73  189.038174  62.241145           73   -6.1797901882  -13.9917653973           73 
/work/00115/gebhardt/maverick/vdrp/shifts/20170322v014/xy_exp03.dat  189.051746  62.244156           73  -10.5694346721   10.8280521419           73  189.051691  62.244031           73  -10.8822704611   10.4916939184           73 
/work/00115/gebhardt/maverick/vdrp/shifts/20170322v016/xy_exp01.dat  189.066066  62.210451           73  -9.41448874617  -18.2735176467           73  189.066175  62.210436           73  -9.56514257774  -18.1565176295           73 
/work/00115/gebhardt/maverick/vdrp/shifts/20170322v016/xy_exp02.dat  189.066138   62.21039           73  -11.2268263152   -17.671000214           73  189.066175  62.210436           73  -11.1286374128  -17.5238984733           73 
/work/00115/gebhardt/maverick/vdrp/shifts/20170322v016/xy_exp03.dat  189.066029  62.210378           73  -10.7121854453    -19.1388959799           73  189.066175  62.210436           73   -10.685739122  -18.8180426304           73 
/work/00115/gebhardt/maverick/vdrp/shifts/20170322v018/xy_exp01.dat  214.964547  52.924001           73  8.35835748975   -19.454426401           73  214.964659  52.924273           73   8.56561626562  -18.4670232552           73 
/work/00115/gebhardt/maverick/vdrp/shifts/20170322v018/xy_exp01.dat  214.967515    52.9264           73   6.3173039686  -8.87551398349           73  214.967478  52.926269           73   6.18435809979   -9.3350574645           73 
/work/00115/gebhardt/maverick/vdrp/shifts/20170322v018/xy_exp01.dat  214.967515    52.9264           73   6.3173039686  -8.87551398349           73  214.967478  52.926269           73   6.18435809979   -9.3350574645           73 
/work/00115/gebhardt/maverick/vdrp/shifts/20170322v018/xy_exp02.dat  214.967441  52.926181           73   5.29505827263   -8.6172917775           73  214.967478  52.926269           73   5.36063696812  -8.29712036276           73 
/work/00115/gebhardt/maverick/vdrp/shifts/20170322v018/xy_exp02.dat  214.967441  52.926181           73   5.29505827263   -8.6172917775           73  214.967478  52.926269           73   5.36063696812  -8.29712036276           73 
/work/00115/gebhardt/maverick/vdrp/shifts/20170322v018/xy_exp03.dat  214.977768  52.930461           73   -8.94385229023   13.0219702029           73  214.977751  52.930517           73   -8.82287721742    13.187404726           73 
/work/00115/gebhardt/maverick/vdrp/shifts/20170322v018/xy_exp03.dat  214.967419   52.92626           73    4.69279004549   -10.369415135           73  214.967478  52.926269           73    4.59160902546   -10.284518903           73 
/work/00115/gebhardt/maverick/vdrp/shifts/20170322v018/xy_exp03.dat  214.967419   52.92626           73    4.69279004549   -10.369415135           73  214.967478  52.926269           73    4.59160902546   -10.284518903           73 
/work/00115/gebhardt/maverick/vdrp/shifts/20170322v018/xy_exp03.dat  214.964533  52.924291           73    7.24721747444  -19.4771602511           73  214.964659  52.924273           73    6.97280746283  -19.4165001707           73 
/work/00115/gebhardt/maverick/vdrp/shifts/20170322v019/xy_exp02.dat  214.944836  52.913048           73   16.9198550535   -24.4789959059           73  214.944859  52.913372           73   17.3819979854   -23.4068912529           73 
/work/00115/gebhardt/maverick/vdrp/shifts/20170326v007/xy_exp01.dat  150.226936  2.268213           73   20.3429906274  -1.93414272478           73  150.227114  2.268095           73   20.3290907831  -2.70241633475           73 
/work/00115/gebhardt/maverick/vdrp/shifts/20170326v007/xy_exp01.dat  150.226936  2.268213           73   20.3429906274  -1.93414272478           73  150.227114  2.268095           73   20.3290907831  -2.70241633475           73 
/work/00115/gebhardt/maverick/vdrp/shifts/20170326v007/xy_exp02.dat  150.227122  2.268252           73    18.0983294899  -1.89768233746           73  150.227114  2.268095           73   18.5799157836  -2.19492673876           73 
/work/00115/gebhardt/maverick/vdrp/shifts/20170326v007/xy_exp02.dat  150.227122  2.268252           73    18.0983294899  -1.89768233746           73  150.227114  2.268095           73   18.5799157836  -2.19492673876           73 
/work/00115/gebhardt/maverick/vdrp/shifts/20170326v007/xy_exp03.dat  150.227057  2.268218           73   18.8082938138  -3.23963926408           73  150.227114  2.268095           73   19.0563599458  -3.65984922584           73 
/work/00115/gebhardt/maverick/vdrp/shifts/20170326v007/xy_exp03.dat  150.227057  2.268218           73   18.8082938138  -3.23963926408           73  150.227114  2.268095           73   19.0563599458  -3.65984922584           73 
/work/00115/gebhardt/maverick/vdrp/shifts/20170326v013/xy_exp01.dat  214.568422  52.761638           73   9.67275565318   24.4553438967           73   214.56833  52.761327           73   9.37399623621   23.3578839207           73 
/work/00115/gebhardt/maverick/vdrp/shifts/20170326v013/xy_exp02.dat  214.568551  52.761473           73   8.17408495869   25.3057139518           73   214.56833  52.761327           73   8.38380381254    24.6244912716           73 
/work/00115/gebhardt/maverick/vdrp/shifts/20170326v013/xy_exp03.dat  214.568382  52.761421           73    7.8017891519   23.5617832799           73   214.56833  52.761327           73   7.75910427377   23.2074874671           73 
/work/00115/gebhardt/maverick/vdrp/shifts/20170327v011/xy_exp01.dat  214.586005   52.77333           73  -9.92790141895   8.85537058407           73  214.585948  52.773418           73  -9.67983847569   9.08826094626           73 
/work/00115/gebhardt/maverick/vdrp/shifts/20170327v011/xy_exp02.dat   214.57941   52.76677           73   -8.56202467164  -17.7386941863           73  214.579633  52.766737           73   -9.0517636005  -17.6376203928           73 
/work/00115/gebhardt/maverick/vdrp/shifts/20170327v011/xy_exp02.dat   214.58593   52.77329           73   -11.3189554299   9.55602149261           73  214.585948  52.773418           73  -11.1566424567   9.98906694223           73 
/work/00115/gebhardt/maverick/vdrp/shifts/20170327v011/xy_exp03.dat  214.586076  52.773309           73  -11.1426986739   8.23278890655           73  214.585948  52.773418           73   -10.722523763   8.46761630497           73 
/work/00115/gebhardt/maverick/vdrp/shifts/20170327v012/xy_exp01.dat  214.856488  52.938487           73   19.2077833698  -17.7646599433           73  214.856392  52.938459           73     19.35156799  -17.9459572561           73 
/work/00115/gebhardt/maverick/vdrp/shifts/20170327v012/xy_exp02.dat  214.856554  52.938474           73   18.0068529422   -17.676849213           73  214.856392  52.938459           73   18.2999411883  -17.8782259421           73 
/work/00115/gebhardt/maverick/vdrp/shifts/20170327v012/xy_exp03.dat  214.856428  52.938249           73   17.9706780481  -19.4781057042           73  214.856392  52.938459           73   18.3695570446  -18.8311641771           73 
/work/00115/gebhardt/maverick/vdrp/shifts/20170328v018/xy_exp02.dat  214.591891  52.753128           73  -18.2187974408  -19.6468081888           73  214.592007  52.753078           73   -18.524396895  -19.7005954089           73 
/work/00115/gebhardt/maverick/vdrp/shifts/20170328v018/xy_exp02.dat  214.583748  52.760246           73    8.8183499341  -4.14260617399           73   214.58399  52.759973           73   7.91975597879  -4.80319497592           73 
/work/00115/gebhardt/maverick/vdrp/shifts/20170328v018/xy_exp03.dat  214.591773  52.752845           73  -19.2754438211   -22.106251824           73  214.592007  52.753078           73   -19.374957727  -21.1297039261           73 
/work/00115/gebhardt/maverick/vdrp/shifts/20170328v018/xy_exp03.dat  214.583661  52.760177           73   8.03210459799  -5.87750468895           73   214.58399  52.759973           73   7.06920927877  -6.23232944772           73 
/work/00115/gebhardt/maverick/vdrp/shifts/20170328v019/xy_exp01.dat   214.68806  52.856758           73    21.6481069387   -13.3656548701           73  214.688127  52.856697           73    21.4218339654   -13.500694053           73 
/work/00115/gebhardt/maverick/vdrp/shifts/20170328v019/xy_exp01.dat  214.693682  52.865999           73    25.0158284955    21.9147367392           73  214.693977  52.865881           73    24.2540600034    21.808965322           73 
/work/00115/gebhardt/maverick/vdrp/shifts/20170328v019/xy_exp02.dat  214.698738  52.856949           73  -0.335127288789   -2.05939098102           73  214.698224  52.856886           73  0.574147175592     -2.747131066           73 
/work/00115/gebhardt/maverick/vdrp/shifts/20170328v019/xy_exp03.dat   214.69804  52.856918           73   1.32859315594  -4.25896648243           73  214.698224  52.856886           73  0.918150321034  -4.18984504413           73 
/work/00115/gebhardt/maverick/vdrp/shifts/20170330v006/xy_exp01.dat  214.954573  52.969985           73  -15.8437253591  -25.2776436161           73  214.954436  52.969903           73  -16.2328316915  -25.1228489539           73 
/work/00115/gebhardt/maverick/vdrp/shifts/20170330v006/xy_exp02.dat  214.954154   52.97016           73  -17.4484648649  -24.8865871647           73  214.954436  52.969903           73  -17.2496663733  -23.7955924916           73 
/work/00115/gebhardt/maverick/vdrp/shifts/20170330v006/xy_exp03.dat  214.954389  52.969871           73  -17.5046971833  -25.1102558131           73  214.954436  52.969903           73  -17.3657366937  -25.1761668719           73 
/work/00115/gebhardt/maverick/vdrp/shifts/20170331v006/xy_exp02.dat  150.128793  2.279927           73  -23.1517971696   10.9729101007           73  150.128913  2.279953           73  -23.4743900031   10.6712085046           73 
/work/00115/gebhardt/maverick/vdrp/shifts/20170331v008/xy_exp01.dat  215.059425  53.035383           73    21.5072446552  -13.5624713618           73  215.059233  53.035438           73   21.2032320343  -13.9082051312           73 
/work/00115/gebhardt/maverick/vdrp/shifts/20170331v008/xy_exp02.dat  215.059051  53.035363           73   19.3614127911  -13.3072313031           73  215.059233  53.035438           73   19.8299074998   -13.400171598           73 
/work/00115/gebhardt/maverick/vdrp/shifts/20170331v008/xy_exp03.dat  215.059186  53.035545           73   20.2867621431   -15.2684898547           73  215.059233  53.035438           73   20.2285158275        -14.87436           73 
/work/00115/gebhardt/maverick/vdrp/shifts/20170331v013/xy_exp01.dat  214.717223  52.856518           73  -5.93501516585   -21.754849728           73  214.717125  52.856268           73  -6.13578113071  -22.6576643768           73 
/work/00115/gebhardt/maverick/vdrp/shifts/20170331v013/xy_exp01.dat  214.717223  52.856518           73  -5.93501516585   -21.754849728           73  214.717125  52.856268           73  -6.13578113071  -22.6576643768           73 
/work/00115/gebhardt/maverick/vdrp/shifts/20170331v013/xy_exp02.dat  214.716925  52.856393           73  -6.71046865211    -21.99914252           73  214.717125  52.856268           73  -7.29793825502   -22.2145150456           73 
/work/00115/gebhardt/maverick/vdrp/shifts/20170331v013/xy_exp02.dat  214.716925  52.856393           73  -6.71046865211    -21.99914252           73  214.717125  52.856268           73  -7.29793825502   -22.2145150456           73 
/work/00115/gebhardt/maverick/vdrp/shifts/20170418v003/xy_exp01.dat  189.543466  62.251489           73   11.2127494424   13.4527682336           73  189.543439   62.25138           73    10.8764796913      13.6600088793           73 
/work/00115/gebhardt/maverick/vdrp/shifts/20170418v003/xy_exp02.dat  189.543398  62.251436           73   11.8490046898   12.5325780538           73  189.543439   62.25138           73   11.7331485744   12.7113030462           73 
/work/00115/gebhardt/maverick/vdrp/shifts/20170418v003/xy_exp03.dat  189.543744  62.251532           73   10.7859057876   12.0787895685           73  189.543439   62.25138           73   10.0397157479   12.0157396759           73 
/work/00115/gebhardt/maverick/vdrp/shifts/20170418v004/xy_exp01.dat  150.125187  1.874651           73    11.8630846364  -4.15020050214           73  150.125159   1.87469           73    11.8020301964   -3.98853937603           73 
/work/00115/gebhardt/maverick/vdrp/shifts/20170418v004/xy_exp02.dat  150.124579  1.874922           73   12.8038878922   -3.57488291701           73  150.125159   1.87469           73   12.3428325108  -5.77489973625           73 
/work/00115/gebhardt/maverick/vdrp/shifts/20170418v005/xy_exp01.dat  216.014931  53.279849           73   24.6484813067   9.17829867925           73  216.014739  53.279596           73   23.9049302087   9.84724234976           73 
/work/00115/gebhardt/maverick/vdrp/shifts/20170418v005/xy_exp01.dat  216.012132  53.277455           73   15.6753283638   14.6609218443           73  216.012149  53.277549           73    15.844440725   14.3655325361           73 
/work/00115/gebhardt/maverick/vdrp/shifts/20170418v005/xy_exp02.dat  216.012139  53.277607           73   16.5831306881   13.1640447419           73  216.012149  53.277549           73   16.5191952694   13.3639775561           73 
/work/00115/gebhardt/maverick/vdrp/shifts/20170418v005/xy_exp02.dat   216.01473  53.279545           73   24.4883735266   9.00613703929           73  216.014739  53.279596           73   24.5796784613   8.84567613304           73 
/work/00115/gebhardt/maverick/vdrp/shifts/20170418v005/xy_exp03.dat  216.003608  53.283864           73    7.5486969704  -15.3335149863           73   216.00342  53.283712           73   6.95868193932  -14.9943498261           73 
/work/00115/gebhardt/maverick/vdrp/shifts/20170418v005/xy_exp03.dat  216.015195  53.279648           73   24.3167665015    8.5656948599           73  216.014739  53.279596           73   23.3424515555    8.3439818132           73 
/work/00115/gebhardt/maverick/vdrp/shifts/20170418v005/xy_exp03.dat  216.012307  53.277488           73   15.5055580478     13.19968663           73  216.012149  53.277549           73   15.2819292484   12.8622133005           73 
/work/00115/gebhardt/maverick/vdrp/shifts/20170418v013/xy_exp02.dat  189.220437  62.302114           73  4.70194363746   6.98871150889           73  189.220236   62.30211           73  4.88415673448   6.70564288233           73 
/work/00115/gebhardt/maverick/vdrp/shifts/20170418v013/xy_exp03.dat   189.22004  62.302064           73   3.49352515989   6.14117032094           73  189.220236   62.30211           73   3.43965846343   6.50460687848           73 
/work/00115/gebhardt/maverick/vdrp/shifts/20170419v006/xy_exp03.dat   214.60931  52.667723           73  -12.5698729227     16.054691395           73   214.60929  52.667608           73  -12.7684224943    16.420588626           73 
/work/00115/gebhardt/maverick/vdrp/shifts/20170419v006/xy_exp03.dat  214.617497  52.673999           73   12.5789364185    2.00372609997           73  214.617482  52.673993           73   12.5404253052    2.0111794099           73 
/work/00115/gebhardt/maverick/vdrp/shifts/20170420v016/xy_exp01.dat  213.974585  53.356039           73    -11.4097051244    8.35282761592           73  213.974528  53.356079           73   -11.2355351308    8.42631357088           73 
/work/00115/gebhardt/maverick/vdrp/shifts/20170420v016/xy_exp01.dat  213.963076   53.36084           73     18.4495972218    12.6631045369           73  213.963007  53.360772           73    18.4718677295    12.3777873317           73 
/work/00115/gebhardt/maverick/vdrp/shifts/20170420v016/xy_exp02.dat  213.959662  53.357222           73   19.4215737651    -3.86105993892           73  213.959969   53.35718           73   18.7644461163   -3.69940847403           73 
/work/00115/gebhardt/maverick/vdrp/shifts/20170420v016/xy_exp02.dat  213.974461  53.356095           73  -10.8011808503     6.82071728678           73  213.974528  53.356079           73  -10.9556596428    6.83405696348           73 
/work/00115/gebhardt/maverick/vdrp/shifts/20170420v016/xy_exp02.dat  213.963434  53.360802           73   17.9809979902     11.2948417481           73  213.963007  53.360772           73    18.751718194    10.7857177825           73 
/work/00115/gebhardt/maverick/vdrp/shifts/20170420v016/xy_exp03.dat  213.962789  53.360823           73    17.5746826966     11.181057957           73  213.963007  53.360772           73    17.0738059164    11.227769455           73 
/work/00115/gebhardt/maverick/vdrp/shifts/20170420v016/xy_exp03.dat  213.974552  53.356085           73   -12.6699463941    7.31893158205           73  213.974528  53.356079           73      -12.6336153   7.27643724684           73 
/work/00115/gebhardt/maverick/vdrp/shifts/20170421v016/xy_exp01.dat  213.963796  53.196478           73    21.3412720903   22.9205581299           73  213.963833  53.196471           73     21.2585774375   22.9333694489           73 
/work/00115/gebhardt/maverick/vdrp/shifts/20170421v016/xy_exp01.dat  213.963683  53.183961           73    1.57132885546   -17.572959253           73  213.963697  53.184055           73     1.69436904042  -17.2562763926           73 
/work/00115/gebhardt/maverick/vdrp/shifts/20170421v016/xy_exp01.dat  213.970132  53.183538           73   -11.5727524952  -12.7658448927           73  213.970229  53.183612           73    -11.6420973512  -12.4342581126           73 
/work/00115/gebhardt/maverick/vdrp/shifts/20170421v016/xy_exp01.dat  213.970782    53.1867           73   -7.77904333159  -1.94219444981           73  213.970945   53.18673           73    -8.04624143589  -1.68940380792           73 
/work/00115/gebhardt/maverick/vdrp/shifts/20170421v016/xy_exp01.dat  213.967032   53.18782           73    1.25932215747  -1.91746839555           73  213.967099  53.187857           73     1.18888728108  -1.73397771228           73 
/work/00115/gebhardt/maverick/vdrp/shifts/20170421v016/xy_exp02.dat  213.963811   53.19655           73   21.8275279277    21.6435551624           73  213.963833  53.196471           73    21.658850935     21.4097115536           73 
/work/00115/gebhardt/maverick/vdrp/shifts/20170421v016/xy_exp02.dat  213.963719  53.184094           73   2.11465466031   -18.6331810717           73  213.963697  53.184055           73   2.09491218022    -18.7800650622           73 
/work/00115/gebhardt/maverick/vdrp/shifts/20170421v016/xy_exp02.dat  213.970393  53.183727           73  -11.3749842728   -13.4301451406           73  213.970229  53.183612           73  -11.2415865269    -13.9581362236           73 
/work/00115/gebhardt/maverick/vdrp/shifts/20170421v016/xy_exp02.dat  213.970813  53.186861           73  -7.18138434147   -2.91694436571           73  213.970945   53.18673           73  -7.64580268947    -3.21325790949           73 
/work/00115/gebhardt/maverick/vdrp/shifts/20170421v016/xy_exp03.dat  213.963532  53.184211           73   1.27766925358  -17.8292963215           73  213.963697  53.184055           73  0.709536475131  -18.1747267207           73 
/work/00115/gebhardt/maverick/vdrp/shifts/20170421v016/xy_exp03.dat  213.970342  53.183654           73  -12.7783024129  -13.1090078256           73  213.970229  53.183612           73  -12.6269149907  -13.3526674753           73 
/work/00115/gebhardt/maverick/vdrp/shifts/20170421v016/xy_exp03.dat  213.963935  53.196499           73   20.1214289487   22.2027788551           73  213.963833  53.196471           73   20.2738679793    22.014858538           73 
/work/00115/gebhardt/maverick/vdrp/shifts/20170421v016/xy_exp03.dat  213.970958   53.18676           73  -9.00824089308  -2.49859401282           73  213.970945   53.18673           73  -9.03102613529  -2.60782432956           73 
/work/00115/gebhardt/maverick/vdrp/shifts/20170421v017/xy_exp01.dat   213.96397  53.184021           73    1.36279659905  -17.1908544641           73  213.963697  53.184055           73   1.94498598009  -17.3421409566           73 
/work/00115/gebhardt/maverick/vdrp/shifts/20170421v017/xy_exp01.dat  213.970327  53.183613           73   -11.5815367259  -12.4291060584           73  213.970229  53.183612           73  -11.3936209107  -12.5260468083           73 
/work/00115/gebhardt/maverick/vdrp/shifts/20170421v017/xy_exp01.dat   213.96381  53.196548           73    21.6586585044   23.0826980336           73  213.963833  53.196471           73   21.4913414687    22.856190758           73 
/work/00115/gebhardt/maverick/vdrp/shifts/20170421v017/xy_exp01.dat  213.970799  53.186712           73   -7.54895008718  -1.97728885499           73  213.970945   53.18673           73   -7.8025378801  -1.77959639271           73 
/work/00115/gebhardt/maverick/vdrp/shifts/20170421v017/xy_exp01.dat   213.96707  53.187923           73    1.59399604962  -1.63480752099           73  213.967099  53.187857           73   1.43260973903  -1.82006832584           73 
/work/00115/gebhardt/maverick/vdrp/shifts/20170421v017/xy_exp02.dat  213.963851  53.196568           73    20.6942532375    24.2020453594           73  213.963833  53.196471           73    20.5742891447    23.8718082392           73 
/work/00115/gebhardt/maverick/vdrp/shifts/20170421v017/xy_exp02.dat  213.964055  53.184013           73   0.268273047248    -16.119619781           73  213.963697  53.184055           73    1.02760240512    -16.326362538           73 
/work/00115/gebhardt/maverick/vdrp/shifts/20170421v017/xy_exp02.dat   213.97047  53.183699           73   -12.6381721786   -10.9989467824           73  213.970229  53.183612           73   -12.3109647526   -11.5101584488           73 
/work/00115/gebhardt/maverick/vdrp/shifts/20170421v017/xy_exp02.dat  213.970843  53.186835           73   -8.35500206969  -0.522439603045           73  213.970945   53.18673           73   -8.71979316424  -0.763737587312           73 
/work/00115/gebhardt/maverick/vdrp/shifts/20170421v017/xy_exp03.dat  213.963754  53.183981           73  0.105826222144  -17.8143564655           73  213.963697  53.184055           73  0.334122287955    -17.63004549           73 
/work/00115/gebhardt/maverick/vdrp/shifts/20170421v017/xy_exp03.dat  213.963934  53.196591           73   19.8770179424   23.0519133849           73  213.963833  53.196471           73   19.8808198611   22.5681192965           73 
/work/00115/gebhardt/maverick/vdrp/shifts/20170421v017/xy_exp03.dat  213.970366  53.183669           73  -13.1784115897  -12.4988888975           73  213.970229  53.183612           73  -13.0044434279  -12.8138376978           73 
/work/00115/gebhardt/maverick/vdrp/shifts/20170421v017/xy_exp03.dat  213.970913  53.186844           73  -9.16946952399  -1.73014162905           73  213.970945   53.18673           73   -9.4132689165  -2.06741796646           73 
/work/00115/gebhardt/maverick/vdrp/shifts/20170423v008/xy_exp01.dat  214.092763   52.42909           73   8.72488013459  -0.630512148974           73  214.092754  52.428935           73   8.49871438204  -0.12001853659           73 
/work/00115/gebhardt/maverick/vdrp/shifts/20170423v008/xy_exp01.dat  214.083629  52.429576           73  -9.23001413694   -9.72303733594           73  214.083588  52.429543           73  -9.35779361979  -9.64632136271           73 
/work/00115/gebhardt/maverick/vdrp/shifts/20170423v008/xy_exp01.dat  214.086375  52.425185           73  -9.52529488297    7.19231435573           73  214.086397  52.425105           73  -9.58776683657   7.47757541923           73 
/work/00115/gebhardt/maverick/vdrp/shifts/20170423v008/xy_exp02.dat  214.092823   52.42907           73     8.09081115777  0.356326998282           73  214.092754  52.428935           73    7.76923309402  0.750945928357           73 
/work/00115/gebhardt/maverick/vdrp/shifts/20170423v008/xy_exp02.dat  214.086437  52.425127           73    -10.2062696732   8.30771425396           73  214.086397  52.425105           73   -10.3172648871   8.34849991685           73 
/work/00115/gebhardt/maverick/vdrp/shifts/20170423v008/xy_exp03.dat  214.092733  52.429138           73   7.46588205859  -1.08924830785           73   214.09275  52.429947           73   8.58528145791   -3.77819265669           73 
/work/00115/gebhardt/maverick/vdrp/shifts/20170423v008/xy_exp03.dat  214.092733  52.429138           73   7.46588205859  -1.08924830785           73  214.092754  52.428935           73   7.23646411279  -0.393862338297           73 
/work/00115/gebhardt/maverick/vdrp/shifts/20170423v008/xy_exp03.dat  214.086487  52.425152           73  -10.6036911494     7.120172224           73  214.086397  52.425105           73  -10.8500779115     7.2035864927           73 
/work/00115/gebhardt/maverick/vdrp/shifts/20170423v015/xy_exp02.dat  215.081013  52.693228           73  -7.52610008061    24.9745018009           73  215.080848  52.693073           73  -7.43904875111    24.3161731366           73 
/work/00115/gebhardt/maverick/vdrp/shifts/20170423v016/xy_exp01.dat  215.626809  52.352945           73  -2.52066063819  -3.61701869872           73   215.62679  52.352984           73  -2.42431164812   -3.50668053359           73 
/work/00115/gebhardt/maverick/vdrp/shifts/20170423v016/xy_exp02.dat  215.626724  52.352884           73  -4.07167524907  -3.54555757394           73   215.62679  52.352984           73  -4.05405634302  -3.15780623832           73 
/work/00115/gebhardt/maverick/vdrp/shifts/20170423v016/xy_exp03.dat  215.626992  52.352955           73  -3.97567734423  -4.61454792658           73   215.62679  52.352984           73  -3.52829412293  -4.70418708593           73 
/work/00115/gebhardt/maverick/vdrp/shifts/20170424v008/xy_exp03.dat  214.094121   52.75668           73  0.138626482744   20.4551018066           73   214.09417  52.756728           73  0.303563911137   20.3365577891           73 
/work/00115/gebhardt/maverick/vdrp/shifts/20170424v008/xy_exp03.dat  214.094121   52.75668           73  0.138626482744   20.4551018066           73   214.09417  52.756728           73  0.303563911137   20.3365577891           73 
/work/00115/gebhardt/maverick/vdrp/shifts/20170424v009/xy_exp01.dat  214.353211  52.431624           73    -18.135116457  -21.2465365374           73  214.353295  52.431634           73  -17.9506198035  -21.2111614304           73 
/work/00115/gebhardt/maverick/vdrp/shifts/20170424v009/xy_exp01.dat  214.367886  52.422749           73  -0.160084144447   20.4122333952           73  214.367847  52.422651           73  -0.37106793766   20.7076732092           73 
/work/00115/gebhardt/maverick/vdrp/shifts/20170424v009/xy_exp02.dat  214.353256  52.431647           73   -19.3267357918  -20.8448506912           73  214.353295  52.431634           73   -19.2647695174  -20.7694962014           73 
/work/00115/gebhardt/maverick/vdrp/shifts/20170424v009/xy_exp02.dat  214.367937  52.422558           73   -1.62698502472   21.5337829612           73  214.367847  52.422651           73   -1.68549614273   21.1494550688           73 
/work/00115/gebhardt/maverick/vdrp/shifts/20170424v009/xy_exp03.dat  214.353115  52.431704           73   -19.2023957307   -22.5680506871           73  214.353295  52.431634           73   -18.929827776   -22.186858684           73 
/work/00115/gebhardt/maverick/vdrp/shifts/20170424v009/xy_exp03.dat  214.367977  52.422768           73   -0.92874868699    19.4476974101           73  214.367847  52.422651           73  -1.35061265134   19.7321165602           73 
/work/00115/gebhardt/maverick/vdrp/shifts/20170427v003/xy_exp01.dat  214.088852  52.935669           73    7.97188756644  -19.9472056911           73  214.089081  52.935762           73   8.56000284108  -20.0616453111           73 
/work/00115/gebhardt/maverick/vdrp/shifts/20170427v003/xy_exp01.dat  214.097773  52.929953           73    17.7700501466     6.551026703           73  214.097774  52.930039           73   17.8927903979   6.26678766244           73 
/work/00115/gebhardt/maverick/vdrp/shifts/20170427v003/xy_exp02.dat  214.089162  52.935826           73   7.55464373447  -19.7994720604           73  214.089081  52.935762           73  7.30293703765  -19.6558889963           73 
/work/00115/gebhardt/maverick/vdrp/shifts/20170427v003/xy_exp02.dat  214.097686  52.930067           73   16.4990254335   6.50530949688           73  214.097774  52.930039           73  16.6355558507   6.67260368509           73 
/work/00115/gebhardt/maverick/vdrp/shifts/20170427v003/xy_exp03.dat  214.089291  52.935678           73   7.57577408158  -20.4630004887           73  214.089081  52.935762           73   7.27419694729  -20.9191953809           73 
/work/00115/gebhardt/maverick/vdrp/shifts/20170427v003/xy_exp03.dat  214.097682  52.930173           73   16.6110303414   4.88726570983           73  214.097774  52.930039           73   16.6067275704   5.40932827351           73 
/work/00115/gebhardt/maverick/vdrp/shifts/20170427v004/xy_exp03.dat  214.494269   52.71408           73    9.9421655623  -11.2505654397           73  214.494253  52.714106           73   9.94571290968  -11.3503950876           73 
/work/00115/gebhardt/maverick/vdrp/shifts/20170427v005/xy_exp01.dat  214.359515   52.59003           73  -18.5652916061   9.55363397017           73  214.359618  52.589985           73  -18.4180417282   9.78880741169           73 
/work/00115/gebhardt/maverick/vdrp/shifts/20170427v005/xy_exp02.dat  214.359684  52.589898           73  -19.9731597656   10.6194790323           73  214.359618  52.589985           73  -19.9883055583   10.2749493474           73 
/work/00115/gebhardt/maverick/vdrp/shifts/20170427v005/xy_exp03.dat  214.359784  52.589976           73   -19.232173535   8.86889589269           73  214.359618  52.589985           73  -19.5559920944    8.7015715379           73 
/work/00115/gebhardt/maverick/vdrp/shifts/20170427v014/xy_exp01.dat  214.239183  52.693792           73   14.9547984691    15.443718187           73  214.238976  52.693789           73   15.3586477062   15.2412149726           73 
/work/00115/gebhardt/maverick/vdrp/shifts/20170428v019/xy_exp02.dat  213.963964  52.688849           73   6.16127591971   2.12500188415           73  213.963858  52.688864           73   6.39356293496   2.07539884351           73 
/work/00115/gebhardt/maverick/vdrp/shifts/20170428v019/xy_exp02.dat  213.956686  52.691453           73   24.5220039911   3.84799340692           73  213.956735  52.691222           73    24.071317355   3.14097629188           73 
/work/00115/gebhardt/maverick/vdrp/shifts/20170428v020/xy_exp01.dat   214.52551  53.353262           73  -9.92726041114  0.333986735595           73  214.525605  53.353323           73  -10.0106240208  0.621988343544           73 
/work/00115/gebhardt/maverick/vdrp/shifts/20170428v020/xy_exp02.dat  214.525615  53.353333           73  -11.1321444237  0.784478848559           73  214.525605  53.353323           73  -11.1291720437  0.742659166595           73 
/work/00115/gebhardt/maverick/vdrp/shifts/20170428v020/xy_exp03.dat  214.525732   53.35334           73  -11.2107301565  -0.195987868058           73  214.525605  53.353323           73  -10.9946391219  -0.373528599682           73 
/work/00115/gebhardt/maverick/vdrp/shifts/20170501v011/xy_exp02.dat  214.799158   53.18188           73   -14.0256949432    -18.5986790921           73  214.799127  53.182074           73   -13.6553529931   -18.0027906563           73 
/work/00115/gebhardt/maverick/vdrp/shifts/20170501v012/xy_exp01.dat  215.631826  52.518653           73  -12.9681093337    -2.5211211532           73  215.631817  52.518825           73  -12.6897154038  -1.96768202687           73 
/work/00115/gebhardt/maverick/vdrp/shifts/20170501v012/xy_exp01.dat  215.619783   52.52397           73   19.0160876261     3.7478169045           73  215.619932  52.524063           73    18.860798277   4.18882508618           73 
/work/00115/gebhardt/maverick/vdrp/shifts/20170501v012/xy_exp02.dat   215.62051  52.523907           73   16.0593457037   4.74943871693           73  215.619932  52.524063           73   17.4441479296    4.72649152642           73 
/work/00115/gebhardt/maverick/vdrp/shifts/20170502v009/xy_exp01.dat  214.516361  53.019091           73    5.99134628635  -12.5681230688           73  214.516353  53.019022           73     5.8977432341  -12.7988637993           73 
/work/00115/gebhardt/maverick/vdrp/shifts/20170502v009/xy_exp01.dat   214.51931  53.017346           73   -2.50611811753  -15.4041475348           73  214.519216  53.017273           73   -2.43876428708  -15.7296766647           73 
/work/00115/gebhardt/maverick/vdrp/shifts/20170502v009/xy_exp02.dat  214.518931  53.017385           73   -2.85486497958  -15.0771984609           73  214.519216  53.017273           73    -3.5864815199  -15.1680934013           73 
/work/00115/gebhardt/maverick/vdrp/shifts/20170502v009/xy_exp03.dat  214.519236  53.017165           73   -3.65166019354  -17.1721923063           73  214.519216  53.017273           73   -3.44187260587  -16.8419939851           73 
/work/00115/gebhardt/maverick/vdrp/shifts/20170502v010/xy_exp02.dat   214.80249  53.016822           73  -18.9389664039   -8.68739419268           73  214.802439  53.016886           73  -18.7387146047   -8.52870356594           73 
/work/00115/gebhardt/maverick/vdrp/shifts/20170502v011/xy_exp02.dat  215.356805  53.352618           73  -11.8629422636  -3.40214897086           73  215.356736  53.352756           73  -11.5071886133   -3.0250108469           73 
/work/00115/gebhardt/maverick/vdrp/shifts/20170502v011/xy_exp02.dat  215.358807  53.351325           73  -17.7981555973  -5.62641020982           73  215.358784  53.351332           73  -17.7426787838  -5.62611681409           73 
/work/00115/gebhardt/maverick/vdrp/shifts/20170502v011/xy_exp03.dat  215.356742  53.352669           73   -11.5676459642  -4.83633364842           73  215.356736  53.352756           73   -11.4153486255  -4.56235159631           73 
/work/00115/gebhardt/maverick/vdrp/shifts/20170503v008/xy_exp01.dat  214.246196  52.350826           73   -13.520984684  -7.27175665158           73  214.246319  52.350847           73  -13.7354204428  -7.09040479549           73 
/work/00115/gebhardt/maverick/vdrp/shifts/20170503v008/xy_exp01.dat  214.238413  52.354581           73    7.6670679394  -2.10575322281           73  214.238394  52.354738           73   7.94032929899  -1.60924013517           73 
/work/00115/gebhardt/maverick/vdrp/shifts/20170503v008/xy_exp01.dat  214.243963  52.357403           73  0.801250015018   12.2113654704           73  214.244065  52.357413           73  0.612337613948   12.3374661873           73 
/work/00115/gebhardt/maverick/vdrp/shifts/20170503v008/xy_exp02.dat  214.246303  52.350844           73  -15.2574250679     -6.642840371           73  214.246319  52.350847           73   -15.2849167271   -6.6183714402           73 
/work/00115/gebhardt/maverick/vdrp/shifts/20170503v008/xy_exp02.dat  214.239351  52.352823           73     1.607736291   -6.52971355094           73  214.238884  52.352713           73    2.37655380633  -7.31724548482           73 
/work/00115/gebhardt/maverick/vdrp/shifts/20170503v008/xy_exp02.dat  214.238427  52.354866           73   6.51673605195  -0.688243690227           73  214.238394  52.354738           73    6.39088808059  -1.13742541506           73 
/work/00115/gebhardt/maverick/vdrp/shifts/20170503v008/xy_exp02.dat  214.244168  52.357452           73  -1.08440566783    13.0312940285           73  214.244065  52.357413           73  -0.936962917464   12.8093547903           73 
/work/00115/gebhardt/maverick/vdrp/shifts/20170503v008/xy_exp03.dat  214.246125  52.350852           73   -14.4500005738  -8.40637228946           73  214.246319  52.350847           73   -14.8453578478  -8.24511384573           73 
/work/00115/gebhardt/maverick/vdrp/shifts/20170503v008/xy_exp03.dat  214.238244  52.354927           73    7.41352339781  -2.28266659387           73  214.238394  52.354738           73    6.83040978641  -2.76402117032           73 
/work/00115/gebhardt/maverick/vdrp/shifts/20170503v008/xy_exp03.dat  214.243923  52.357393           73  -0.243651035385   10.9872608843           73  214.244065  52.357413           73  -0.497535644518   11.1827092951           73 
/work/00115/gebhardt/maverick/vdrp/shifts/20170503v009/xy_exp01.dat  214.508767  52.518026           73     18.04205891  -19.9305917103           73  214.508808  52.518064           73   18.0182587074  -19.7686818774           73 
/work/00115/gebhardt/maverick/vdrp/shifts/20170503v009/xy_exp02.dat   214.50872  52.518036           73   16.7143992072   -19.393008803           73  214.508808  52.518064           73   16.5820584687  -19.2203548949           73 
/work/00115/gebhardt/maverick/vdrp/shifts/20170503v009/xy_exp03.dat   214.50871  52.518243           73   17.1020803131  -20.2202369887           73  214.508808  52.518064           73   16.6358237013    -20.7141454804           73 
/work/00115/gebhardt/maverick/vdrp/shifts/20170503v010/xy_exp01.dat  215.620314  52.850135           73    7.16258785258  -22.0109656199           73  215.620157  52.850229           73    7.61663451808  -21.8532971261           73 
/work/00115/gebhardt/maverick/vdrp/shifts/20170503v010/xy_exp02.dat  215.627375  52.862057           73   10.6850198306   24.5734214383           73  215.627149  52.862112           73   11.2135469601   24.5396519845           73 
/work/00115/gebhardt/maverick/vdrp/shifts/20170503v010/xy_exp02.dat  215.620131  52.850238           73    6.4955775804  -20.6015103313           73  215.620157  52.850229           73   6.43060142418  -20.6063011323           73 
/work/00115/gebhardt/maverick/vdrp/shifts/20170503v010/xy_exp03.dat  215.619955  52.850244           73   6.27423159673  -22.1481334396           73  215.620157  52.850229           73   5.85486351819  -22.0070482456           73 
/work/00115/gebhardt/maverick/vdrp/shifts/20170518v006/xy_exp01.dat  214.652651  52.591556           73   15.3109942441    10.7169790707           73  214.652611  52.591459           73    15.097990483    11.0071907039           73 
/work/00115/gebhardt/maverick/vdrp/shifts/20170518v006/xy_exp02.dat  214.652806  52.591602           73      14.57525307   11.5597765688           73  214.652611  52.591459           73    13.9858189038   11.8751420328           73 
/work/00115/gebhardt/maverick/vdrp/shifts/20170518v006/xy_exp03.dat  214.652582  52.591483           73   14.0657252667     10.6478644048           73  214.652611  52.591459           73   14.0917759485    10.7518295206           73 
/work/00115/gebhardt/maverick/vdrp/shifts/20170519v002/xy_exp01.dat  215.753285  53.089875           73  -5.25245308119     12.85872208           73  215.753415  53.089837           73    -5.0484564914    13.0955684773           73 
/work/00115/gebhardt/maverick/vdrp/shifts/20170519v002/xy_exp02.dat  215.753417   53.08982           73  -6.20581208408    13.6043476024           73  215.753415  53.089837           73  -6.18556746204    13.5464313017           73 
/work/00115/gebhardt/maverick/vdrp/shifts/20170519v002/xy_exp03.dat  215.753554  53.089774           73  -5.90196545009   12.5044060482           73  215.753415  53.089837           73  -6.08821935762     12.1772039891           73 
/work/00115/gebhardt/maverick/vdrp/shifts/20170522v005/xy_exp02.dat  215.620109  52.524078           73    16.0565239844   -4.82853646003           73  215.619932  52.524063           73   16.3849077325  -5.04157196875           73 
/work/00115/gebhardt/maverick/vdrp/shifts/20170523v008/xy_exp03.dat  215.351801  52.359693           73    3.9761056315    8.87186740463           73  215.351959    52.3596           73   3.52076199068     8.7124367464           73 
/work/00115/gebhardt/maverick/vdrp/shifts/20170525v014/xy_exp01.dat  215.627474  52.862075           73    11.985322663    15.1949955978           73  215.627149  52.862112           73    12.6798694156   15.0097734455           73 
/work/00115/gebhardt/maverick/vdrp/shifts/20170525v014/xy_exp02.dat  215.627519  52.861952           73   10.3101658181    15.5468825423           73  215.627149  52.862112           73   11.2843158729   15.7186677056           73 
/work/00115/gebhardt/maverick/vdrp/shifts/20170525v014/xy_exp03.dat  215.627275  52.862048           73   10.9016444142   14.4489252173           73  215.627149  52.862112           73   11.2481859386   14.5383103869           73 
/work/00115/gebhardt/maverick/vdrp/shifts/20170529v008/xy_exp01.dat  215.069423  53.190953           73   14.5655547319  -5.63343693497           73  215.069562  53.190917           73   14.2393823983  -5.61620717556           73 
/work/00115/gebhardt/maverick/vdrp/shifts/20170529v008/xy_exp02.dat  215.069387  53.191055           73   13.6490823311  -4.88909049498           73  215.069562  53.190917           73   13.0900807321  -5.16623222722           73 
/work/00115/gebhardt/maverick/vdrp/shifts/20170529v008/xy_exp03.dat  215.069563  53.190898           73   13.1212383096   -6.50401765322           73  215.069562  53.190917           73   13.1535847802  -6.44371070473           73 
/work/00115/gebhardt/maverick/vdrp/shifts/20170529v009/xy_exp01.dat  214.795437   52.69009           73   5.26565270537  -2.13937738553           73  214.795936  52.690084           73   4.27200108777  -1.69361125199           73 
/work/00115/gebhardt/maverick/vdrp/shifts/20170617v009/xy_exp01.dat  215.358136  52.854687           73    -12.8006323643  -2.16736465015           73  215.358367  52.854702           73   -13.2298016229  -1.90111907508           73 
/work/00115/gebhardt/maverick/vdrp/shifts/20170617v009/xy_exp01.dat  215.348455  52.860378           73     15.0412512354   7.18121774776           73  215.348717  52.860418           73    14.5903608351   7.55768202024           73 
/work/00115/gebhardt/maverick/vdrp/shifts/20170617v009/xy_exp02.dat  215.348702  52.860533           73    13.4436815946   8.40834725922           73  215.348717  52.860418           73     13.2349598219   8.04932834889           73 
/work/00115/gebhardt/maverick/vdrp/shifts/20170617v009/xy_exp02.dat  215.358464  52.854636           73   -14.8782796446  -1.53198828566           73  215.358367  52.854702           73    -14.5852892236  -1.40921733441           73 
/work/00115/gebhardt/maverick/vdrp/shifts/20170617v009/xy_exp03.dat  215.358243  52.854584           73  -14.6730032293  -3.31633942961           73  215.358367  52.854702           73   -14.7318744288   -2.81669073327           73 
/work/00115/gebhardt/maverick/vdrp/shifts/20170617v009/xy_exp03.dat  215.348826  52.860392           73   12.8342662527   6.66020356244           73  215.348717  52.860418           73    13.0883454715    6.64193992331           73 
/work/00115/gebhardt/maverick/vdrp/shifts/20170621v008/xy_exp01.dat  215.347726  53.017681           73   2.41269940083  -25.0353723995           73  215.347913  53.017889           73   2.37678636372   -24.184832968           73 
/work/00115/gebhardt/maverick/vdrp/shifts/20170621v008/xy_exp02.dat  215.347829  53.017715           73    1.0478709626  -24.1137269166           73  215.347913  53.017889           73   1.15883677454  -23.4709541727           73 
/work/00115/gebhardt/maverick/vdrp/shifts/20170621v008/xy_exp03.dat  215.347916  53.017748           73    0.84505588807  -25.2844360708           73  215.347913  53.017889           73   1.07332188146  -24.8310101834           73 
/work/00115/gebhardt/maverick/vdrp/shifts/20170625v005/xy_exp02.dat  214.621795  52.729428           73   1.65957274248  -13.4121156627           73  214.621778  52.729443           73   1.71622628335   -13.379253261           73 
/work/00115/gebhardt/maverick/vdrp/shifts/20170625v005/xy_exp03.dat  214.621319  52.729435           73   2.54439080654  -15.4389750377           73  214.621778  52.729443           73   1.65297597603  -14.9834203836           73 
/work/00115/gebhardt/maverick/vdrp/shifts/20170625v006/xy_exp01.dat  215.349541  52.524579           73   11.3482003736    7.41284972585           73  215.349552  52.524618           73   11.3856513289   7.55029107063           73 
/work/00115/gebhardt/maverick/vdrp/shifts/20170625v006/xy_exp02.dat  215.349541  52.524674           73   10.0558602391     8.11421606129           73  215.349552  52.524618           73   9.94888363648    7.94164968058           73 
/work/00115/gebhardt/maverick/vdrp/shifts/20170625v006/xy_exp03.dat  215.359077  52.520655           73  -14.9882322035   2.63038385141           73  215.359653  52.521097           73  -15.4596943605   4.60563178129           73 
/work/00115/gebhardt/maverick/vdrp/shifts/20170625v006/xy_exp03.dat  215.349593   52.52456           73   9.77937542713   6.59881576597           73  215.349552  52.524618           73    9.9489548396   6.75015957991           73 
/work/00115/gebhardt/maverick/vdrp/shifts/20170626v003/xy_exp01.dat  214.615653  52.713891           73  -0.776875792404  -17.4414816247           73  214.615513  52.713774           73  -0.681320235762   -17.9528523571           73 
/work/00115/gebhardt/maverick/vdrp/shifts/20170626v003/xy_exp01.dat  214.620359  52.718017           73   -3.69014456024  0.376063542915           73  214.620317  52.718003           73   -3.62896522465   0.291295887239           73 
/work/00115/gebhardt/maverick/vdrp/shifts/20170626v003/xy_exp01.dat  214.627206  52.721685           73   -11.5260488445   18.7031133496           73  214.627112  52.721759           73   -11.2267282869    18.8560407995           73 
/work/00115/gebhardt/maverick/vdrp/shifts/20170626v003/xy_exp02.dat   214.61515  52.713695           73  -1.33953835703  -17.6768150131           73  214.615513  52.713774           73  -1.93316151771   -17.0808154561           73 
/work/00115/gebhardt/maverick/vdrp/shifts/20170626v003/xy_exp02.dat  214.627168  52.721751           73  -12.6008902782   19.7544596169           73  214.627112  52.721759           73  -12.4782169598    19.7281787904           73 
/work/00115/gebhardt/maverick/vdrp/shifts/20170626v003/xy_exp03.dat  214.627028  52.721754           73  -12.4759679543    18.0339062206           73  214.627112  52.721759           73  -12.6337630076   18.1286277881           73 
/work/00115/gebhardt/maverick/vdrp/shifts/20170627v005/xy_exp01.dat  215.030054  53.004637           73   -8.09468675619  -11.7680387416           73  215.029562  53.004841           73   -6.81479225322   -11.575208446           73 
/work/00115/gebhardt/maverick/vdrp/shifts/20170627v005/xy_exp03.dat  215.029718  53.005009           73  -7.97933800101  -11.8563438429           73  215.029562  53.004841           73  -7.94073804154  -12.5480791072           73 
/work/00115/gebhardt/maverick/vdrp/shifts/20170628v005/xy_exp01.dat   215.02328  52.990418           73  -17.0922561137  -16.6152386225           73  215.023311  52.990426           73   -17.140049366  -16.5599388938           73 
/work/00115/gebhardt/maverick/vdrp/shifts/20170628v005/xy_exp02.dat   215.02321  52.990556           73   -18.1226702973  -15.7612303277           73  215.023311  52.990426           73   -18.5243158647  -16.0862050026           73 
/work/00115/gebhardt/maverick/vdrp/shifts/20170628v005/xy_exp03.dat  215.023323  52.990356           73   -18.6477517734  -17.4675448713           73  215.023311  52.990426           73   -18.5140624684  -17.2523531177           73 
/work/00115/gebhardt/maverick/vdrp/shifts/20170629v004/xy_exp01.dat   215.03595  53.000975           73   18.9775919304   -22.0598652507           73    215.0359  53.001119           73   19.3016874394  -21.6410152273           73 
/work/00115/gebhardt/maverick/vdrp/shifts/20170629v004/xy_exp02.dat   215.03627  53.001296           73    17.6485657645    -19.8885437365           73    215.0359  53.001119           73    18.0908361268   -20.8121111563           73 
/work/00115/gebhardt/maverick/vdrp/shifts/20170629v005/xy_exp01.dat  215.345149  52.689402           73   12.7217623068  -11.0659422795           73    215.3451  52.689255           73   12.5912720634  -11.5898295541           73 
/work/00115/gebhardt/maverick/vdrp/shifts/20170629v005/xy_exp01.dat  215.341495  52.687106           73   16.3776722978   -21.953194578           73  215.341897  52.687001           73   15.4230902414  -21.9182653465           73 
/work/00115/gebhardt/maverick/vdrp/shifts/20170629v005/xy_exp02.dat  215.341914  52.687261           73   14.7604017363  -20.3281522626           73  215.341897  52.687001           73   14.3923222617  -21.1895414441           73 
/work/00115/gebhardt/maverick/vdrp/shifts/20170629v005/xy_exp02.dat  215.344879   52.68931           73   12.0811375911  -10.8891605785           73    215.3451  52.689255           73   11.5605857939  -10.8610832456           73 
/work/00115/gebhardt/maverick/vdrp/shifts/20170629v005/xy_exp03.dat   215.34206  52.687039           73   13.9587158459  -22.1871955154           73  215.341897  52.687001           73   14.2213198707  -22.4633762792           73 
/work/00115/gebhardt/maverick/vdrp/shifts/20170629v005/xy_exp03.dat  215.344935  52.689318           73   11.8120905184  -12.0845545013           73    215.3451  52.689255           73   11.3895575784  -12.1349252392           73 
/work/00115/gebhardt/maverick/vdrp/shifts/20170630v008/xy_exp01.dat  215.034359  52.986255           73   10.1565579687  -11.2049801513           73   215.03404  52.986213           73   10.7125417346  -11.6428175061           73 
/work/00115/gebhardt/maverick/vdrp/shifts/20170630v008/xy_exp02.dat  215.034006  52.986079           73   9.55057510502  -11.5751764383           73   215.03404  52.986213           73   9.69487490672    -11.109003342           73 
/work/00115/gebhardt/maverick/vdrp/shifts/20170630v008/xy_exp03.dat  215.034253  52.986117           73   8.97861320703   -12.866203445           73   215.03404  52.986213           73   9.54479543932  -12.7567944902           73 
/work/00115/gebhardt/maverick/vdrp/shifts/20170630v009/xy_exp01.dat  214.795468   52.51498           73   -7.89651761388    -25.2176958805           73  214.795294  52.514568           73   -8.17840679688    -26.722932523           73 
/work/00115/gebhardt/maverick/vdrp/shifts/20170630v009/xy_exp01.dat   214.79427  52.518069           73  -0.815052297909    -16.2508532307           73  214.794192  52.518334           73  -0.256738916684   -15.4586409656           73 
/work/00115/gebhardt/maverick/vdrp/shifts/20170630v009/xy_exp02.dat  214.795562   52.51465           73   -9.76326129228  -25.2601353529           73  214.795294  52.514568           73   -9.35608257729  -25.7759645303           73 
/work/00115/gebhardt/maverick/vdrp/shifts/20170630v009/xy_exp03.dat  214.795822  52.515121           73   -9.37464195342   -25.3580977569           73  214.795294  52.514568           73   -9.16846996835  -27.6513134009           73 
/work/00115/gebhardt/maverick/vdrp/shifts/20170701v008/xy_exp01.dat  215.066253  52.850256           73    7.47392393732  -25.1667692742           73   215.06644  52.850361           73    7.27285925153  -24.6493369022           73 
/work/00115/gebhardt/maverick/vdrp/shifts/20170701v008/xy_exp02.dat  215.066479  52.850742           73    6.50358536305  -22.5525423727           73   215.06644  52.850361           73     5.9818656037  -23.8238751708           73 
/work/00115/gebhardt/maverick/vdrp/shifts/20170701v008/xy_exp03.dat   215.06608  52.850422           73   6.58799731995  -25.3136010872           73   215.06644  52.850361           73    5.78790568634  -25.1699941154           73 
/work/00115/gebhardt/maverick/vdrp/shifts/20170720v002/xy_exp01.dat  215.023433   52.99049           73    -17.902701541  -15.9694202341           73  215.023311  52.990426           73   -17.7658389446     -16.292293815           73 
/work/00115/gebhardt/maverick/vdrp/shifts/20170720v002/xy_exp02.dat  215.023329  52.990491           73  -18.9881568921  -15.3969743939           73  215.023311  52.990426           73  -19.0555072935  -15.6244419584           73 
/work/00115/gebhardt/maverick/vdrp/shifts/20170720v002/xy_exp03.dat  215.023199  52.990297           73   -19.1554909425  -17.3735236025           73  215.023311  52.990426           73   -19.1704473389  -16.8497391106           73 
/work/00115/gebhardt/maverick/vdrp/shifts/20170720v002/xy_exp03.dat  215.016475  52.994268           73    0.20190569381  -10.8964872551           73  215.016818  52.994286           73  -0.438013233366  -10.5129785786           73 
/work/00115/gebhardt/maverick/vdrp/shifts/20170720v003/xy_exp01.dat  215.065421  52.526577           73   23.7669402578   1.51825586481           73  215.065474  52.526533           73   23.5947765238   1.42378248015           73 
/work/00115/gebhardt/maverick/vdrp/shifts/20170720v003/xy_exp01.dat  215.083328   52.52502           73  -14.1448764904   13.0244805074           73  215.083832  52.525241           73  -14.8086299453   14.2123440441           73 
/work/00115/gebhardt/maverick/vdrp/shifts/20170720v003/xy_exp02.dat  215.065005  52.526602           73   23.1983913597   2.08142231107           73  215.065474  52.526533           73   22.1624774771   2.29058853576           73 
/work/00115/gebhardt/maverick/vdrp/shifts/20170720v003/xy_exp03.dat  215.065431    52.5264           73   22.1564203491  0.295258022231           73  215.065474  52.526533           73   22.2734937118    0.768981087376           73 
/work/00115/gebhardt/maverick/vdrp/shifts/20170720v003/xy_exp03.dat  215.083697  52.525131           73  -16.0294135506   13.0738620402           73  215.083832  52.525241           73  -16.1298379853     13.5577659589           73 
/work/00115/gebhardt/maverick/vdrp/shifts/20171220v015/xy_exp01.dat  150.051398  2.097031           73  -2.76584969602    15.5430702605           73  150.051237  2.097073           73  -3.19710804116    15.9582382242           73 
/work/00115/gebhardt/maverick/vdrp/shifts/20171221v016/xy_exp01.dat   150.05135  2.097068           73   -2.98265287596     15.6886025423           73  150.051237  2.097073           73   -3.21004189933    16.0260682242           73 
/work/00115/gebhardt/maverick/vdrp/shifts/20171225v015/xy_exp02.dat  150.051334  2.097011           73   -10.9868078837      14.762266999           73  150.051237  2.097073           73   -11.3593325001    14.9434332567           73 
/work/00115/gebhardt/maverick/vdrp/shifts/20180113v013/xy_exp01.dat  150.056617  2.093541           73   8.50262923779    4.38542422258           73   150.05683  2.093585           73   8.76728611556   3.64905089754           73 
/work/00115/gebhardt/maverick/vdrp/shifts/20180113v013/xy_exp01.dat  150.051128  2.097086           73  -12.6874206171    14.5737771073           73  150.051237  2.097073           73  -12.4429065809   14.2636563549           73 
/work/00115/gebhardt/maverick/vdrp/shifts/20180113v013/xy_exp02.dat  150.051345  2.096864           73  -12.9496881348     15.0164306062           73  150.051237  2.097073           73  -13.7942823038    14.9553516179           73 
/work/00115/gebhardt/maverick/vdrp/shifts/20180113v013/xy_exp03.dat  150.051253  2.097173           73  -14.0099138261     13.237893033           73  150.051237  2.097073           73  -13.7328241685   13.4748211198           73 
/work/00115/gebhardt/maverick/vdrp/shifts/20180123v009/xy_exp02.dat  150.051225  2.096944           73  -4.14951769447   17.3375641286           73  150.051237  2.097073           73  -4.52320764534    17.0584809601           73 
/work/00115/gebhardt/maverick/vdrp/shifts/20180123v009/xy_exp03.dat  150.056979   2.09369           73   16.4706139225    4.20598374584           73   150.05683  2.093585           73    16.513490486    4.86049680966           73 
/work/00115/gebhardt/maverick/vdrp/shifts/20180123v009/xy_exp03.dat  150.051179  2.097158           73  -5.06557500258    15.4955845848           73  150.051237  2.097073           73  -4.69566046724    15.4771858535           73 
/work/00115/gebhardt/maverick/vdrp/shifts/20180124v010/xy_exp02.dat  150.051195  2.096974           73  -4.37585099097   17.2303360057           73  150.051237  2.097073           73  -4.60111340404    16.9155202184           73 
/work/00115/gebhardt/maverick/vdrp/shifts/20180124v010/xy_exp03.dat  150.056967  2.093608           73    16.694861257     4.33992806706           73   150.05683  2.093585           73   16.5084232301    4.80362910383           73 
/work/00115/gebhardt/maverick/vdrp/shifts/20180124v010/xy_exp03.dat  150.051122  2.097181           73  -5.24777590839     15.5714423868           73  150.051237  2.097073           73  -4.70025660585    15.4212592439           73 
/work/00115/gebhardt/maverick/vdrp/shifts/20180209v009/xy_exp01.dat  150.051404  2.097127           73    -2.90862323466    15.8341001909           73  150.051237  2.097073           73   -3.05619569149      16.4480804789           73 
/work/00115/gebhardt/maverick/vdrp/shifts/20180209v009/xy_exp02.dat  150.056937   2.09342           73   17.5096594342   6.50553992049           73   150.05683  2.093585           73   16.8020759491    6.52407576012           73 
/work/00115/gebhardt/maverick/vdrp/shifts/20180209v009/xy_exp02.dat  150.051282  2.097049           73  -4.24936602356   17.0468067984           73  150.051237  2.097073           73  -4.40753299655    17.1398501651           73 
/work/00115/gebhardt/maverick/vdrp/shifts/20180210v006/xy_exp01.dat  150.051441  2.096982           73    -2.88186908502     15.6893673041           73  150.051237  2.097073           73  -3.54421390888    16.1446068577           73 
/work/00115/gebhardt/maverick/vdrp/shifts/20180210v006/xy_exp02.dat  150.051413  2.097115           73  -4.72494401365    16.1985535363           73  150.051237  2.097073           73  -4.92625083242   16.8176246315           73 
/work/00115/gebhardt/maverick/vdrp/shifts/20180210v006/xy_exp03.dat  150.051056  2.097096           73  -5.20698468509    15.8068313003           73  150.051237  2.097073           73  -4.79665643802    15.2944826837           73 
/work/00115/gebhardt/maverick/vdrp/shifts/20180210v006/xy_exp03.dat  150.056931  2.093562           73   16.6729228627    4.41146364887           73   150.05683  2.093585           73   16.4127331249    4.67827038431           73 
