/work/00115/gebhardt/maverick/vdrp/shifts/20170103v002/xy_exp01.dat  149.855665  1.917899           75   16.3797485198   10.9577256424           75  149.855859  1.917377           75   17.5582308901   9.33606201183           75 
/work/00115/gebhardt/maverick/vdrp/shifts/20170103v002/xy_exp01.dat  149.855665  1.917899           75   16.3797485198   10.9577256424           75  149.855859  1.917377           75   17.5582308901   9.33606201183           75 
/work/00115/gebhardt/maverick/vdrp/shifts/20170103v002/xy_exp02.dat  149.855574  1.917354           75   17.0556915615   10.9015478946           75  149.855859  1.917377           75   16.4190286962   10.0934546043           75 
/work/00115/gebhardt/maverick/vdrp/shifts/20170103v002/xy_exp02.dat  149.855574  1.917354           75   17.0556915615   10.9015478946           75  149.855859  1.917377           75   16.4190286962   10.0934546043           75 
/work/00115/gebhardt/maverick/vdrp/shifts/20170103v002/xy_exp03.dat  149.858662  1.918942           75   5.56729531087   3.16670876418           75  149.859013  1.918777           75    5.36277285042   1.78616414746           75 
/work/00115/gebhardt/maverick/vdrp/shifts/20170103v002/xy_exp03.dat  149.855596  1.917488           75   16.0336686351   9.45528442523           75  149.855859  1.917377           75    15.8425524802    8.4460358683           75 
/work/00115/gebhardt/maverick/vdrp/shifts/20170103v002/xy_exp03.dat  149.855596  1.917488           75   16.0336686351   9.45528442523           75  149.855859  1.917377           75    15.8425524802    8.4460358683           75 
/work/00115/gebhardt/maverick/vdrp/shifts/20170103v003/xy_exp01.dat  150.460599  2.521769           75  -11.7319311762   5.16379327428           75  150.460582  2.522102           75  -12.6742851365   5.90731886259           75 
/work/00115/gebhardt/maverick/vdrp/shifts/20170103v003/xy_exp02.dat  150.460526  2.521816           75   -12.400732992   5.69562251061           75  150.460582  2.522102           75  -13.3570049498    6.1271142021           75 
/work/00115/gebhardt/maverick/vdrp/shifts/20170103v003/xy_exp03.dat  150.460508  2.522031           75   -13.5054365951    4.04518912293           75  150.460582  2.522102           75    -13.8678991418   3.97602343346           75 
/work/00115/gebhardt/maverick/vdrp/shifts/20170105v009/xy_exp01.dat  149.930664  2.083982           75  -5.68081593645   -6.6355405123           75  149.930574  2.083933           75   -5.6988042147   -6.2672597607           75 
/work/00115/gebhardt/maverick/vdrp/shifts/20170106v003/xy_exp01.dat  149.967787   2.01928           75  -9.10798628969  -21.0910443769           75  149.967848  2.019352           75    -9.445561656  -21.1283519701           75 
/work/00115/gebhardt/maverick/vdrp/shifts/20170106v003/xy_exp01.dat  149.967787   2.01928           75  -9.10798628969  -21.0910443769           75  149.967848  2.019352           75    -9.445561656  -21.1283519701           75 
/work/00115/gebhardt/maverick/vdrp/shifts/20170106v003/xy_exp02.dat   149.96775  2.019341           75   -10.2610353028  -20.1543372551           75  149.967848  2.019352           75   -10.4907803458  -20.4247050444           75 
/work/00115/gebhardt/maverick/vdrp/shifts/20170106v003/xy_exp02.dat   149.96775  2.019341           75   -10.2610353028  -20.1543372551           75  149.967848  2.019352           75   -10.4907803458  -20.4247050444           75 
/work/00115/gebhardt/maverick/vdrp/shifts/20170106v003/xy_exp03.dat  149.967844   2.01932           75  -11.5513831656  -21.9486275508           75  149.967848  2.019352           75  -11.6549833475   -21.896233322           75 
/work/00115/gebhardt/maverick/vdrp/shifts/20170106v003/xy_exp03.dat  149.967844   2.01932           75  -11.5513831656  -21.9486275508           75  149.967848  2.019352           75  -11.6549833475   -21.896233322           75 
/work/00115/gebhardt/maverick/vdrp/shifts/20170107v012/xy_exp03.dat  149.932388  1.978105           75   12.1990868677    -2.586493617           75  149.932443  1.978063           75   12.4302623878  -2.67910384907           75 
/work/00115/gebhardt/maverick/vdrp/shifts/20170127v008/xy_exp01.dat  150.122307  2.279117           75   -5.08924801121   19.5346585876           75  150.122312  2.279157           75   -5.20201048242    19.443312376           75 
/work/00115/gebhardt/maverick/vdrp/shifts/20170127v008/xy_exp03.dat  150.122528  2.279139           75  -6.20863795695   17.4359012262           75  150.122312  2.279157           75   -6.6741382153   18.0613729546           75 
/work/00115/gebhardt/maverick/vdrp/shifts/20170129v002/xy_exp02.dat  150.230442  2.474571           75    22.1147430874    8.76918325006           75  150.230438  2.474779           75   21.4739905361     8.3814398215           75 
/work/00115/gebhardt/maverick/vdrp/shifts/20170129v002/xy_exp02.dat  150.223652  2.484276           75   -20.4658380913    10.7566936585           75  150.223589  2.484167           75  -20.2550992541    11.1578279384           75 
/work/00115/gebhardt/maverick/vdrp/shifts/20170129v003/xy_exp01.dat  189.095787  62.229608           75   2.54977106915   2.38827862118           75  189.095892  62.229591           75    2.6107528431   2.56447578492           75 
/work/00115/gebhardt/maverick/vdrp/shifts/20170129v008/xy_exp01.dat  189.173316  62.163389           75  -4.13441622469     12.4378409504           75  189.173122   62.16337           75  -3.99958546811    12.1331228406           75 
/work/00115/gebhardt/maverick/vdrp/shifts/20170129v008/xy_exp02.dat  189.166546  62.167099           75    12.7164120591    11.5103407946           75  189.165946  62.167134           75    13.4074850347     10.765122334           75 
/work/00115/gebhardt/maverick/vdrp/shifts/20170129v008/xy_exp02.dat  189.177578  62.159459           75   -20.4407559594    10.5125232186           75  189.177299  62.159464           75   -20.1523560644    10.1421532836           75 
/work/00115/gebhardt/maverick/vdrp/shifts/20170129v008/xy_exp03.dat  189.177668  62.159383           75    -21.486674194     8.84665999502           75  189.177299  62.159464           75   -20.8877945527   8.51312487536           75 
/work/00115/gebhardt/maverick/vdrp/shifts/20170129v008/xy_exp03.dat  189.164971  62.168998           75    19.0767920755     11.7236757267           75  189.165308  62.169294           75    19.6112360956   12.8056559847           75 
/work/00115/gebhardt/maverick/vdrp/shifts/20170130v021/xy_exp01.dat  188.999012  62.263806           75  -3.73533697897   1.92298367454           75   188.99889  62.263898           75  -3.60020034463   1.55800055588           75 
/work/00115/gebhardt/maverick/vdrp/shifts/20170130v021/xy_exp01.dat  188.995213  62.261523           75  -14.1306858464    1.9670546259           75  188.995015  62.261686           75  -13.8725126265   1.34436079894           75 
/work/00115/gebhardt/maverick/vdrp/shifts/20170130v021/xy_exp01.dat  188.992518  62.265679           75  -5.12002032963  -10.8018951031           75  188.992916  62.265627           75  -4.85706737203  -10.1611895588           75 
/work/00115/gebhardt/maverick/vdrp/shifts/20170130v021/xy_exp01.dat  189.004513  62.257885           75  -14.8560025336   22.3104585739           75  189.004529  62.257994           75  -14.5303040179   22.0899651672           75 
/work/00115/gebhardt/maverick/vdrp/shifts/20170130v021/xy_exp02.dat  188.995048   62.26169           75  -15.1354183531   2.33584266409           75  188.995015  62.261686           75    -15.18080657   2.30113460452           75 
/work/00115/gebhardt/maverick/vdrp/shifts/20170130v021/xy_exp02.dat  188.993016  62.265529           75  -6.34024543737  -8.85519902951           75  188.992916  62.265627           75  -6.16535590323  -9.20441171072           75 
/work/00115/gebhardt/maverick/vdrp/shifts/20170130v021/xy_exp02.dat  188.998842  62.263949           75  -4.81333164804   2.33836871284           75   188.99889  62.263898           75   -4.9084943149    2.5147790776           75 
/work/00115/gebhardt/maverick/vdrp/shifts/20170130v021/xy_exp02.dat  189.003988  62.258002           75  -16.3741434364   22.3146613245           75  189.004529  62.257994           75  -15.8386076143   23.0467388635           75 
/work/00115/gebhardt/maverick/vdrp/shifts/20170130v021/xy_exp03.dat  188.992665   62.26564           75  -7.32832025235    -11.0616030646           75  188.992916  62.265627           75  -7.10633807886  -10.7014033405           75 
/work/00115/gebhardt/maverick/vdrp/shifts/20170130v021/xy_exp03.dat  188.995277  62.261691           75  -15.8375344185     1.13886394761           75  188.995015  62.261686           75  -16.1219753866  0.803996615617           75 
/work/00115/gebhardt/maverick/vdrp/shifts/20170130v021/xy_exp03.dat  188.999322   62.26385           75  -5.54021798231     1.69454581568           75   188.99889  62.263898           75  -5.84966662624   1.01780773057           75 
/work/00115/gebhardt/maverick/vdrp/shifts/20170130v021/xy_exp03.dat   189.00478  62.257934           75  -16.6913203656      22.014016286           75  189.004529  62.257994           75  -16.7801129984   21.5495899951           75 
/work/00115/gebhardt/maverick/vdrp/shifts/20170130v022/xy_exp01.dat   189.01064  62.255409           75  -14.9806896622  -15.1406058505           75  189.009808  62.255423           75  -15.7977167295  -16.2716418893           75 
/work/00115/gebhardt/maverick/vdrp/shifts/20170130v022/xy_exp02.dat  189.017037  62.259559           75     2.3529038069  -15.5008897594           75  189.016822  62.259787           75    2.77901299731  -16.2895207356           75 
/work/00115/gebhardt/maverick/vdrp/shifts/20170130v022/xy_exp02.dat  189.010301  62.255436           75   -16.2934067049  -15.2852092774           75  189.009808  62.255423           75   -16.8380143808  -15.9082974812           75 
/work/00115/gebhardt/maverick/vdrp/shifts/20170130v022/xy_exp03.dat   189.01687  62.259659           75    1.5413831445  -17.5384999479           75  189.016822  62.259787           75    1.8554757015  -17.8851294896           75 
/work/00115/gebhardt/maverick/vdrp/shifts/20170130v023/xy_exp01.dat  150.164802  2.222507           75  -20.4381138671   -10.7790192745           75  150.164835  2.222473           75  -20.4042218449   -10.9461280345           75 
/work/00115/gebhardt/maverick/vdrp/shifts/20170130v023/xy_exp01.dat  150.156128  2.215062           75   19.3073939974  -0.183300033107           75  150.156232  2.214821           75   19.8117376211  -0.982258205192           75 
/work/00115/gebhardt/maverick/vdrp/shifts/20170130v023/xy_exp02.dat  150.156089  2.214918           75    18.4996292268  -0.113947088532           75  150.156232  2.214821           75    18.4970070419  -0.735684480819           75 
/work/00115/gebhardt/maverick/vdrp/shifts/20170130v023/xy_exp03.dat  150.151533   2.22136           75    7.73905611471    24.7683122582           75  150.151383  2.221615           75     7.2866442684    25.7322682091           75 
/work/00115/gebhardt/maverick/vdrp/shifts/20170130v023/xy_exp03.dat  150.164922  2.222477           75   -22.7976032569   -12.6946135039           75  150.164835  2.222473           75   -22.6088555545   -12.4445566119           75 
/work/00115/gebhardt/maverick/vdrp/shifts/20170130v023/xy_exp03.dat  150.156159  2.214882           75    17.5743441288   -2.13995428671           75  150.156232  2.214821           75    17.6071085146   -2.48070561454           75 
/work/00115/gebhardt/maverick/vdrp/shifts/20170130v024/xy_exp01.dat  150.255603  2.419226           75   8.06071674719   15.1764261595           75  150.255528  2.419208           75     8.26902966995    15.3596608181           75 
/work/00115/gebhardt/maverick/vdrp/shifts/20170130v024/xy_exp01.dat  150.261643  2.421187           75  -10.2206239093   1.48010019614           75  150.261842  2.421125           75    -10.4502974301   0.766390227644           75 
/work/00115/gebhardt/maverick/vdrp/shifts/20170130v024/xy_exp03.dat  150.255404  2.419288           75   7.58838017413   15.7686734429           75  150.255528  2.419208           75   7.56702217536    15.2381962029           75 
/work/00115/gebhardt/maverick/vdrp/shifts/20170130v027/xy_exp01.dat  189.089704  62.207492           75   -3.1984656801  -5.70072602767           75   189.08969  62.207483           75  -3.21121644496  -5.73866587824           75 
/work/00115/gebhardt/maverick/vdrp/shifts/20170130v027/xy_exp01.dat  189.089427  62.216876           75   24.5843691559   13.5237772213           75  189.089572  62.216874           75    24.437313617   13.7177621097           75 
/work/00115/gebhardt/maverick/vdrp/shifts/20170130v027/xy_exp02.dat  189.089832  62.207641           75  -3.97795786825  -4.36472568925           75   189.08969  62.207483           75  -4.30289504274  -4.88890476776           75 
/work/00115/gebhardt/maverick/vdrp/shifts/20170130v027/xy_exp02.dat  189.089604  62.217018           75   23.7369127742   14.9117287458           75  189.089572  62.216874           75   23.3458724394   14.5671860397           75 
/work/00115/gebhardt/maverick/vdrp/shifts/20170130v027/xy_exp03.dat  189.089551  62.207484           75   -5.00538213799  -6.68854675276           75   189.08969  62.207483           75   -5.14370425173  -6.50061273827           75 
/work/00115/gebhardt/maverick/vdrp/shifts/20170130v027/xy_exp03.dat  189.081848  62.214628           75    23.4420829177  -2.29247444442           75  189.081099  62.214643           75    24.2155622661  -3.28473682404           75 
/work/00115/gebhardt/maverick/vdrp/shifts/20170130v027/xy_exp03.dat  189.092433  62.211532           75    4.05634231623   5.70708191153           75  189.092607  62.211613           75     4.1243881016   6.11412441735           75 
/work/00115/gebhardt/maverick/vdrp/shifts/20170131v033/xy_exp02.dat  189.013939  62.271775           75  -17.7771443502   1.81737813448           75   189.01369  62.271926           75  -17.6033313218   1.15462512523           75 
/work/00115/gebhardt/maverick/vdrp/shifts/20170131v033/xy_exp02.dat  189.013939  62.271775           75  -17.7771443502   1.81737813448           75   189.01369  62.271926           75  -17.6033313218   1.15462512523           75 
/work/00115/gebhardt/maverick/vdrp/shifts/20170131v034/xy_exp01.dat   150.26105   2.22273           75  -11.4074286359   4.76933051856           75  150.261144  2.222725           75  -11.5836953038   4.48019997933           75 
/work/00115/gebhardt/maverick/vdrp/shifts/20170131v034/xy_exp02.dat  150.260988  2.222535           75    -11.8026841626   5.17968824728           75  150.261144  2.222725           75    -12.6841294316   5.10332742867           75 
/work/00115/gebhardt/maverick/vdrp/shifts/20170131v034/xy_exp03.dat  150.261092  2.222704           75   -13.1230082681   3.75570953978           75  150.261144  2.222725           75   -13.2910991717   3.64412117709           75 
/work/00115/gebhardt/maverick/vdrp/shifts/20170131v037/xy_exp01.dat   189.05837   62.19981           75    17.020914987  -15.4202296281           75  189.058468   62.19977           75   16.8080833159    -15.370100885           75 
/work/00115/gebhardt/maverick/vdrp/shifts/20170131v037/xy_exp03.dat  189.058479  62.199873           75   15.0405094915   -15.8502164926           75  189.058468   62.19977           75   14.7495826221   -16.0808577147           75 
/work/00115/gebhardt/maverick/vdrp/shifts/20170202v002/xy_exp01.dat  150.123524  2.476912           75   5.19343799323   24.7607105658           75  150.123329  2.476723           75   5.39450317035   25.7169542268           75 
/work/00115/gebhardt/maverick/vdrp/shifts/20170202v002/xy_exp01.dat  150.121131  2.480495           75  -10.3081740282   25.1547168239           75  150.121134  2.480578           75  -10.5550983959   24.9861158305           75 
/work/00115/gebhardt/maverick/vdrp/shifts/20170202v002/xy_exp01.dat  150.121131  2.480495           75  -10.3081740282   25.1547168239           75  150.121134  2.480578           75  -10.5550983959   24.9861158305           75 
/work/00115/gebhardt/maverick/vdrp/shifts/20170202v002/xy_exp02.dat  150.123613  2.476754           75    4.72141330816   25.3602238212           75  150.123329  2.476723           75    4.27062179844   26.2835833967           75 
/work/00115/gebhardt/maverick/vdrp/shifts/20170202v002/xy_exp03.dat  150.126084   2.48344           75  -11.6563649573   3.91910748987           75  150.125788  2.483479           75   -12.3432937127   4.74446428436           75 
/work/00115/gebhardt/maverick/vdrp/shifts/20170202v002/xy_exp03.dat  150.121017  2.480631           75  -12.8312927119    24.727714509           75  150.121134  2.480578           75   -12.4453472909   24.4736905732           75 
/work/00115/gebhardt/maverick/vdrp/shifts/20170202v002/xy_exp03.dat  150.121017  2.480631           75  -12.8312927119    24.727714509           75  150.121134  2.480578           75   -12.4453472909   24.4736905732           75 
/work/00115/gebhardt/maverick/vdrp/shifts/20170202v002/xy_exp03.dat  150.123421  2.476793           75   3.46775118614   24.7902116164           75  150.123329  2.476723           75    3.50425422934   25.2045307809           75 
/work/00115/gebhardt/maverick/vdrp/shifts/20170202v003/xy_exp01.dat  150.129024  2.279651           75   6.59181404743  -0.0506058390072           75  150.128913  2.279953           75    5.45774813108  -0.285821885288           75 
/work/00115/gebhardt/maverick/vdrp/shifts/20170202v003/xy_exp01.dat  150.122327  2.278976           75  -4.06922171532     21.6883481122           75  150.122312  2.279157           75   -4.65100822567    21.3899880305           75 
/work/00115/gebhardt/maverick/vdrp/shifts/20170202v003/xy_exp02.dat  150.122206  2.279251           75  -6.27486309992   22.2692847934           75  150.122312  2.279157           75  -5.78611871414   22.1242606526           75 
/work/00115/gebhardt/maverick/vdrp/shifts/20170202v008/xy_exp02.dat  189.179552  62.175201           75    7.51662300381   2.76144278711           75   189.17916  62.175098           75    7.59786423683   2.00991966167           75 
/work/00115/gebhardt/maverick/vdrp/shifts/20170205v012/xy_exp01.dat  189.042705  62.275052           75   24.5359587106  -17.4473055613           75  189.042817  62.275605           75   26.2192901848  -18.5265959668           75 
/work/00115/gebhardt/maverick/vdrp/shifts/20170205v012/xy_exp02.dat  189.042981  62.275094           75   24.0501348133  -16.7362953746           75  189.042817  62.275605           75   25.3294992997  -18.0864062929           75 
/work/00115/gebhardt/maverick/vdrp/shifts/20170205v012/xy_exp03.dat  189.043277  62.275147           75   23.9611326058   -18.035732414           75  189.042817  62.275605           75   24.7847215811  -19.6586232134           75 
/work/00115/gebhardt/maverick/vdrp/shifts/20170205v012/xy_exp03.dat  189.051729  62.268983           75   15.2134655801   6.78991592873           75  189.051531  62.268873           75   14.6971926232   6.77285439575           75 
/work/00115/gebhardt/maverick/vdrp/shifts/20170221v010/xy_exp01.dat  150.121126  2.480417           75   -10.8632081236   23.9493537836           75  150.121134  2.480578           75  -11.3378813565   23.6155130195           75 
/work/00115/gebhardt/maverick/vdrp/shifts/20170221v010/xy_exp01.dat  150.121126  2.480417           75   -10.8632081236   23.9493537836           75  150.121134  2.480578           75  -11.3378813565   23.6155130195           75 
/work/00115/gebhardt/maverick/vdrp/shifts/20170221v010/xy_exp01.dat  150.123331   2.47666           75    4.80706431781   24.4668511178           75  150.123329  2.476723           75   4.61146867165   24.3518190853           75 
/work/00115/gebhardt/maverick/vdrp/shifts/20170221v010/xy_exp02.dat  150.121068  2.480587           75  -12.1693138035   24.2644801977           75  150.121134  2.480578           75   -12.0151577551   24.0810850824           75 
/work/00115/gebhardt/maverick/vdrp/shifts/20170221v010/xy_exp02.dat  150.121068  2.480587           75  -12.1693138035   24.2644801977           75  150.121134  2.480578           75   -12.0151577551   24.0810850824           75 
/work/00115/gebhardt/maverick/vdrp/shifts/20170221v010/xy_exp02.dat  150.123343  2.476754           75   3.86672594305   24.7152256725           75  150.123329  2.476723           75    3.93419221294    24.817393649           75 
/work/00115/gebhardt/maverick/vdrp/shifts/20170221v010/xy_exp03.dat   150.12332  2.476648           75   3.17555995486      23.35563835           75  150.123329  2.476723           75   2.96456676398    23.1840873716           75 
/work/00115/gebhardt/maverick/vdrp/shifts/20170221v012/xy_exp01.dat  188.992849  62.265631           75  -5.60929587063  -10.1724451497           75  188.992916  62.265627           75  -5.55185117648  -10.0749408523           75 
/work/00115/gebhardt/maverick/vdrp/shifts/20170221v012/xy_exp01.dat  188.995108  62.261522           75  -14.9744863674   1.88714513056           75  188.995015  62.261686           75   -14.603628902   1.40204757063           75 
/work/00115/gebhardt/maverick/vdrp/shifts/20170221v012/xy_exp01.dat  188.998954  62.263725           75   -4.7582663643   2.11476102266           75   188.99889  62.263898           75  -4.33204342007   1.64816459181           75 
/work/00115/gebhardt/maverick/vdrp/shifts/20170221v012/xy_exp01.dat  189.004361  62.257763           75  -16.1565282134   22.4330736672           75  189.004529  62.257994           75  -15.3270091419   22.1454685329           75 
/work/00115/gebhardt/maverick/vdrp/shifts/20170221v012/xy_exp02.dat  188.993275  62.265529           75  -6.36599288852  -9.02190186966           75  188.992916  62.265627           75   -6.4560388258  -9.71335048108           75 
/work/00115/gebhardt/maverick/vdrp/shifts/20170221v012/xy_exp02.dat  189.004327  62.257954           75  -16.5526092941   22.3279617303           75  189.004529  62.257994           75  -16.2312765118   22.5070348943           75 
/work/00115/gebhardt/maverick/vdrp/shifts/20170221v012/xy_exp02.dat  188.995223  62.261685           75  -15.2969999509   2.04114316014           75  188.995015  62.261686           75  -15.5078449688   1.76361563223           75 
/work/00115/gebhardt/maverick/vdrp/shifts/20170221v012/xy_exp02.dat  188.999035  62.263887           75  -5.11857535234   2.22594720644           75   188.99889  62.263898           75   -5.2362600562   2.00975801806           75 
/work/00115/gebhardt/maverick/vdrp/shifts/20170221v012/xy_exp03.dat  188.995005  62.261634           75  -16.2649618749   0.506285277114           75  188.995015  62.261686           75  -16.1068032464   0.404744755358           75 
/work/00115/gebhardt/maverick/vdrp/shifts/20170221v012/xy_exp03.dat  189.004423  62.257897           75  -17.2152732278    21.2219877153           75  189.004529  62.257994           75  -16.8305104196    21.1481542087           75 
/work/00115/gebhardt/maverick/vdrp/shifts/20170221v012/xy_exp03.dat  188.992759  62.265573           75  -7.36968482601   -11.1607090409           75  188.992916  62.265627           75  -7.05484462599    -11.072100982           75 
/work/00115/gebhardt/maverick/vdrp/shifts/20170221v012/xy_exp03.dat  188.999101  62.263805           75  -5.88292775825    1.13557558978           75   188.99889  62.263898           75  -5.83522163738   0.651023624878           75 
/work/00115/gebhardt/maverick/vdrp/shifts/20170221v013/xy_exp02.dat  189.017043  62.259755           75    2.69523245816  -15.7336568918           75  189.016822  62.259787           75    2.55786973937  -16.0963435844           75 
/work/00115/gebhardt/maverick/vdrp/shifts/20170221v013/xy_exp02.dat  189.010017  62.255196           75    -17.486514611  -14.9001501076           75  189.009808  62.255423           75   -17.0584312127  -15.6794113061           75 
/work/00115/gebhardt/maverick/vdrp/shifts/20170221v013/xy_exp03.dat   189.01686  62.259695           75    1.55934795263  -17.5954318227           75  189.016822  62.259787           75    1.7810356413  -17.8496023849           75 
/work/00115/gebhardt/maverick/vdrp/shifts/20170221v014/xy_exp01.dat  189.013737  62.271938           75  -16.5090236041  0.642799643014           75   189.01369  62.271926           75  -16.5913897933  0.607027769393           75 
/work/00115/gebhardt/maverick/vdrp/shifts/20170221v014/xy_exp01.dat  189.013737  62.271938           75  -16.5090236041  0.642799643014           75   189.01369  62.271926           75  -16.5913897933  0.607027769393           75 
/work/00115/gebhardt/maverick/vdrp/shifts/20170221v014/xy_exp02.dat  189.013839  62.271865           75  -17.2908785715   1.59100258229           75   189.01369  62.271926           75  -17.2701465257   1.25921687139           75 
/work/00115/gebhardt/maverick/vdrp/shifts/20170221v014/xy_exp02.dat  189.013839  62.271865           75  -17.2908785715   1.59100258229           75   189.01369  62.271926           75  -17.2701465257   1.25921687139           75 
/work/00115/gebhardt/maverick/vdrp/shifts/20170221v014/xy_exp03.dat  189.027188  62.279986           75   18.5752430448  -0.208051480424           75  189.026645  62.280172           75   18.5474308194    -1.33693274586           75 
/work/00115/gebhardt/maverick/vdrp/shifts/20170221v015/xy_exp01.dat  150.154259  2.416099           75   18.0827964823    10.980902805           75  150.154397  2.416089           75   17.8273624363   10.5537947273           75 
/work/00115/gebhardt/maverick/vdrp/shifts/20170221v015/xy_exp02.dat  150.154193  2.416028           75   17.5321988812   11.5689503706           75  150.154397  2.416089           75   16.9312037986   11.0941720948           75 
/work/00115/gebhardt/maverick/vdrp/shifts/20170222v007/xy_exp02.dat  150.122101  2.279117           75  -3.73108354446   22.2851815469           75  150.122312  2.279157           75  -3.45272459419   21.5645340239           75 
/work/00115/gebhardt/maverick/vdrp/shifts/20170222v007/xy_exp03.dat  150.122328  2.279274           75   -4.3649072802     19.574562595           75  150.122312  2.279157           75  -4.03755586835   19.8457878869           75 
/work/00115/gebhardt/maverick/vdrp/shifts/20170222v010/xy_exp01.dat  189.058094  62.237664           75  -11.4533226289  -12.9535451613           75  189.058182  62.237673           75  -11.3370038087  -12.8571307962           75 
/work/00115/gebhardt/maverick/vdrp/shifts/20170222v010/xy_exp02.dat  189.058157  62.237725           75  -11.7263536494  -12.6070583958           75  189.058182  62.237673           75  -11.8481578055  -12.4588520753           75 
/work/00115/gebhardt/maverick/vdrp/shifts/20170222v010/xy_exp03.dat   189.05827  62.237519           75  -13.0039196521  -13.6241800925           75  189.058182  62.237673           75  -12.6575868182  -14.0815523658           75 
/work/00115/gebhardt/maverick/vdrp/shifts/20170224v005/xy_exp02.dat  189.082825  62.229918           75  -6.26527129835  -13.3336054769           75  189.082657   62.22989           75  -6.51910844336  -13.4921418141           75 
/work/00115/gebhardt/maverick/vdrp/shifts/20170224v005/xy_exp02.dat  189.095884  62.229746           75   6.83563931387   4.23193597151           75  189.095892  62.229591           75    6.4063101011     4.588616227           75 
/work/00115/gebhardt/maverick/vdrp/shifts/20170224v005/xy_exp03.dat  189.095896  62.229582           75    5.6627773665    3.00437400564           75  189.095892  62.229591           75   5.68402773308    2.9790126371           75 
/work/00115/gebhardt/maverick/vdrp/shifts/20170224v005/xy_exp03.dat  189.082996    62.2302           75  -6.01300667762   -15.3480160116           75  189.082657   62.22989           75  -7.24110589488  -15.1019488554           75 
/work/00115/gebhardt/maverick/vdrp/shifts/20170225v007/xy_exp01.dat  150.234508  2.276735           75   22.9832458864  -6.13322942882           75  150.234335  2.276876           75    22.224761113  -5.86936075023           75 
/work/00115/gebhardt/maverick/vdrp/shifts/20170225v007/xy_exp02.dat  150.234678  2.276616           75   22.3271253571    -5.69227753489           75  150.234335  2.276876           75   20.8832588145  -5.13221350117           75 
/work/00115/gebhardt/maverick/vdrp/shifts/20170225v007/xy_exp03.dat  150.234508  2.276743           75    20.7890664448  -7.56826816438           75  150.234335  2.276876           75   20.0551075781  -7.28930243152           75 
/work/00115/gebhardt/maverick/vdrp/shifts/20170225v014/xy_exp01.dat  189.090236  62.216688           75    24.4346604367   17.7060896313           75  189.089572  62.216874           75    25.6263192588   17.1866416576           75 
/work/00115/gebhardt/maverick/vdrp/shifts/20170225v014/xy_exp02.dat  189.089657  62.216919           75   24.8861958154   17.8229026566           75  189.089572  62.216874           75   24.8369298534   17.6127562341           75 
/work/00115/gebhardt/maverick/vdrp/shifts/20170225v014/xy_exp02.dat  189.089443  62.207538           75   -2.4188484973  -2.05385083092           75   189.08969  62.207483           75   -2.8205877916  -1.83089470597           75 
/work/00115/gebhardt/maverick/vdrp/shifts/20170225v014/xy_exp03.dat   189.08961  62.207475           75  -3.62697109722    -3.4171113783           75   189.08969  62.207483           75  -3.68138119149    -3.2910092017           75 
/work/00115/gebhardt/maverick/vdrp/shifts/20170225v015/xy_exp01.dat  189.058552  62.199778           75   15.9231000869   -11.8738186525           75  189.058468   62.19977           75   15.9816173358   -12.0053346211           75 
/work/00115/gebhardt/maverick/vdrp/shifts/20170225v015/xy_exp02.dat  189.058575   62.19984           75     15.2432183597    -11.095087701           75  189.058468   62.19977           75   15.1425250232  -11.3877312315           75 
/work/00115/gebhardt/maverick/vdrp/shifts/20170225v015/xy_exp03.dat  189.058515  62.199713           75   14.1002275371  -13.0689415557           75  189.058468   62.19977           75   14.3130827931  -13.0139232787           75 
/work/00115/gebhardt/maverick/vdrp/shifts/20170301v013/xy_exp01.dat  189.058717  62.196466           75   5.30277244175       -18.214903554           75  189.058704  62.196445           75   5.25384648258   -18.2765325998           75 
/work/00115/gebhardt/maverick/vdrp/shifts/20170301v013/xy_exp01.dat  189.058535   62.19985           75   15.4042191945      -11.3983716568           75  189.058468   62.19977           75   15.2348479664   -11.6570455169           75 
/work/00115/gebhardt/maverick/vdrp/shifts/20170301v013/xy_exp02.dat  189.058468  62.196452           75   4.22664434793    -18.0937681511           75  189.058704  62.196445           75   3.97628129297    -17.7855503235           75 
/work/00115/gebhardt/maverick/vdrp/shifts/20170301v013/xy_exp02.dat  189.058476    62.1998           75    14.037543242      -11.09258923           75  189.058468   62.19977           75   13.9573522977    -11.1661680236           75 
/work/00115/gebhardt/maverick/vdrp/shifts/20170301v013/xy_exp03.dat  189.058452  62.199797           75   14.4012669208   -12.6152498575           75  189.058468   62.19977           75   14.3065041029  -12.6497394366           75 
/work/00115/gebhardt/maverick/vdrp/shifts/20170301v014/xy_exp02.dat  189.058689  62.196542           75   7.76715074059  -15.5415660932           75  189.058704  62.196445           75    7.4680099377  -15.7234724033           75 
/work/00115/gebhardt/maverick/vdrp/shifts/20170301v014/xy_exp02.dat  189.058519  62.199786           75   17.4485536487  -9.00421069405           75  189.058468   62.19977           75    17.451258607  -9.10737471949           75 
/work/00115/gebhardt/maverick/vdrp/shifts/20170301v014/xy_exp03.dat  189.058444  62.196476           75   8.09243628609  -17.5264622153           75  189.058704  62.196445           75   7.74840738925  -17.2354144038           75 
/work/00115/gebhardt/maverick/vdrp/shifts/20170301v014/xy_exp03.dat  189.058424  62.199802           75   17.8682656247  -10.6126022258           75  189.058468   62.19977           75   17.7315712449  -10.6191888677           75 
/work/00115/gebhardt/maverick/vdrp/shifts/20170303v012/xy_exp01.dat  189.117769  62.242552           75   14.3880234577   4.00796209856           75  189.117601  62.242477           75    14.001623106   3.95378768089           75 
/work/00115/gebhardt/maverick/vdrp/shifts/20170303v012/xy_exp02.dat  189.117584  62.242645           75   13.8270498255   4.26739075855           75  189.117601  62.242477           75   13.3696057075   4.66405267741           75 
/work/00115/gebhardt/maverick/vdrp/shifts/20170303v012/xy_exp03.dat  189.117773  62.242719           75   13.0845246503   2.54531367916           75  189.117601  62.242477           75   12.2217141553   2.85790086515           75 
/work/00115/gebhardt/maverick/vdrp/shifts/20170303v014/xy_exp01.dat   214.72353  52.840009           75    -11.514400887  -21.9709192265           75  214.723404  52.839836           75   -12.0091180165  -21.5037917145           75 
/work/00115/gebhardt/maverick/vdrp/shifts/20170303v014/xy_exp02.dat  214.723522  52.839713           75  -12.5415538712  -20.3100920866           75  214.723404  52.839836           75  -12.6056553976  -20.8178380551           75 
/work/00115/gebhardt/maverick/vdrp/shifts/20170303v014/xy_exp03.dat  214.723346  52.839738           75  -13.7632150104  -22.3696909008           75  214.723404  52.839836           75  -13.5097612571  -22.6456195541           75 
/work/00115/gebhardt/maverick/vdrp/shifts/20170306v020/xy_exp03.dat  189.092482  62.185349           75  -8.63099281564   -9.65355012232           75  189.092417  62.185151           75  -9.14807766602   -10.1561726273           75 
/work/00115/gebhardt/maverick/vdrp/shifts/20170306v020/xy_exp03.dat  189.101863  62.194298           75   8.46151171386    21.8741076836           75   189.10179   62.19439           75   8.80238301011    21.9664572434           75 
/work/00115/gebhardt/maverick/vdrp/shifts/20170330v006/xy_exp01.dat  214.887478  52.946373           75   17.0724466267  -3.78932211565           75  214.887582  52.946523           75   17.4924140945  -4.19690339944           75 
/work/00115/gebhardt/maverick/vdrp/shifts/20170330v006/xy_exp02.dat  214.887802   52.94647           75   16.8391026075  -2.50682002614           75  214.887582  52.946523           75   16.4755251926   -2.8700868644           75 
/work/00115/gebhardt/maverick/vdrp/shifts/20170330v006/xy_exp03.dat  214.887603  52.946544           75   16.4310078171  -4.30291847601           75  214.887582  52.946523           75   16.3593704436  -4.25135707685           75 
/work/00115/gebhardt/maverick/vdrp/shifts/20170331v006/xy_exp01.dat  150.156349  2.313213           75   23.4799030689   -2.3616230647           75  150.156537   2.31324           75     23.0151630511   -2.86239935611           75 
/work/00115/gebhardt/maverick/vdrp/shifts/20170331v006/xy_exp02.dat  150.155019  2.318654           75   8.64711786531   13.2831052336           75  150.155161   2.31858           75    8.5755278305   12.7114917633           75 
/work/00115/gebhardt/maverick/vdrp/shifts/20170331v007/xy_exp02.dat  214.792137  52.866161           75   24.2990045888   23.1249237067           75  214.792016  52.866729           75    24.8543681186   21.1394935854           75 
/work/00115/gebhardt/maverick/vdrp/shifts/20170331v013/xy_exp03.dat  214.807914  52.839741           75  -10.5915877167    9.49508181029           75  214.808351  52.839634           75  -11.6146504874   9.56413276179           75 
/work/00115/gebhardt/maverick/vdrp/shifts/20170418v004/xy_exp01.dat  150.156428  1.919067           75     16.597092913  -8.57080208815           75  150.156534   1.91905           75    16.4367105898   -8.92219692323           75 
/work/00115/gebhardt/maverick/vdrp/shifts/20170418v005/xy_exp01.dat  215.924593  53.252939           75   7.73678253208   20.4298712619           75  215.924785  53.252982           75   8.17766563535   20.4542660133           75 
/work/00115/gebhardt/maverick/vdrp/shifts/20170418v005/xy_exp02.dat  215.912058  53.252955           75  -16.2875042612    8.5263071938           75  215.912027  53.252766           75  -16.6221243887   9.12248855544           75 
/work/00115/gebhardt/maverick/vdrp/shifts/20170418v005/xy_exp03.dat  215.924725  53.252913           75   7.39697167894   19.1249803858           75  215.924785  53.252982           75   7.61511543376   18.9494351143           75 
/work/00115/gebhardt/maverick/vdrp/shifts/20170418v006/xy_exp01.dat  214.246117  52.252879           75    -19.578495495     9.26521292366           75  214.246018  52.252993           75    -19.630144794    8.80330037672           75 
/work/00115/gebhardt/maverick/vdrp/shifts/20170418v006/xy_exp01.dat  214.258443  52.256275           75    10.1782950691     7.90355198409           75  214.258371  52.256435           75    10.2428798341    7.30959953969           75 
/work/00115/gebhardt/maverick/vdrp/shifts/20170418v006/xy_exp02.dat    214.2585  52.256257           75    10.1809619594   6.50291695833           75  214.258371  52.256435           75    10.1526273766   5.80246458868           75 
/work/00115/gebhardt/maverick/vdrp/shifts/20170418v006/xy_exp02.dat  214.245858  52.253006           75   -20.0309764163   7.12263681023           75  214.246018  52.252993           75   -19.7204030711   7.29604578407           75 
/work/00115/gebhardt/maverick/vdrp/shifts/20170418v006/xy_exp03.dat   214.24614  52.252895           75  -21.3420463499   8.34953357872           75  214.246018  52.252993           75  -21.4620328619   7.92249576928           75 
/work/00115/gebhardt/maverick/vdrp/shifts/20170418v006/xy_exp03.dat  214.258311  52.256428           75   8.27880237275   6.40391457818           75  214.258371  52.256435           75   8.41101078488   6.42917426943           75 
/work/00115/gebhardt/maverick/vdrp/shifts/20170419v006/xy_exp02.dat  214.526228  52.644473           75  -10.4600770895      24.3324797716           75  214.525982  52.644501           75  -10.9177837178    24.0334716494           75 
/work/00115/gebhardt/maverick/vdrp/shifts/20170419v006/xy_exp02.dat  214.526228  52.644473           75  -10.4600770895      24.3324797716           75  214.525982  52.644501           75  -10.9177837178    24.0334716494           75 
/work/00115/gebhardt/maverick/vdrp/shifts/20170419v006/xy_exp03.dat  214.526074  52.644504           75  -12.3631741528    24.2796025999           75  214.525982  52.644501           75  -12.5529316995   24.2125724055           75 
/work/00115/gebhardt/maverick/vdrp/shifts/20170419v006/xy_exp03.dat  214.526074  52.644504           75  -12.3631741528    24.2796025999           75  214.525982  52.644501           75  -12.5529316995   24.2125724055           75 
/work/00115/gebhardt/maverick/vdrp/shifts/20170420v016/xy_exp01.dat  214.047831  53.327103           75     1.23679946568    -13.182299475           75  214.048006   53.32706           75   0.831155685801   -13.1508090389           75 
/work/00115/gebhardt/maverick/vdrp/shifts/20170420v016/xy_exp02.dat  214.048028  53.327053           75   1.05758830913    -14.7454141156           75  214.048006   53.32706           75   1.11117149254   -14.7442498118           75 
/work/00115/gebhardt/maverick/vdrp/shifts/20170420v016/xy_exp03.dat  214.047812   53.32699           75  -0.308351922341   -14.7127997549           75  214.048006   53.32706           75  -0.567028451816  -14.2997895006           75 
/work/00115/gebhardt/maverick/vdrp/shifts/20170420v016/xy_exp03.dat  214.063819   53.33078           75   -24.8708106054    12.9862297528           75  214.063482  53.330987           75   -23.8880378441   13.3244644258           75 
/work/00115/gebhardt/maverick/vdrp/shifts/20170420v017/xy_exp01.dat  215.147285  52.327605           75    9.95744271642  -19.3798032198           75  215.146548  52.327457           75    11.2095714093  -20.5396724552           75 
/work/00115/gebhardt/maverick/vdrp/shifts/20170420v017/xy_exp01.dat  215.153322  52.337856           75    13.2597543276     19.70148112           75  215.153107  52.338014           75    13.9266656449    20.021501468           75 
/work/00115/gebhardt/maverick/vdrp/shifts/20170420v017/xy_exp02.dat  215.156881  52.331944           75   -2.47009554484   2.11308231917           75  215.156705  52.331914           75   -2.16313518548    1.8535615332           75 
/work/00115/gebhardt/maverick/vdrp/shifts/20170420v017/xy_exp03.dat  215.153183    52.3381           75    12.7144947226   19.7296384378           75  215.153107  52.338014           75    12.7374584614   19.3785390231           75 
/work/00115/gebhardt/maverick/vdrp/shifts/20170421v016/xy_exp01.dat  214.051353  53.165353           75    2.45463112718   6.97713145423           75  214.051228  53.165318           75     2.64023985788   6.74430967429           75 
/work/00115/gebhardt/maverick/vdrp/shifts/20170421v016/xy_exp01.dat  214.049552  53.157929           75   -5.94789227446  -18.6901598737           75  214.049512  53.157839           75    -6.01462227902  -19.0187607035           75 
/work/00115/gebhardt/maverick/vdrp/shifts/20170421v016/xy_exp02.dat  214.049474  53.158063           75  -5.18202555078   -19.8581192994           75  214.049512  53.157839           75  -5.61406282392    -20.5439425678           75 
/work/00115/gebhardt/maverick/vdrp/shifts/20170421v016/xy_exp03.dat  214.049461  53.157862           75  -6.86403654902  -19.9113598797           75  214.049512  53.157839           75  -6.99946090762  -19.9365719441           75 
/work/00115/gebhardt/maverick/vdrp/shifts/20170421v017/xy_exp01.dat  214.049413    53.1578           75   -5.63387459517  -19.4176616895           75  214.049512  53.157839           75  -5.76295641822  -19.1969386299           75 
/work/00115/gebhardt/maverick/vdrp/shifts/20170421v017/xy_exp01.dat  214.050955  53.165133           75    3.11242886959   5.71154320507           75  214.051228  53.165318           75   2.88046170444   6.56997339969           75 
/work/00115/gebhardt/maverick/vdrp/shifts/20170421v017/xy_exp02.dat  214.049477  53.158001           75   -6.35357875366   -17.6905257954           75  214.049512  53.157839           75   -6.68036005315   -18.1794474665           75 
/work/00115/gebhardt/maverick/vdrp/shifts/20170421v017/xy_exp03.dat  214.049597  53.157707           75  -7.74933537307  -19.8272865439           75  214.049512  53.157839           75  -7.37383967946  -19.4830719102           75 
/work/00115/gebhardt/maverick/vdrp/shifts/20170423v008/xy_exp01.dat   214.00659  52.409329           75   6.77047257387   -4.64541916039           75  214.006633  52.409403           75   6.95758408931  -4.85725736177           75 
/work/00115/gebhardt/maverick/vdrp/shifts/20170423v008/xy_exp01.dat  214.009603  52.401259           75    2.0565654544    24.7754572136           75  214.009413  52.401246           75   1.65196317744    24.662986907           75 
/work/00115/gebhardt/maverick/vdrp/shifts/20170423v008/xy_exp02.dat  214.009191  52.401391           75    0.665092388145   24.8671381497           75  214.009413  52.401246           75   0.922427971376   25.5334938488           75 
/work/00115/gebhardt/maverick/vdrp/shifts/20170423v008/xy_exp02.dat  214.006718  52.409452           75     6.46716198891  -4.08063701361           75  214.006633  52.409403           75    6.22811429505  -3.98673890432           75 
/work/00115/gebhardt/maverick/vdrp/shifts/20170423v008/xy_exp03.dat  214.006842  52.409399           75   6.11574446753  -4.94790205619           75  214.006633  52.409403           75   5.69537716313   -5.13271879433           75 
/work/00115/gebhardt/maverick/vdrp/shifts/20170423v008/xy_exp03.dat   214.00939  52.401227           75  0.317107615291    24.432061387           75  214.009413  52.401246           75   0.38951932774    24.3874828964           75 
/work/00115/gebhardt/maverick/vdrp/shifts/20170423v015/xy_exp01.dat  215.168549  52.667801           75  -17.7684136339    24.0333418222           75    215.1684  52.667563           75  -17.8415341822    23.1197903621           75 
/work/00115/gebhardt/maverick/vdrp/shifts/20170423v016/xy_exp01.dat  215.700278  52.332629           75   20.2389584108  -2.34247260468           75  215.700448  52.332555           75    19.788003326   -2.42889543843           75 
/work/00115/gebhardt/maverick/vdrp/shifts/20170423v016/xy_exp02.dat   215.70075  52.332535           75    17.524286739  -1.86693157742           75  215.700448  52.332555           75   18.1582645788  -2.07820207695           75 
/work/00115/gebhardt/maverick/vdrp/shifts/20170424v009/xy_exp01.dat  214.281049  52.411127           75    7.46648000464  -11.4153492495           75  214.280929  52.411127           75   7.22208232434  -11.5138917025           75 
/work/00115/gebhardt/maverick/vdrp/shifts/20170424v009/xy_exp02.dat  214.280879  52.411096           75    5.76430616262  -11.0109450149           75  214.280929  52.411127           75    5.90787211549  -11.0733877786           75 
/work/00115/gebhardt/maverick/vdrp/shifts/20170424v009/xy_exp03.dat  214.280947  52.411164           75    6.32927286344   -12.5997466407           75  214.280929  52.411127           75    6.2428018492  -12.4909926148           75 
/work/00115/gebhardt/maverick/vdrp/shifts/20170425v003/xy_exp01.dat  215.389474  52.739453           75   -1.2164670951   4.38353751432           75  215.389595  52.739558           75  -0.827674094986   4.13599459352           75 
/work/00115/gebhardt/maverick/vdrp/shifts/20170425v003/xy_exp01.dat  215.393882  52.736354           75   3.36385672332   18.3763553751           75  215.393878  52.736404           75    3.42500543617   18.2068357556           75 
/work/00115/gebhardt/maverick/vdrp/shifts/20170427v004/xy_exp01.dat  214.416885   52.69199           75    24.740860183  -0.329253000198           75  214.417152  52.692277           75   25.6750098913  -1.06018964251           75 
/work/00115/gebhardt/maverick/vdrp/shifts/20170427v004/xy_exp02.dat  214.417504   52.69217           75   24.8182073616  -0.180216041138           75  214.417152  52.692277           75   24.2565055449  -0.830419288881           75 
/work/00115/gebhardt/maverick/vdrp/shifts/20170427v004/xy_exp03.dat  214.416742   52.69198           75   23.3745086333  -1.94878238162           75  214.417152  52.692277           75   24.6106481467  -2.59334317803           75 
/work/00115/gebhardt/maverick/vdrp/shifts/20170427v005/xy_exp01.dat   214.29192  52.570901           75   18.6278919075   17.8453594396           75  214.291509  52.570937           75   17.8448960322   17.3844902983           75 
/work/00115/gebhardt/maverick/vdrp/shifts/20170427v005/xy_exp01.dat   214.29192  52.570901           75   18.6278919075   17.8453594396           75  214.291509  52.570937           75   17.8448960322   17.3844902983           75 
/work/00115/gebhardt/maverick/vdrp/shifts/20170427v005/xy_exp02.dat  214.291671  52.571012           75   16.7049366182    17.753863882           75  214.291509  52.570937           75   16.2745758491   17.8693151873           75 
/work/00115/gebhardt/maverick/vdrp/shifts/20170427v005/xy_exp02.dat  214.291671  52.571012           75   16.7049366182    17.753863882           75  214.291509  52.570937           75   16.2745758491   17.8693151873           75 
/work/00115/gebhardt/maverick/vdrp/shifts/20170427v013/xy_exp01.dat  214.325384   53.16414           75    5.6350108624  -0.611270756058           75  214.325087  53.164155           75   6.23311875739  -0.84808119132           75 
/work/00115/gebhardt/maverick/vdrp/shifts/20170427v013/xy_exp02.dat  214.325494  53.164169           75   4.14579986233  -0.11670465296           75  214.325087  53.164155           75   4.91008201876  -0.552641207089           75 
/work/00115/gebhardt/maverick/vdrp/shifts/20170427v013/xy_exp03.dat  214.325272  53.164107           75   4.66301212897  -1.94935711507           75  214.325087  53.164155           75   5.09748189014  -1.97223271766           75 
/work/00115/gebhardt/maverick/vdrp/shifts/20170427v014/xy_exp01.dat  214.322404  52.666446           75   8.79714318882   4.59505213316           75  214.322297   52.66643           75   8.98365492203   4.44305529654           75 
/work/00115/gebhardt/maverick/vdrp/shifts/20170427v014/xy_exp02.dat  214.322395  52.666443           75    7.58678808816   5.15594326963           75  214.322297   52.66643           75    7.76015830342   5.02211246705           75 
/work/00115/gebhardt/maverick/vdrp/shifts/20170427v014/xy_exp03.dat  214.322406  52.666377           75    7.41620462641   3.42050190187           75  214.322297   52.66643           75       7.71292544   3.49115971256           75 
/work/00115/gebhardt/maverick/vdrp/shifts/20170428v005/xy_exp02.dat  214.566843  52.404379           75      10.06479207    18.3211700558           75  214.566898  52.404372           75     10.1673775086    18.3897494807           75 
/work/00115/gebhardt/maverick/vdrp/shifts/20170428v007/xy_exp01.dat    215.6728  52.735637           75   10.0497429774   24.6956583663           75  215.672777  52.735785           75   10.2088381445   24.1846999609           75 
/work/00115/gebhardt/maverick/vdrp/shifts/20170428v007/xy_exp01.dat  215.677445  52.737627           75   22.1534334129   21.9871688927           75  215.677478  52.737686           75   22.3016594399    21.818893256           75 
/work/00115/gebhardt/maverick/vdrp/shifts/20170428v007/xy_exp02.dat  215.672747  52.735741           75    8.90044255473   24.9412584283           75  215.672777  52.735785           75    9.02183587786   24.8203017494           75 
/work/00115/gebhardt/maverick/vdrp/shifts/20170428v007/xy_exp02.dat  215.664852  52.740579           75  -0.264030611616   2.23696373907           75   215.66491  52.740837           75   0.210694236091   1.42870210663           75 
/work/00115/gebhardt/maverick/vdrp/shifts/20170428v007/xy_exp02.dat  215.677579  52.737745           75    21.3996663462   22.3434046234           75  215.677478  52.737686           75    21.1146700531   22.4545605234           75 
/work/00115/gebhardt/maverick/vdrp/shifts/20170428v007/xy_exp03.dat  215.677619  52.737579           75      21.60396334   21.5158122176           75  215.677478  52.737686           75     21.468813193   21.0419258965           75 
/work/00115/gebhardt/maverick/vdrp/shifts/20170428v007/xy_exp03.dat  215.672896  52.735656           75    9.43633117047   23.9361478349           75  215.672777  52.735785           75    9.37597580865   23.4076502691           75 
/work/00115/gebhardt/maverick/vdrp/shifts/20170428v020/xy_exp01.dat  214.608514  53.331239           75  -4.78861173599   10.5556456069           75   214.60846  53.331282           75   -4.6151438105   10.6413753694           75 
/work/00115/gebhardt/maverick/vdrp/shifts/20170428v020/xy_exp02.dat  214.608514  53.331246           75  -5.89572000857   10.7001402475           75   214.60846  53.331282           75  -5.73362657285   10.7633821967           75 
/work/00115/gebhardt/maverick/vdrp/shifts/20170428v020/xy_exp03.dat   214.60852  53.331253           75  -5.76135989652    9.61147067208           75   214.60846  53.331282           75  -5.59913133898     9.6464040312           75 
/work/00115/gebhardt/maverick/vdrp/shifts/20170501v011/xy_exp01.dat  214.883965  53.165655           75    -2.419851176    10.6529828249           75  214.883827  53.165714           75  -2.05857949369    10.7104388241           75 
/work/00115/gebhardt/maverick/vdrp/shifts/20170501v011/xy_exp01.dat  214.883965  53.165655           75    -2.419851176    10.6529828249           75  214.883827  53.165714           75  -2.05857949369    10.7104388241           75 
/work/00115/gebhardt/maverick/vdrp/shifts/20170501v011/xy_exp01.dat  214.874736  53.168558           75   20.0677310804    11.1365160991           75  214.874903  53.168547           75    19.727422209    11.2615930596           75 
/work/00115/gebhardt/maverick/vdrp/shifts/20170501v011/xy_exp02.dat  214.883609  53.165713           75   -2.99096554286     10.9291682461           75  214.883827  53.165714           75   -3.41057128455    11.1420173734           75 
/work/00115/gebhardt/maverick/vdrp/shifts/20170501v011/xy_exp02.dat  214.883609  53.165713           75   -2.99096554286     10.9291682461           75  214.883827  53.165714           75   -3.41057128455    11.1420173734           75 
/work/00115/gebhardt/maverick/vdrp/shifts/20170501v011/xy_exp02.dat  214.886278  53.158058           75   -20.4271541043    -11.1753523219           75  214.886289  53.158186           75   -20.2430876039   -10.7522446107           75 
/work/00115/gebhardt/maverick/vdrp/shifts/20170501v011/xy_exp02.dat  214.874981  53.168457           75    18.0804058336     11.4778729154           75  214.874903  53.168547           75    18.3754355127    11.6929737708           75 
/work/00115/gebhardt/maverick/vdrp/shifts/20170501v011/xy_exp03.dat  214.883898  53.165501           75  -3.67044466988   8.92699757723           75  214.883827  53.165714           75   -3.19161700688   9.54521054122           75 
/work/00115/gebhardt/maverick/vdrp/shifts/20170501v011/xy_exp03.dat  214.883898  53.165501           75  -3.67044466988   8.92699757723           75  214.883827  53.165714           75   -3.19161700688   9.54521054122           75 
/work/00115/gebhardt/maverick/vdrp/shifts/20170501v011/xy_exp03.dat  214.875221  53.168683           75   18.1980491525   10.8403272361           75  214.874903  53.168547           75    18.5943864192   10.0962947136           75 
/work/00115/gebhardt/maverick/vdrp/shifts/20170502v009/xy_exp01.dat   214.60096   53.00336           75    16.6502539852   17.7553134163           75  214.601011  53.003319           75    16.4860452957   17.6714793037           75 
/work/00115/gebhardt/maverick/vdrp/shifts/20170502v009/xy_exp02.dat  214.601948   53.00032           75    8.75994448811   9.43657555246           75   214.60163   53.00035           75    9.42601643474   9.23001298973           75 
/work/00115/gebhardt/maverick/vdrp/shifts/20170502v009/xy_exp02.dat  214.601068  53.003346           75    15.2705639615   18.3762117405           75  214.601011  53.003319           75    15.3385983027   18.2345528868           75 
/work/00115/gebhardt/maverick/vdrp/shifts/20170502v009/xy_exp03.dat  214.601071  53.003368           75    15.4440458299   16.7752642517           75  214.601011  53.003319           75    15.4830250806   16.5596419944           75 
/work/00115/gebhardt/maverick/vdrp/shifts/20170502v010/xy_exp02.dat  214.892784  52.999657           75  -21.6807415928    22.1664517187           75  214.892726   52.99962           75   -21.626386983    21.9915851592           75 
/work/00115/gebhardt/maverick/vdrp/shifts/20170502v010/xy_exp03.dat  214.892813  52.999295           75   -22.5278592121   19.6873335003           75  214.892726   52.99962           75   -21.844461833   20.6555267936           75 
/work/00115/gebhardt/maverick/vdrp/shifts/20170502v010/xy_exp03.dat  214.873539  53.005668           75    25.0613764209   21.9567097093           75  214.873189  53.005615           75   25.6587599391   21.4523417376           75 
/work/00115/gebhardt/maverick/vdrp/shifts/20170502v011/xy_exp01.dat  215.440444  53.323632           75  -18.0136599584  -15.8327995953           75  215.440643  53.323524           75  -18.5708413833  -15.9871201014           75 
/work/00115/gebhardt/maverick/vdrp/shifts/20170502v012/xy_exp01.dat  215.435406  52.336841           75   3.86346753811   21.9130166993           75  215.435417  52.336877           75   3.89534127623   22.0409452301           75 
/work/00115/gebhardt/maverick/vdrp/shifts/20170502v012/xy_exp01.dat  215.439058   52.33246           75  -10.0001011226   10.9092253759           75  215.438879  52.332518           75  -9.55515779204    10.935394108           75 
/work/00115/gebhardt/maverick/vdrp/shifts/20170502v012/xy_exp02.dat  215.421748  52.333686           75   25.0476562729  -0.256236833396           75  215.421991  52.333746           75   24.6512114215  0.162378011016           75 
/work/00115/gebhardt/maverick/vdrp/shifts/20170502v012/xy_exp02.dat   215.43856  52.332484           75  -10.3883277862    11.1817158142           75  215.438879  52.332518           75  -10.9756602642    11.584819989           75 
/work/00115/gebhardt/maverick/vdrp/shifts/20170502v012/xy_exp03.dat  215.438845  52.332608           75  -10.1208337427   10.3627478785           75  215.438879  52.332518           75  -10.3235722427   10.0991807755           75 
/work/00115/gebhardt/maverick/vdrp/shifts/20170503v009/xy_exp01.dat  214.598887  52.499609           75   11.1693379237   3.84074402698           75  214.598815  52.499555           75   11.2302064396   3.59787591707           75 
/work/00115/gebhardt/maverick/vdrp/shifts/20170503v009/xy_exp01.dat  214.598963  52.505003           75   19.2237522405   21.5107414688           75  214.598748  52.504964           75    19.591426431   21.1844139375           75 
/work/00115/gebhardt/maverick/vdrp/shifts/20170503v009/xy_exp02.dat  214.598695  52.505106           75   18.4768922334   22.1489080645           75  214.598748  52.504964           75   18.1556181675   21.7346655975           75 
/work/00115/gebhardt/maverick/vdrp/shifts/20170503v009/xy_exp02.dat  214.601365  52.498892           75   3.72058500675   4.34658752809           75  214.601286  52.498899           75   3.88815093904   4.29626028252           75 
/work/00115/gebhardt/maverick/vdrp/shifts/20170503v009/xy_exp02.dat  214.598995  52.499435           75   9.25414779866   3.92336673397           75  214.598815  52.499555           75   9.79422776586   4.14820853374           75 
/work/00115/gebhardt/maverick/vdrp/shifts/20170503v009/xy_exp03.dat  214.613864  52.502204           75  -16.0108590702   25.2353626832           75  214.614236  52.502545           75  -16.2306708136     26.6925017416           75 
/work/00115/gebhardt/maverick/vdrp/shifts/20170503v009/xy_exp03.dat  214.598557   52.49953           75   10.3223296493   2.33303531522           75  214.598815  52.499555           75   9.84789605637     2.65352992942           75 
/work/00115/gebhardt/maverick/vdrp/shifts/20170503v009/xy_exp03.dat  214.598978  52.505037           75   17.8634694454   20.6911769096           75  214.598748  52.504964           75   18.2092109774     20.2400226681           75 
/work/00115/gebhardt/maverick/vdrp/shifts/20170503v010/xy_exp01.dat  215.718577  52.835449           75   -8.21269556469   23.3457210944           75  215.718436  52.835387           75   -8.03307349271   23.0116773345           75 
/work/00115/gebhardt/maverick/vdrp/shifts/20170503v010/xy_exp01.dat  215.721761  52.834994           75   -15.1630202936   24.8706400158           75  215.721769  52.835047           75   -15.0960033801   25.0501285273           75 
/work/00115/gebhardt/maverick/vdrp/shifts/20170503v010/xy_exp02.dat  215.718458  52.835339           75  -9.33665877222    24.125900939           75  215.718436  52.835387           75  -9.21865101963   24.2608943292           75 
/work/00115/gebhardt/maverick/vdrp/shifts/20170503v010/xy_exp03.dat  215.718545  52.835531           75  -9.78337744685     23.42994873           75  215.718436  52.835387           75  -9.79441228175   22.8600272001           75 
/work/00115/gebhardt/maverick/vdrp/shifts/20170503v010/xy_exp03.dat  215.721942  52.834947           75   -17.352420892   24.7371930748           75  215.721769  52.835047           75  -16.8573223636   24.8985471783           75 
/work/00115/gebhardt/maverick/vdrp/shifts/20170519v002/xy_exp01.dat  215.679129   53.07224           75   22.4825119055   8.17631607834           75  215.679069  53.072261           75    22.3933669689    8.05544441867           75 
/work/00115/gebhardt/maverick/vdrp/shifts/20170519v002/xy_exp01.dat  215.657791  53.072333           75  -19.7485553905  -10.4425894713           75  215.657856  53.072343           75   -19.6052260361   -10.4198324843           75 
/work/00115/gebhardt/maverick/vdrp/shifts/20170519v002/xy_exp01.dat  215.672161   53.08052           75   20.4732105994    -25.16399245           75  215.672191  53.080703           75    20.7941198939    -25.742994784           75 
/work/00115/gebhardt/maverick/vdrp/shifts/20170519v002/xy_exp02.dat  215.672541  53.080712           75   20.3648424476   -25.0225797913           75  215.672191  53.080703           75   19.6572291337   -25.2931045412           75 
/work/00115/gebhardt/maverick/vdrp/shifts/20170519v002/xy_exp02.dat  215.657869  53.072368           75  -20.6806727704   -10.0416148414           75  215.657856  53.072343           75  -20.7422025323   -9.97016762619           75 
/work/00115/gebhardt/maverick/vdrp/shifts/20170519v002/xy_exp02.dat  215.679385  53.072221           75   21.8265902417    8.90862308996           75  215.679069  53.072261           75   21.2562874728    8.50534371208           75 
/work/00115/gebhardt/maverick/vdrp/shifts/20170519v002/xy_exp03.dat  215.658028  53.072317           75  -20.3404724935  -11.1064548372           75  215.657856  53.072343           75  -20.6447828282    -11.3400241409           75 
/work/00115/gebhardt/maverick/vdrp/shifts/20170519v002/xy_exp03.dat  215.678826  53.072202           75     20.78693136   7.12211946405           75  215.679069  53.072261           75   21.3536528334     7.13561015566           75 
/work/00115/gebhardt/maverick/vdrp/shifts/20170523v008/xy_exp01.dat  215.421532  52.330218           75   21.7896387893  -22.3220464251           75  215.421386  52.330229           75   22.0979942708  -22.4203013697           75 
/work/00115/gebhardt/maverick/vdrp/shifts/20170523v008/xy_exp01.dat  215.438897  52.332571           75  -9.37355723954   1.34217958998           75  215.438879  52.332518           75  -9.41736519852   1.15230191937           75 
/work/00115/gebhardt/maverick/vdrp/shifts/20170523v008/xy_exp01.dat  215.435598  52.336907           75   3.74517540157   12.4877314551           75  215.435417  52.336877           75   4.06169570506   12.2231681716           75 
/work/00115/gebhardt/maverick/vdrp/shifts/20170523v008/xy_exp02.dat  215.435482  52.337012           75   3.29097746097   13.3110337169           75  215.435417  52.336877           75   3.21766908202   12.8097704305           75 
/work/00115/gebhardt/maverick/vdrp/shifts/20170523v008/xy_exp02.dat  215.421378  52.330193           75   21.2155757533  -21.9589092108           75  215.421386  52.330229           75   21.2537476566  -21.8338139009           75 
/work/00115/gebhardt/maverick/vdrp/shifts/20170523v008/xy_exp02.dat  215.438904  52.332653           75  -10.1082091962   2.20346197824           75  215.438879  52.332518           75  -10.2614621979   1.73898978618           75 
/work/00115/gebhardt/maverick/vdrp/shifts/20170523v008/xy_exp03.dat  215.438692  52.332477           75  -10.4455904824   0.194923399973           75  215.438879  52.332518           75  -10.7575653486   0.501010598058           75 
/work/00115/gebhardt/maverick/vdrp/shifts/20170523v008/xy_exp03.dat  215.439524  52.335547           75  -7.48694778744    10.9996929752           75  215.439578  52.335588           75  -7.53313320142    11.1834392025           75 
/work/00115/gebhardt/maverick/vdrp/shifts/20170523v008/xy_exp03.dat    215.4355  52.337054           75     2.822117053    12.2269648908           75  215.435417  52.336877           75    2.7215613177    11.5717967083           75 
/work/00115/gebhardt/maverick/vdrp/shifts/20170525v013/xy_exp01.dat  214.603788   53.00236           75    9.20364652087    8.65551555141           75   214.60376  53.002193           75     8.9936393279    8.08893068769           75 
/work/00115/gebhardt/maverick/vdrp/shifts/20170525v013/xy_exp01.dat  214.601052  53.003376           75    16.1355734827    9.33276927568           75  214.601011  53.003319           75    16.1250742208    9.10941745132           75 
/work/00115/gebhardt/maverick/vdrp/shifts/20170525v013/xy_exp02.dat  214.601098  53.003434           75   14.8746089127   10.3833687231           75  214.601011  53.003319           75    14.8617497115   9.92866745992           75 
/work/00115/gebhardt/maverick/vdrp/shifts/20170525v013/xy_exp03.dat  214.601144   53.00341           75    14.6556026561   8.83104666064           75  214.601011  53.003319           75    14.7702451394   8.41010008282           75 
/work/00115/gebhardt/maverick/vdrp/shifts/20170525v014/xy_exp01.dat   215.71654  52.825914           75   -18.815703757   -17.7860928346           75  215.716662  52.825813           75   -19.2124457308  -17.9987626981           75 
/work/00115/gebhardt/maverick/vdrp/shifts/20170525v014/xy_exp01.dat  215.718555  52.835381           75  -7.99492712115    14.8275227251           75  215.718436  52.835387           75    -7.7523352973   14.7348242648           75 
/work/00115/gebhardt/maverick/vdrp/shifts/20170525v014/xy_exp01.dat  215.721682  52.835058           75  -14.6275338438    16.7271459292           75  215.721769  52.835047           75   -14.8152087381   16.7734699722           75 
/work/00115/gebhardt/maverick/vdrp/shifts/20170525v014/xy_exp02.dat  215.718546  52.835379           75  -9.37596925995    15.5236564804           75  215.718436  52.835387           75  -9.14789697406   15.4459274172           75 
/work/00115/gebhardt/maverick/vdrp/shifts/20170525v014/xy_exp02.dat  215.721639  52.835191           75  -15.7312644134    17.8292670436           75  215.721769  52.835047           75  -16.2107500588   17.4846438753           75 
/work/00115/gebhardt/maverick/vdrp/shifts/20170525v014/xy_exp03.dat  215.718403  52.835366           75  -9.15211182995   14.1656601501           75  215.718436  52.835387           75  -9.18402335171   14.2648955607           75 
/work/00115/gebhardt/maverick/vdrp/shifts/20170525v014/xy_exp03.dat  215.721602  52.835142           75  -15.7713426455   16.4543685305           75  215.721769  52.835047           75  -16.2468826365   16.3035903991           75 
/work/00115/gebhardt/maverick/vdrp/shifts/20170529v007/xy_exp01.dat  214.598901  52.505121           75   19.2534105214   13.2359027623           75  214.598748  52.504964           75   19.3176777933   12.5818955007           75 
/work/00115/gebhardt/maverick/vdrp/shifts/20170529v007/xy_exp01.dat  214.614321  52.502535           75  -15.2985865488   19.1210797255           75  214.614236  52.502545           75   -15.114615117   19.0747423797           75 
/work/00115/gebhardt/maverick/vdrp/shifts/20170529v007/xy_exp02.dat  214.614305  52.502536           75  -16.6957828728   19.6198513702           75  214.614236  52.502545           75   -16.545095448   19.5851120109           75 
/work/00115/gebhardt/maverick/vdrp/shifts/20170529v007/xy_exp02.dat  214.598799  52.505047           75   17.9124838021   13.4099430122           75  214.598748  52.504964           75   17.8871356385   13.0919360739           75 
/work/00115/gebhardt/maverick/vdrp/shifts/20170529v009/xy_exp01.dat    214.8732  52.670591           75   21.9544775807   7.57423991478           75  214.873285   52.67057           75   21.7544215852   7.58539953149           75 
/work/00115/gebhardt/maverick/vdrp/shifts/20170529v009/xy_exp01.dat  214.889585  52.670192           75  -10.9813848236   21.5999347919           75  214.889555  52.670069           75  -11.1119531393   21.1717839418           75 
/work/00115/gebhardt/maverick/vdrp/shifts/20170529v009/xy_exp02.dat  214.873255  52.670615           75   20.6993915178   8.26474018406           75  214.873285   52.67057           75   20.5708257696   8.14640201884           75 
/work/00115/gebhardt/maverick/vdrp/shifts/20170529v009/xy_exp03.dat   214.87327  52.670511           75   20.4309115859   6.70281341302           75  214.873285   52.67057           75   20.4922940321    6.90877037321           75 
/work/00115/gebhardt/maverick/vdrp/shifts/20170530v006/xy_exp01.dat  214.599233  52.502878           75   14.9546105632   6.27844434246           75  214.599036  52.503019           75   15.5604575529   6.55589049763           75 
/work/00115/gebhardt/maverick/vdrp/shifts/20170530v006/xy_exp01.dat  214.601601  52.506472           75   15.7234498583   20.1973964969           75  214.601497  52.506629           75   16.1689655382   20.6132081472           75 
/work/00115/gebhardt/maverick/vdrp/shifts/20170530v006/xy_exp01.dat  214.614273  52.502557           75  -15.4000034927   19.1707870644           75  214.614236  52.502545           75  -15.3448085284   19.0973424552           75 
/work/00115/gebhardt/maverick/vdrp/shifts/20170530v006/xy_exp01.dat  214.598862  52.504977           75   18.8865001105   12.7823225766           75  214.598748  52.504964           75   19.0930882247    12.634284023           75 
/work/00115/gebhardt/maverick/vdrp/shifts/20170530v006/xy_exp02.dat  214.598952  52.499487           75   9.02946999351   -4.50743859679           75  214.598815  52.499555           75   9.40506484423   -4.41255797206           75 
/work/00115/gebhardt/maverick/vdrp/shifts/20170530v006/xy_exp02.dat  214.598947  52.504891           75   17.2656506975    13.1175291248           75  214.598748  52.504964           75   17.7719401488    13.1712890812           75 
/work/00115/gebhardt/maverick/vdrp/shifts/20170530v006/xy_exp02.dat  214.614379  52.502512           75  -17.0001060742    19.6595808278           75  214.614236  52.502545           75  -16.6658986389    19.6346575452           75 
/work/00115/gebhardt/maverick/vdrp/shifts/20170530v006/xy_exp03.dat  214.598726  52.504924           75   17.7681245156   11.5442944939           75  214.598748  52.504964           75    17.785326983   11.6951724609           75 
/work/00115/gebhardt/maverick/vdrp/shifts/20170530v006/xy_exp03.dat  214.614184  52.502459           75   -16.680254429   17.8296633347           75  214.614236  52.502545           75  -16.6525375373   18.1584026223           75 
/work/00115/gebhardt/maverick/vdrp/shifts/20170615v009/xy_exp01.dat  214.693083  52.717507           75  -2.14268811489   10.3024596813           75  214.693156  52.717644           75    -2.073443394   10.8160675745           75 
/work/00115/gebhardt/maverick/vdrp/shifts/20170615v009/xy_exp01.dat  214.688765  52.707781           75  -8.75705021691  -25.3470570433           75   214.68808  52.707733           75  -7.48376826067  -26.1476535734           75 
/work/00115/gebhardt/maverick/vdrp/shifts/20170615v009/xy_exp02.dat  214.693062  52.717614           75  -3.55123605171    11.2437103487           75  214.693156  52.717644           75   -3.68953748925   11.4296003004           75 
/work/00115/gebhardt/maverick/vdrp/shifts/20170615v009/xy_exp02.dat  214.688195  52.707778           75  -9.25664291609   -25.2796823276           75   214.68808  52.707733           75   -9.10026769254  -25.5340617177           75 
/work/00115/gebhardt/maverick/vdrp/shifts/20170615v009/xy_exp03.dat  214.692957  52.717348           75  -3.75840235863   8.96431691642           75  214.693156  52.717644           75   -3.68998555436   10.1128559834           75 
/work/00115/gebhardt/maverick/vdrp/shifts/20170615v009/xy_exp03.dat  214.683791  52.720344           75   18.9266118585   10.0692660561           75  214.684615  52.720388           75     17.374033232   10.9873934968           75 
/work/00115/gebhardt/maverick/vdrp/shifts/20170615v009/xy_exp03.dat  214.688238  52.708063           75  -8.89883973906   -25.630411123           75   214.68808  52.707733           75   -9.10058239757  -26.8508252367           75 
/work/00115/gebhardt/maverick/vdrp/shifts/20170617v008/xy_exp01.dat   214.69733  52.714019           75  -15.7279145615   2.07850674528           75   214.69725  52.714299           75  -15.1362253085   2.91301725043           75 
/work/00115/gebhardt/maverick/vdrp/shifts/20170617v008/xy_exp01.dat   214.69328  52.717633           75   -2.1527888792   10.0153039848           75  214.693156  52.717644           75  -1.89169870401   9.93456730756           75 
/work/00115/gebhardt/maverick/vdrp/shifts/20170617v008/xy_exp02.dat  214.698578  52.713566           75   -20.3446611058   2.11632032469           75  214.698804  52.713474           75   -20.9321419747    2.02977523291           75 
/work/00115/gebhardt/maverick/vdrp/shifts/20170617v008/xy_exp02.dat  214.697417  52.714631           75   -16.4079723404   4.48548230952           75   214.69725  52.714299           75   -16.5941976349    3.24997989901           75 
/work/00115/gebhardt/maverick/vdrp/shifts/20170617v008/xy_exp02.dat  214.693024  52.717884           75   -2.71766262814   10.9271516783           75  214.693156  52.717644           75   -3.34960566334    10.2714067418           75 
/work/00115/gebhardt/maverick/vdrp/shifts/20170617v008/xy_exp03.dat  214.697096  52.714282           75    -16.382832631   1.64517108463           75   214.69725  52.714299           75   -16.6595552105    1.84508452241           75 
/work/00115/gebhardt/maverick/vdrp/shifts/20170617v008/xy_exp03.dat  214.693306  52.717566           75   -3.83114213033    8.7540416502           75  214.693156  52.717644           75   -3.41498765647    8.86655725158           75 
/work/00115/gebhardt/maverick/vdrp/shifts/20170617v008/xy_exp03.dat  214.693651  52.714794           75    -8.8086804846  0.072182534147           75  214.693591  52.714736           75   -8.78053429956  -0.172617016294           75 
/work/00115/gebhardt/maverick/vdrp/shifts/20170617v009/xy_exp01.dat  215.436617   52.83305           75   -0.219455094406   2.22539048451           75  215.436875  52.832937           75  -0.901569109186   2.10263510648           75 
/work/00115/gebhardt/maverick/vdrp/shifts/20170617v009/xy_exp01.dat  215.439546   52.83221           75    -7.27099100314   2.26803894278           75  215.439415  52.832293           75   -6.88457610104   2.41344534639           75 
/work/00115/gebhardt/maverick/vdrp/shifts/20170617v009/xy_exp02.dat  215.436906  52.832838           75   -2.47253608347    2.3045045917           75  215.436875  52.832937           75    -2.25702485752   2.59626088372           75 
/work/00115/gebhardt/maverick/vdrp/shifts/20170617v009/xy_exp03.dat  215.437038  52.833094           75  -2.47749727163   1.85128974993           75  215.436875  52.832937           75   -2.40361964081    1.18821316908           75 
/work/00115/gebhardt/maverick/vdrp/shifts/20170621v007/xy_exp01.dat  214.676356  52.709503           75     19.8514707152   17.3080393563           75  214.676273   52.70961           75    20.1805504118   17.5779606279           75 
/work/00115/gebhardt/maverick/vdrp/shifts/20170621v007/xy_exp02.dat  214.665644  52.699971           75    24.8783442312  -22.5751236844           75  214.665744  52.699806           75    24.4260189814  -23.0176508358           75 
/work/00115/gebhardt/maverick/vdrp/shifts/20170621v007/xy_exp02.dat  214.676436  52.709537           75     18.431333082   18.6384181629           75  214.676273   52.70961           75    18.8653097795   18.7227972045           75 
/work/00115/gebhardt/maverick/vdrp/shifts/20170621v007/xy_exp03.dat  214.665847  52.699725           75    23.9802764646  -24.8030249967           75  214.665744  52.699806           75     24.308511473  -24.6363419097           75 
/work/00115/gebhardt/maverick/vdrp/shifts/20170621v007/xy_exp03.dat  214.676324  52.709692           75    18.7741635402   17.4184304752           75  214.676273   52.70961           75    18.7476459387   17.1040848329           75 
/work/00115/gebhardt/maverick/vdrp/shifts/20170625v005/xy_exp01.dat  214.714738  52.704082           75  -19.0248768769  -8.95606263313           75  214.714917  52.703997           75  -19.5090288634   -9.0642023112           75 
/work/00115/gebhardt/maverick/vdrp/shifts/20170625v005/xy_exp02.dat  214.715032  52.703845           75  -21.3858233827  -8.61592241056           75  214.714917  52.703997           75  -20.9238608342  -8.22998493935           75 
/work/00115/gebhardt/maverick/vdrp/shifts/20170625v005/xy_exp03.dat  214.714874  52.704013           75  -20.8776709746  -9.82343119096           75  214.714917  52.703997           75  -20.9871284574  -9.83504870128           75 
/work/00115/gebhardt/maverick/vdrp/shifts/20170625v006/xy_exp02.dat  215.433697  52.502244           75   8.95595538808     13.4527285523           75  215.433705  52.502251           75    8.9507413105    13.4829809206           75 
/work/00115/gebhardt/maverick/vdrp/shifts/20170625v006/xy_exp03.dat  215.433824  52.502217           75   8.66272138417   12.2903646491           75  215.433705  52.502251           75   8.95079752897   12.2908505436           75 
/work/00115/gebhardt/maverick/vdrp/shifts/20170626v003/xy_exp01.dat  214.709923  52.694749           75   -15.9719293524   9.03188030004           75  214.709733  52.694809           75   -15.5047969477    9.04895595903           75 
/work/00115/gebhardt/maverick/vdrp/shifts/20170626v003/xy_exp01.dat  214.694137  52.692305           75    11.3590790802  -13.7005217494           75  214.694029  52.692161           75    11.3494325275   -14.2698870258           75 
/work/00115/gebhardt/maverick/vdrp/shifts/20170626v003/xy_exp02.dat  214.694142  52.692085           75   9.75749719912  -13.5373449543           75  214.694029  52.692161           75   10.0976213158   -13.3960483742           75 
/work/00115/gebhardt/maverick/vdrp/shifts/20170626v003/xy_exp02.dat  214.697187    52.6946           75   7.64284691209  -2.50810435872           75  214.697425  52.694698           75   7.32527555434   -1.96656699674           75 
/work/00115/gebhardt/maverick/vdrp/shifts/20170626v003/xy_exp02.dat  214.709793  52.694773           75  -16.9302606518   9.86221895869           75  214.709733  52.694809           75  -16.7563850711    9.92305203181           75 
/work/00115/gebhardt/maverick/vdrp/shifts/20170626v003/xy_exp03.dat  214.694116  52.692183           75   9.80472838567   -14.8432071038           75  214.694029  52.692161           75   9.94219324435  -14.9962148387           75 
/work/00115/gebhardt/maverick/vdrp/shifts/20170626v003/xy_exp03.dat   214.70971  52.694951           75  -16.6470710254    8.76292028442           75  214.709733  52.694809           75  -16.9118938559    8.3227921662           75 
/work/00115/gebhardt/maverick/vdrp/shifts/20170628v005/xy_exp01.dat  215.097209   52.97765           75   18.8644240051   12.8315227587           75  215.097073  52.977758           75   19.2998968026   13.0516057938           75 
/work/00115/gebhardt/maverick/vdrp/shifts/20170629v004/xy_exp01.dat  215.132408  52.972886           75  -13.1125425603   -20.8858770439           75  215.132528  52.972784           75  -13.5073552168  -21.1018300418           75 
/work/00115/gebhardt/maverick/vdrp/shifts/20170629v004/xy_exp01.dat   215.13759  52.977563           75  -15.8252419281  -0.827892483418           75  215.137427  52.977455           75  -15.6782009072  -1.33225950485           75 
/work/00115/gebhardt/maverick/vdrp/shifts/20170629v004/xy_exp02.dat  215.132651  52.972829           75   -14.8868237777    -20.0082338933           75  215.132528  52.972784           75   -14.7182065393   -20.2707512197           75 
/work/00115/gebhardt/maverick/vdrp/shifts/20170629v004/xy_exp02.dat  215.137392  52.977595           75   -16.5996602508  -0.0814803948929           75  215.137427  52.977455           75   -16.8888677659  -0.501160271354           75 
/work/00115/gebhardt/maverick/vdrp/shifts/20170629v004/xy_exp03.dat  215.116712  52.978529           75   24.9709493346  -17.8996291566           75  215.116876  52.978206           75   24.1417902594  -18.7889956465           75 
/work/00115/gebhardt/maverick/vdrp/shifts/20170629v004/xy_exp03.dat  215.132268  52.972819           75  -14.3489998058  -21.5924727382           75  215.132528  52.972784           75  -14.9108278848  -21.4585665203           75 
/work/00115/gebhardt/maverick/vdrp/shifts/20170629v004/xy_exp03.dat  215.137495  52.977285           75  -17.4823900849  -2.17435175655           75  215.137427  52.977455           75  -17.0815331285  -1.68898055564           75 
/work/00115/gebhardt/maverick/vdrp/shifts/20170629v005/xy_exp01.dat  215.434079  52.671739           75   10.2617879506   15.4575753974           75  215.434208  52.671733           75   9.99828239576   15.5592209758           75 
/work/00115/gebhardt/maverick/vdrp/shifts/20170630v008/xy_exp01.dat  215.121014  52.961588           75   2.50781089305  -8.41131315704           75  215.121315  52.961369           75   1.57589324478  -8.83455413134           75 
/work/00115/gebhardt/maverick/vdrp/shifts/20170630v008/xy_exp01.dat  215.130969  52.967436           75  -7.68547463488   19.9657077389           75  215.131242  52.967602           75  -7.95604749917   20.7621203399           75 
/work/00115/gebhardt/maverick/vdrp/shifts/20170630v009/xy_exp01.dat  214.878643  52.500837           75     5.5666353517     6.38782907444           75  214.878798   52.50094           75    5.41621310404    6.86767276878           75 
/work/00115/gebhardt/maverick/vdrp/shifts/20170630v009/xy_exp01.dat   214.87396  52.504615           75    20.6272656014     14.3549626759           75  214.873938  52.504512           75    20.5137340103    13.9986938473           75 
/work/00115/gebhardt/maverick/vdrp/shifts/20170630v009/xy_exp02.dat  214.878777  52.500939           75    4.27899704866   7.79359784094           75  214.878798   52.50094           75    4.23884364174   7.81637136524           75 
/work/00115/gebhardt/maverick/vdrp/shifts/20170630v009/xy_exp02.dat  214.873811  52.504643           75     19.788411555   15.2563951588           75  214.873938  52.504512           75    19.3364307535   14.9472524338           75 
/work/00115/gebhardt/maverick/vdrp/shifts/20170630v009/xy_exp02.dat   214.87602  52.495495           75    1.44194209348  -12.5179385366           75  214.876247  52.495337           75   0.750185815139  -12.8221502684           75 
/work/00115/gebhardt/maverick/vdrp/shifts/20170630v009/xy_exp03.dat  214.878534  52.500969           75    4.99449756479    5.78913361215           75  214.878798   52.50094           75    4.42625605479    5.9398860435           75 
/work/00115/gebhardt/maverick/vdrp/shifts/20170630v009/xy_exp03.dat  214.874065  52.504485           75    19.2305413248    13.1008058774           75  214.873938  52.504512           75    19.5237996408   13.0708589621           75 
/work/00115/gebhardt/maverick/vdrp/shifts/20170701v008/xy_exp01.dat   215.14532  52.831677           75    23.7159643096  -9.74442478048           75  215.145582  52.831471           75    22.8793401617  -10.1624594478           75 
/work/00115/gebhardt/maverick/vdrp/shifts/20170701v008/xy_exp01.dat  215.168838  52.832132           75   -21.5729261715   14.0882469377           75  215.169452  52.832574           75   -22.0780972128   16.1032035069           75 
/work/00115/gebhardt/maverick/vdrp/shifts/20170701v008/xy_exp02.dat   215.14557  52.831554           75    21.7425318886  -9.07784657338           75  215.145582  52.831471           75    21.5884823832  -9.33520129776           75 
/work/00115/gebhardt/maverick/vdrp/shifts/20170701v008/xy_exp03.dat  215.144987  52.831728           75   22.9627978348  -10.4151301939           75  215.145582  52.831471           75    21.3944865111  -10.6818076378           75 
/work/00115/gebhardt/maverick/vdrp/shifts/20170701v008/xy_exp03.dat  215.169478  52.832386           75  -23.9095775642   15.0002416858           75  215.169452  52.832574           75   -23.5627646952   15.5841742548           75 
/work/00115/gebhardt/maverick/vdrp/shifts/20170701v009/xy_exp01.dat  215.445008  53.169582           75  -4.52289697562      25.2013289836           75  215.444674  53.169505           75   -3.9995374836   24.6334769121           75 
/work/00115/gebhardt/maverick/vdrp/shifts/20170701v009/xy_exp01.dat  215.430876  53.165957           75   17.0393206036  -0.00827924980629           75  215.430944  53.165818           75   16.6861236257  -0.39193282179           75 
/work/00115/gebhardt/maverick/vdrp/shifts/20170701v009/xy_exp02.dat  215.444106  53.169456           75  -4.63576574212    24.6708256582           75  215.444674  53.169505           75  -5.65649156628   25.3720489425           75 
/work/00115/gebhardt/maverick/vdrp/shifts/20170701v009/xy_exp02.dat  215.430979   53.16566           75   14.7092351877  -0.130121549194           75  215.430944  53.165818           75   15.0288761673  0.346396272768           75 
/work/00115/gebhardt/maverick/vdrp/shifts/20170701v009/xy_exp03.dat  215.444345  53.169655           75  -4.80782670559     24.5109059332           75  215.444674  53.169505           75  -5.68357659785     24.341364597           75 
/work/00115/gebhardt/maverick/vdrp/shifts/20170701v009/xy_exp03.dat   215.43133  53.165896           75   14.3793171671  -0.0635145576047           75  215.430944  53.165818           75   15.0018609155  -0.684230112306           75 
/work/00115/gebhardt/maverick/vdrp/shifts/20170720v002/xy_exp01.dat  215.096992   52.97781           75    18.9128246417   13.4038220397           75  215.097073  52.977758           75    18.6729269707     13.3126016015           75 
/work/00115/gebhardt/maverick/vdrp/shifts/20170720v002/xy_exp02.dat  215.097401  52.977661           75   16.5914162282   13.9800242053           75  215.097073  52.977758           75   17.3835298694   13.9819817653           75 
/work/00115/gebhardt/maverick/vdrp/shifts/20170720v002/xy_exp03.dat  215.097461  52.977762           75    16.5189997143   13.1380726107           75  215.097073  52.977758           75    17.2685095962   12.7562284624           75 
/work/00115/gebhardt/maverick/vdrp/shifts/20170720v003/xy_exp01.dat  215.151034  52.498288           75   10.8451198315  -10.7959186955           75  215.150946  52.498177           75   10.8504382414  -11.2395946371           75 
/work/00115/gebhardt/maverick/vdrp/shifts/20170720v003/xy_exp01.dat  215.167169   52.50185           75  -15.7442795999   15.8086306784           75  215.167329    52.5019           75  -15.9854993894   16.1203288903           75 
/work/00115/gebhardt/maverick/vdrp/shifts/20170720v003/xy_exp01.dat  215.167169   52.50185           75  -15.7442795999   15.8086306784           75  215.167329    52.5019           75  -15.9854993894   16.1203288903           75 
/work/00115/gebhardt/maverick/vdrp/shifts/20170720v003/xy_exp02.dat  215.167291   52.50204           75  -17.1285106959   17.4107867891           75  215.167329    52.5019           75  -17.4176495522   16.9896577366           75 
/work/00115/gebhardt/maverick/vdrp/shifts/20170720v003/xy_exp02.dat  215.167291   52.50204           75  -17.1285106959   17.4107867891           75  215.167329    52.5019           75  -17.4176495522   16.9896577366           75 
/work/00115/gebhardt/maverick/vdrp/shifts/20170720v003/xy_exp03.dat  215.167389  52.502016           75  -17.2486957985   15.9008741032           75  215.167329    52.5019           75   -17.306698614     15.4669220153           75 
/work/00115/gebhardt/maverick/vdrp/shifts/20170720v003/xy_exp03.dat  215.167389  52.502016           75  -17.2486957985   15.9008741032           75  215.167329    52.5019           75   -17.306698614     15.4669220153           75 
