/work/00115/gebhardt/maverick/vdrp/shifts/20170103v002/xy_exp01.dat  149.876267  1.946685           76  -10.8630758372   6.19895641453           76  149.875564  1.946374           76  -8.53037078856   7.68541521397           76 
/work/00115/gebhardt/maverick/vdrp/shifts/20170103v002/xy_exp01.dat  149.872185  1.945066           76   2.12175540131    15.202545921           76  149.871687  1.945672           76   1.29701166517   17.9024757955           76 
/work/00115/gebhardt/maverick/vdrp/shifts/20170103v002/xy_exp02.dat  149.876197  1.946157           76  -10.2799412466   6.11371547006           76  149.875564  1.946374           76  -9.66957398609   8.44280833273           76 
/work/00115/gebhardt/maverick/vdrp/shifts/20170103v002/xy_exp02.dat  149.871669  1.946249           76  -1.53613716934   19.8638258312           76  149.871687  1.945672           76  0.157808549306   18.6598689729           76 
/work/00115/gebhardt/maverick/vdrp/shifts/20170103v002/xy_exp03.dat  149.876219  1.946366           76  -11.5268058114    4.8169772939           76  149.875564  1.946374           76   -10.2460501008   6.79542393056           76 
/work/00115/gebhardt/maverick/vdrp/shifts/20170103v002/xy_exp03.dat  149.871847  1.946433           76  -3.01879670562   18.0498498462           76  149.871687  1.945672           76  -0.418664767709   17.0124817898           76 
/work/00115/gebhardt/maverick/vdrp/shifts/20170105v009/xy_exp01.dat  149.914557  2.099785           76    15.670724216    12.809877836           76  149.914498  2.099968           76    14.997756095     12.64805961           76 
/work/00115/gebhardt/maverick/vdrp/shifts/20170105v009/xy_exp02.dat  149.921474  2.102098           76   20.1750442005    -12.157650997           76  149.921453  2.102637           76   18.4790954762  -13.1034951385           76 
/work/00115/gebhardt/maverick/vdrp/shifts/20170105v009/xy_exp02.dat  149.914534  2.099427           76   15.3841299334    14.1647649199           76  149.914498  2.099968           76   13.6539396594   13.2612356103           76 
/work/00115/gebhardt/maverick/vdrp/shifts/20170105v009/xy_exp03.dat  149.914635  2.099773           76   13.1191666141   11.6836428947           76  149.914498  2.099968           76   12.2632044033    11.738901446           76 
/work/00115/gebhardt/maverick/vdrp/shifts/20170106v003/xy_exp01.dat  149.977017  2.041405           76   6.36855416245  -4.56193347458           76  149.977064  2.041413           76   6.25023455489   -4.6861198356           76 
/work/00115/gebhardt/maverick/vdrp/shifts/20170106v003/xy_exp01.dat  149.977017  2.041405           76   6.36855416245  -4.56193347458           76  149.977064  2.041413           76   6.25023455489   -4.6861198356           76 
/work/00115/gebhardt/maverick/vdrp/shifts/20170106v003/xy_exp02.dat  149.977049  2.041431           76    5.18139767152  -3.90151842242           76  149.977064  2.041413           76    5.20501522151  -3.98247250631           76 
/work/00115/gebhardt/maverick/vdrp/shifts/20170106v003/xy_exp02.dat  149.977049  2.041431           76    5.18139767152  -3.90151842242           76  149.977064  2.041413           76    5.20501522151  -3.98247250631           76 
/work/00115/gebhardt/maverick/vdrp/shifts/20170106v003/xy_exp03.dat  149.977011  2.041499           76   3.89047456871  -5.12290327562           76  149.977064  2.041413           76   4.04081749975  -5.45397404316           76 
/work/00115/gebhardt/maverick/vdrp/shifts/20170106v003/xy_exp03.dat  149.977011  2.041499           76   3.89047456871  -5.12290327562           76  149.977064  2.041413           76   4.04081749975  -5.45397404316           76 
/work/00115/gebhardt/maverick/vdrp/shifts/20170107v012/xy_exp03.dat  149.909886  2.003711           76  -8.33591494569   19.3781512121           76  149.909855  2.004465           76  -10.7248950647   18.0846324973           76 
/work/00115/gebhardt/maverick/vdrp/shifts/20170127v008/xy_exp01.dat  150.113279   2.30017           76    13.4975187466    6.6631407889           76  150.113436   2.30028           76    13.4596510463   5.97443242471           76 
/work/00115/gebhardt/maverick/vdrp/shifts/20170127v008/xy_exp01.dat  150.107504  2.302661           76   -5.09111901873   19.5630880274           76  150.107476   2.30271           76   -5.29410254968   19.5554097229           76 
/work/00115/gebhardt/maverick/vdrp/shifts/20170127v008/xy_exp02.dat  150.113401    2.3002           76   12.9097950659   6.58555166951           76  150.113436   2.30028           76   12.7317802291   6.32650485896           76 
/work/00115/gebhardt/maverick/vdrp/shifts/20170127v008/xy_exp02.dat  150.107553  2.302627           76  -5.62194911129   19.8301711585           76  150.107476   2.30271           76  -6.02197530283   19.9074797943           76 
/work/00115/gebhardt/maverick/vdrp/shifts/20170127v008/xy_exp03.dat  150.113416  2.300259           76   12.0137033233   4.69352242179           76  150.113436   2.30028           76   11.9875221539   4.59249980216           76 
/work/00115/gebhardt/maverick/vdrp/shifts/20170127v008/xy_exp03.dat  150.107667  2.302666           76  -6.26876808076   17.6738251674           76  150.107476   2.30271           76  -6.76623042681   18.1734785706           76 
/work/00115/gebhardt/maverick/vdrp/shifts/20170129v002/xy_exp01.dat  150.214787  2.509938           76    -14.5452761796  -12.4031833802           76  150.214545  2.509914           76   -14.9370689452   -11.6211995023           76 
/work/00115/gebhardt/maverick/vdrp/shifts/20170129v002/xy_exp01.dat  150.218283  2.500499           76     20.8982974953  -4.88540074058           76  150.218522  2.499796           76    23.4970151949   -4.26049905931           76 
/work/00115/gebhardt/maverick/vdrp/shifts/20170129v002/xy_exp02.dat  150.214745  2.509941           76   -15.5942928223   -11.9087217633           76  150.214545  2.509914           76   -15.896280494   -11.2486777067           76 
/work/00115/gebhardt/maverick/vdrp/shifts/20170129v002/xy_exp02.dat  150.218213  2.500463           76    19.9141962463   -4.23080902669           76  150.218522  2.499796           76   22.5378026534   -3.88797063714           76 
/work/00115/gebhardt/maverick/vdrp/shifts/20170129v002/xy_exp03.dat   150.21476  2.509947           76   -16.425022462  -13.2629734316           76  150.214545  2.509914           76  -16.7375608737  -12.5457834401           76 
/work/00115/gebhardt/maverick/vdrp/shifts/20170129v003/xy_exp01.dat  189.062936  62.206398           76   2.89724772643   10.4025941067           76  189.063645  62.206054           76   2.66074823072   12.1038256376           76 
/work/00115/gebhardt/maverick/vdrp/shifts/20170129v003/xy_exp01.dat  189.066191  62.210531           76   17.9664745962   5.48849861987           76  189.066175  62.210436           76   17.6811912594   5.67902107689           76 
/work/00115/gebhardt/maverick/vdrp/shifts/20170129v008/xy_exp01.dat  189.194271  62.142788           76   15.1708713378    -2.63377718384           76  189.194319  62.142623           76   14.6413518576   -2.91478455194           76 
/work/00115/gebhardt/maverick/vdrp/shifts/20170129v008/xy_exp01.dat  189.209085  62.145971           76   9.94082173853     24.2897670616           76  189.209112  62.145765           76   9.31195521823    23.8940897322           76 
/work/00115/gebhardt/maverick/vdrp/shifts/20170129v008/xy_exp02.dat    189.2091  62.145945           76    9.21377791548    24.7714453091           76  189.209112  62.145765           76    8.67565324091    24.4098741117           76 
/work/00115/gebhardt/maverick/vdrp/shifts/20170129v008/xy_exp03.dat  189.195493  62.139683           76    3.52151185945    -8.60005191308           76  189.195589  62.139651           76     3.3337214296  -8.53610079409           76 
/work/00115/gebhardt/maverick/vdrp/shifts/20170129v008/xy_exp03.dat  189.193869  62.142748           76     14.076654845    -4.38080915784           76  189.194319  62.142623           76    13.2695164003  -4.02860639441           76 
/work/00115/gebhardt/maverick/vdrp/shifts/20170130v021/xy_exp01.dat  188.976652  62.245533           76   21.4479741362    12.477761158           76  188.976604  62.245537           76   21.4098022911   12.4054720434           76 
/work/00115/gebhardt/maverick/vdrp/shifts/20170130v021/xy_exp02.dat  188.958881  62.248276           76   9.59346270385  -16.1255273581           76  188.958902  62.248195           76   9.38522817174  -15.9183841468           76 
/work/00115/gebhardt/maverick/vdrp/shifts/20170130v021/xy_exp02.dat   188.97641  62.245452           76   19.6601588229   13.2941785763           76  188.976604  62.245537           76   20.1015023921   13.3622162311           76 
/work/00115/gebhardt/maverick/vdrp/shifts/20170130v021/xy_exp03.dat  188.958882  62.248276           76   8.65361753176    -17.6225655246           76  188.958902  62.248195           76   8.44434840803  -17.4167472728           76 
/work/00115/gebhardt/maverick/vdrp/shifts/20170130v021/xy_exp03.dat  188.976478   62.24559           76   19.1805477375     11.5801106414           76  188.976604  62.245537           76   19.1601476691   11.8640267309           76 
/work/00115/gebhardt/maverick/vdrp/shifts/20170130v022/xy_exp01.dat  188.991988  62.232367           76    0.4509440115    10.743681963           76  188.992281  62.232394           76  0.829498198751   11.0717608446           76 
/work/00115/gebhardt/maverick/vdrp/shifts/20170130v022/xy_exp01.dat  189.000634  62.235829           76   19.1927808926   14.5292461218           76  189.000634  62.235828           76   19.1899403742   14.5314577912           76 
/work/00115/gebhardt/maverick/vdrp/shifts/20170130v022/xy_exp02.dat  188.992001  62.232475           76  -0.269241855033   10.8851418449           76  188.992281  62.232394           76  -0.210890061693   11.4348348535           76 
/work/00115/gebhardt/maverick/vdrp/shifts/20170130v022/xy_exp02.dat  188.978232  62.232241           76   -15.1170247477  -6.82228150289           76  188.978096  62.232214           76   -15.3338098972  -6.94262014392           76 
/work/00115/gebhardt/maverick/vdrp/shifts/20170130v022/xy_exp02.dat   189.00067  62.235699           76    17.8202029292   15.2275312999           76  189.000634  62.235828           76    18.1495410348   14.8945913267           76 
/work/00115/gebhardt/maverick/vdrp/shifts/20170130v022/xy_exp03.dat  188.977893  62.232286           76  -16.2620050944    -8.968104501           76  188.978096  62.232214           76  -16.2575113058  -8.54021954792           76 
/work/00115/gebhardt/maverick/vdrp/shifts/20170130v022/xy_exp03.dat  188.991908  62.232473           76  -1.29473180646   9.16913164223           76  188.992281  62.232394           76  -1.13490087181    9.8374899624           76 
/work/00115/gebhardt/maverick/vdrp/shifts/20170130v022/xy_exp03.dat  189.000489  62.235737           76   16.8175954078   13.3069434047           76  189.000634  62.235828           76   17.2254719696   13.2975555781           76 
/work/00115/gebhardt/maverick/vdrp/shifts/20170130v023/xy_exp01.dat   150.17589  2.241182           76   1.64995755089   -6.09487271493           76  150.175871  2.241158           76    1.7598632325   -6.08731467106           76 
/work/00115/gebhardt/maverick/vdrp/shifts/20170130v023/xy_exp01.dat   150.17139  2.238029           76   20.1626077482    0.84501904574           76  150.171421  2.237947           76   20.3431249341    0.58619026512           76 
/work/00115/gebhardt/maverick/vdrp/shifts/20170130v023/xy_exp02.dat  150.175854  2.241092           76   0.675710296733   -5.92455567231           76  150.175871  2.241158           76   0.445131430181   -5.84072864349           76 
/work/00115/gebhardt/maverick/vdrp/shifts/20170130v023/xy_exp02.dat  150.171426   2.23792           76     19.098418777   0.763004124656           76  150.171421  2.237947           76    19.0283939686   0.832774393784           76 
/work/00115/gebhardt/maverick/vdrp/shifts/20170130v023/xy_exp03.dat  150.175777  2.241141           76  -0.203180790238   -7.34132944528           76  150.175871  2.241158           76  -0.444768546569   -7.58570693057           76 
/work/00115/gebhardt/maverick/vdrp/shifts/20170130v023/xy_exp03.dat  150.171417  2.237906           76     18.268397567  -0.983754629342           76  150.171421  2.237947           76    18.1384964251  -0.912210686281           76 
/work/00115/gebhardt/maverick/vdrp/shifts/20170130v024/xy_exp01.dat  150.275722  2.447509           76  -16.7581372237   14.2410407014           76  150.275673  2.447869           76    -17.7162173349    15.1314131731           76 
/work/00115/gebhardt/maverick/vdrp/shifts/20170130v024/xy_exp01.dat  150.276859   2.44175           76  -2.16291866977  -1.04087211278           76  150.276767   2.44213           76    -3.09080335021  0.0174060027062           76 
/work/00115/gebhardt/maverick/vdrp/shifts/20170130v024/xy_exp02.dat  150.266629  2.441126           76     15.8142502638   23.2076101655           76  150.266771  2.439436           76    20.494238064   19.2866789097           76 
/work/00115/gebhardt/maverick/vdrp/shifts/20170130v024/xy_exp02.dat  150.276976  2.434561           76     13.7066018707   -20.827820497           76  150.274966  2.434758           76    17.289789583   -14.508881681           76 
/work/00115/gebhardt/maverick/vdrp/shifts/20170130v024/xy_exp02.dat  150.274729  2.442098           76    -3.82268768381   1.40397641806           76  150.276767   2.44213           76  -8.13784366916  -4.52254547218           76 
/work/00115/gebhardt/maverick/vdrp/shifts/20170130v024/xy_exp03.dat  150.276625  2.442168           76  -3.61055468339  0.392287131671           76  150.276767   2.44213           76  -3.79281267621  -0.104047008761           76 
/work/00115/gebhardt/maverick/vdrp/shifts/20170130v024/xy_exp03.dat  150.275524  2.447815           76  -17.9506932482    15.336160722           76  150.275673  2.447869           76  -18.4182251893    15.0099617123           76 
/work/00115/gebhardt/maverick/vdrp/shifts/20170130v027/xy_exp01.dat  189.135324   62.18483           76  -13.9944120366    8.9827409062           76  189.135273  62.184863           76   -13.847946306   8.98180164545           76 
/work/00115/gebhardt/maverick/vdrp/shifts/20170130v027/xy_exp02.dat  189.130953  62.187133           76   -4.0739591051   8.65756316603           76   189.13101  62.187252           76  -3.78040618876   8.98393750855           76 
/work/00115/gebhardt/maverick/vdrp/shifts/20170130v027/xy_exp02.dat  189.134987  62.184973           76  -14.3382634189   9.67099967036           76  189.135273  62.184863           76  -14.9394414227   9.83291382432           76 
/work/00115/gebhardt/maverick/vdrp/shifts/20170131v032/xy_exp01.dat  150.210748  2.408613           76  -18.1756531865   3.49208108582           76  150.210697   2.40861           76  -18.2640896378   3.65315602629           76 
/work/00115/gebhardt/maverick/vdrp/shifts/20170131v032/xy_exp02.dat  150.210708  2.408611           76  -18.9336097105   4.03538317681           76  150.210697   2.40861           76  -18.9516083484   4.07080072951           76 
/work/00115/gebhardt/maverick/vdrp/shifts/20170131v032/xy_exp02.dat  150.209468  2.403819           76  -6.69838466485   16.9889823501           76  150.209593  2.403519           76  -5.54470128284    17.182788096           76 
/work/00115/gebhardt/maverick/vdrp/shifts/20170131v033/xy_exp02.dat  188.979753   62.25156           76   -10.293665052  0.744330890562           76  188.980135  62.251466           76  -10.1688999506   1.45770926465           76 
/work/00115/gebhardt/maverick/vdrp/shifts/20170131v033/xy_exp02.dat  188.985218  62.258401           76     14.78234888   -7.1042678429           76  188.985322  62.258437           76   14.9915509264  -7.04592982841           76 
/work/00115/gebhardt/maverick/vdrp/shifts/20170131v033/xy_exp03.dat  188.991083   62.26008           76   24.4216328016    -4.7707211744           76  188.991429  62.260241           76    25.234930418   -4.66765932562           76 
/work/00115/gebhardt/maverick/vdrp/shifts/20170131v033/xy_exp03.dat  188.980358  62.251531           76  -10.9143548098  -0.121160750509           76  188.980135  62.251466           76  -11.3282801463  -0.273250018666           76 
/work/00115/gebhardt/maverick/vdrp/shifts/20170131v033/xy_exp03.dat  188.985385  62.258437           76   13.8970121651   -8.69296768867           76  188.985322  62.258437           76   13.8323336913   -8.77640697007           76 
/work/00115/gebhardt/maverick/vdrp/shifts/20170131v034/xy_exp03.dat  150.269834   2.24452           76    4.40683786505   21.7977589232           76  150.269832  2.244546           76    4.33368796943   21.8565962745           76 
/work/00115/gebhardt/maverick/vdrp/shifts/20170131v037/xy_exp01.dat  189.114564  62.171657           76  -20.2208372116   2.09473595319           76  189.114138  62.171432           76  -20.4644183034     1.0414945388           76 
/work/00115/gebhardt/maverick/vdrp/shifts/20170131v037/xy_exp03.dat   189.11443   62.17164           76  -22.1982668098     1.1658964864           76  189.114138  62.171432           76  -22.5228239624   0.331523245977           76 
/work/00115/gebhardt/maverick/vdrp/shifts/20170202v003/xy_exp01.dat  150.107491  2.302598           76  -4.37217704187     21.6808757631           76  150.107476   2.30271           76    -4.7430402194    21.5137163684           76 
/work/00115/gebhardt/maverick/vdrp/shifts/20170202v003/xy_exp01.dat  150.113262  2.300187           76   13.9628182025     8.63886353506           76  150.113436   2.30028           76    14.0091367158    7.93056178675           76 
/work/00115/gebhardt/maverick/vdrp/shifts/20170202v003/xy_exp02.dat  150.113509  2.300054           76   13.7035706756   8.87159678708           76  150.113436   2.30028           76   12.8740286979   8.66481533958           76 
/work/00115/gebhardt/maverick/vdrp/shifts/20170202v003/xy_exp02.dat  150.107502  2.302778           76  -6.03661413466   22.0392467326           76  150.107476   2.30271           76  -5.87815169365   22.2479656853           76 
/work/00115/gebhardt/maverick/vdrp/shifts/20170202v003/xy_exp03.dat  150.113689  2.300084           76   12.6311300642      7.18783651857           76  150.113436   2.30028           76   11.5512898753    7.58788567304           76 
/work/00115/gebhardt/maverick/vdrp/shifts/20170202v003/xy_exp03.dat  150.107698  2.302803           76   -7.0633677985      20.3161276293           76  150.107476   2.30271           76  -7.20088999035    21.1710368487           76 
/work/00115/gebhardt/maverick/vdrp/shifts/20170202v008/xy_exp01.dat  189.217307  62.158831           76     23.407805638     19.11438275           76  189.217847    62.1589           76   23.0826226159   19.9976859552           76 
/work/00115/gebhardt/maverick/vdrp/shifts/20170202v008/xy_exp01.dat  189.232755  62.149287           76   -19.6486959063   20.3057188388           76  189.233121  62.149362           76  -19.7863208723    20.963633681           76 
/work/00115/gebhardt/maverick/vdrp/shifts/20170202v008/xy_exp02.dat  189.232693  62.149279           76   -20.2462473845   20.8459089813           76  189.233121  62.149362           76   -20.4209695029   21.6054397587           76 
/work/00115/gebhardt/maverick/vdrp/shifts/20170205v012/xy_exp03.dat  189.024268  62.246857           76   24.2176278362   19.2325696032           76  189.023923  62.246538           76   22.9567426115   19.4845419249           76 
/work/00115/gebhardt/maverick/vdrp/shifts/20170221v012/xy_exp02.dat  188.976421  62.245392           76   19.1380192732    12.697118426           76  188.976604  62.245537           76   19.7385158919   12.6195921453           76 
/work/00115/gebhardt/maverick/vdrp/shifts/20170221v012/xy_exp03.dat  188.959214  62.248164           76   8.74845433665   -17.5729145308           76  188.958902  62.248195           76   8.51621338036    -18.054638764           76 
/work/00115/gebhardt/maverick/vdrp/shifts/20170221v013/xy_exp02.dat  188.978437  62.232219           76   -15.1707939515  -6.09461140141           76  188.978096  62.232214           76   -15.5370076881  -6.53428254375           76 
/work/00115/gebhardt/maverick/vdrp/shifts/20170221v013/xy_exp02.dat  188.992059   62.23257           76  -0.110625635904   11.1321182428           76  188.992281  62.232394           76  -0.380659672733    11.815613196           76 
/work/00115/gebhardt/maverick/vdrp/shifts/20170221v013/xy_exp02.dat  189.000525  62.235829           76    17.8763144295   15.0956994259           76  189.000634  62.235828           76     17.986038994   15.2419417163           76 
/work/00115/gebhardt/maverick/vdrp/shifts/20170221v013/xy_exp03.dat  188.977762  62.232231           76   -16.6105692891  -8.76874166622           76  188.978096  62.232214           76  -16.3140124498  -8.28956829015           76 
/work/00115/gebhardt/maverick/vdrp/shifts/20170221v013/xy_exp03.dat   188.99233  62.232463           76  -0.911641420049   9.97241465916           76  188.992281  62.232394           76  -1.15797905736   10.0605871863           76 
/work/00115/gebhardt/maverick/vdrp/shifts/20170221v013/xy_exp03.dat  189.000467  62.235781           76    16.9028914578   13.3707529831           76  189.000634  62.235828           76   17.2086608307   13.4872306357           76 
/work/00115/gebhardt/maverick/vdrp/shifts/20170221v014/xy_exp01.dat  188.980248   62.25154           76  -8.83081528243  0.834376057107           76  188.980135  62.251466           76  -9.15741329179  0.847650568231           76 
/work/00115/gebhardt/maverick/vdrp/shifts/20170221v014/xy_exp01.dat  188.985191  62.258427           76   15.8459202821   -7.7905783528           76  188.985322  62.258437           76   16.0087638275  -7.63902604702           76 
/work/00115/gebhardt/maverick/vdrp/shifts/20170221v014/xy_exp02.dat  188.985299   62.25838           76   15.1441433154  -6.89164222786           76  188.985322  62.258437           76   15.3299994668  -6.98677424881           76 
/work/00115/gebhardt/maverick/vdrp/shifts/20170221v014/xy_exp02.dat  188.980151  62.251572           76  -9.51798396802   1.28756819694           76  188.980135  62.251466           76  -9.83616997672   1.49992581993           76 
/work/00115/gebhardt/maverick/vdrp/shifts/20170221v014/xy_exp03.dat  188.991125  62.260027           76   24.8718414871   -4.36482751472           76  188.991429  62.260241           76   25.7928533855    -4.43367424624           76 
/work/00115/gebhardt/maverick/vdrp/shifts/20170221v014/xy_exp03.dat  188.980133  62.251495           76  -10.6927866788  -0.130338178065           76  188.980135  62.251466           76  -10.7732961218  -0.0637885574649           76 
/work/00115/gebhardt/maverick/vdrp/shifts/20170221v014/xy_exp03.dat  188.985173  62.258436           76    14.237331176   -8.74530829244           76  188.985322  62.258437           76   14.3930149531    -8.55006858965           76 
/work/00115/gebhardt/maverick/vdrp/shifts/20170221v015/xy_exp01.dat  150.174639  2.435655           76   18.4522551928  -9.03505695054           76  150.174138  2.435573           76   19.7283414809  -7.72897580968           76 
/work/00115/gebhardt/maverick/vdrp/shifts/20170221v015/xy_exp01.dat  150.174639  2.435655           76   18.4522551928  -9.03505695054           76  150.174138  2.435573           76   19.7283414809  -7.72897580968           76 
/work/00115/gebhardt/maverick/vdrp/shifts/20170221v015/xy_exp01.dat   150.17559  2.444354           76  -9.15439497603      6.14030152           76  150.175606  2.444288           76  -8.99287124699   5.95679209365           76 
/work/00115/gebhardt/maverick/vdrp/shifts/20170221v015/xy_exp01.dat  150.170113  2.438973           76   18.0156639841   11.1513129408           76  150.170157  2.438999           76   17.8481783733   11.0754532759           76 
/work/00115/gebhardt/maverick/vdrp/shifts/20170221v015/xy_exp02.dat  150.174559  2.435407           76   18.4523269857  -8.77154794585           76  150.174138  2.435573           76   18.8321820753  -7.18859680301           76 
/work/00115/gebhardt/maverick/vdrp/shifts/20170221v015/xy_exp02.dat  150.174559  2.435407           76   18.4523269857  -8.77154794585           76  150.174138  2.435573           76   18.8321820753  -7.18859680301           76 
/work/00115/gebhardt/maverick/vdrp/shifts/20170221v015/xy_exp02.dat  150.175774  2.444372           76  -10.4834996435   6.17596966844           76  150.175606  2.444288           76  -9.88903070925   6.49717170144           76 
/work/00115/gebhardt/maverick/vdrp/shifts/20170221v015/xy_exp02.dat  150.170065   2.43878           76   17.7875385583   11.4342340608           76  150.170157  2.438999           76   16.9520191952   11.6158324406           76 
/work/00115/gebhardt/maverick/vdrp/shifts/20170221v015/xy_exp03.dat  150.175715  2.444234           76  -10.7867972411   4.18796180031           76  150.175606  2.444288           76  -10.7209400734   4.62057270638           76 
/work/00115/gebhardt/maverick/vdrp/shifts/20170221v015/xy_exp03.dat   150.17019  2.438805           76   16.6238619629   9.24113872407           76  150.170157  2.438999           76   16.1201119112   9.73922239792           76 
/work/00115/gebhardt/maverick/vdrp/shifts/20170222v007/xy_exp01.dat  150.113396  2.300334           76     15.9897254337    7.52401587675           76  150.113436   2.30028           76    16.2307868092      7.50443384382           76 
/work/00115/gebhardt/maverick/vdrp/shifts/20170222v007/xy_exp01.dat  150.107575  2.302791           76    -2.57591881078    20.6383017142           76  150.107476   2.30271           76   -2.51624681444      21.0946854143           76 
/work/00115/gebhardt/maverick/vdrp/shifts/20170222v007/xy_exp02.dat  150.107466  2.302678           76  -3.46569700923   21.8175278328           76  150.107476   2.30271           76  -3.54454927446   21.7261643467           76 
/work/00115/gebhardt/maverick/vdrp/shifts/20170222v007/xy_exp03.dat  150.113388  2.300246           76    14.630464578    6.62844571727           76  150.113436   2.30028           76   14.6176534953   6.41718890111           76 
/work/00115/gebhardt/maverick/vdrp/shifts/20170222v007/xy_exp03.dat  150.107511  2.302783           76  -4.28611933928    19.7617843299           76  150.107476   2.30271           76  -4.12938001483   20.0074408101           76 
/work/00115/gebhardt/maverick/vdrp/shifts/20170222v008/xy_exp01.dat  150.111896  2.409554           76   -15.1005664393   -6.19270765073           76  150.111511  2.409608           76   -15.9967933508  -5.11931418511           76 
/work/00115/gebhardt/maverick/vdrp/shifts/20170222v008/xy_exp02.dat  150.111645  2.409661           76  -16.7839910627    -5.03269342353           76  150.111511  2.409608           76  -16.8764241758  -4.52263493319           76 
/work/00115/gebhardt/maverick/vdrp/shifts/20170222v008/xy_exp03.dat  150.111726  2.409706           76    -17.974564679  -7.17463157984           76  150.111511  2.409608           76   -18.0832401196  -6.33161569373           76 
/work/00115/gebhardt/maverick/vdrp/shifts/20170222v010/xy_exp01.dat  189.026547  62.214762           76  -8.91838799223  -4.38912911421           76  189.026478  62.214777           76  -8.94698156573   -4.5136547462           76 
/work/00115/gebhardt/maverick/vdrp/shifts/20170222v010/xy_exp02.dat  189.026729  62.214874           76  -8.92376824968  -3.99782317611           76  189.026478  62.214777           76  -9.45813596012  -4.11537582453           76 
/work/00115/gebhardt/maverick/vdrp/shifts/20170222v010/xy_exp03.dat  189.026371  62.214791           76  -10.3383409867  -5.91228679468           76  189.026478  62.214777           76  -10.2677080621  -5.73967597033           76 
/work/00115/gebhardt/maverick/vdrp/shifts/20170224v005/xy_exp02.dat   189.06604  62.210803           76   22.3784801412   6.83865829746           76  189.066175  62.210436           76   21.4823319348   7.83556938594           76 
/work/00115/gebhardt/maverick/vdrp/shifts/20170224v005/xy_exp03.dat  189.065987  62.210647           76   21.1603627522     5.5061121474           76  189.066175  62.210436           76   20.7599923116   6.22462634278           76 
/work/00115/gebhardt/maverick/vdrp/shifts/20170225v014/xy_exp02.dat  189.130587  62.186854           76  -3.04781976962   10.6774898766           76   189.13101  62.187252           76  -2.29166659839   12.0867404711           76 
/work/00115/gebhardt/maverick/vdrp/shifts/20170225v014/xy_exp02.dat  189.135913  62.184646           76  -14.7099019666   13.3644836821           76  189.135273  62.184863           76  -13.4503187911   12.9407368111           76 
/work/00115/gebhardt/maverick/vdrp/shifts/20170225v015/xy_exp01.dat  189.114453  62.171611           76  -21.0651858914    5.27815950322           76  189.114138  62.171432           76  -21.2826931763    4.47305875703           76 
/work/00115/gebhardt/maverick/vdrp/shifts/20170225v015/xy_exp02.dat  189.114095  62.171656           76    -21.4230076577    5.50109239364           76  189.114138  62.171432           76     -22.1216326   5.09191366556           76 
/work/00115/gebhardt/maverick/vdrp/shifts/20170225v015/xy_exp03.dat  189.114354  62.171631           76  -22.5785004264   4.17606388394           76  189.114138  62.171432           76  -22.9512048633   3.46466166952           76 
/work/00115/gebhardt/maverick/vdrp/shifts/20170301v012/xy_exp03.dat  189.128055  62.182999           76  -11.9133083137  -2.45622118881           76  189.128143  62.183031           76  -11.9050855935   -2.26898209179           76 
/work/00115/gebhardt/maverick/vdrp/shifts/20170301v013/xy_exp01.dat   189.11432  62.171812           76   -21.068181728       6.05209749052           76  189.114138  62.171432           76  -22.0061041034    5.01032947116           76 
/work/00115/gebhardt/maverick/vdrp/shifts/20170301v013/xy_exp02.dat  189.114541  62.171394           76   -23.787254487      5.9754790509           76  189.114138  62.171432           76  -23.2834216779     5.50264928785           76 
/work/00115/gebhardt/maverick/vdrp/shifts/20170301v014/xy_exp02.dat  189.114229  62.171794           76  -18.8098992267   8.48587364398           76  189.114138  62.171432           76  -19.7838886183   7.60663236036           76 
/work/00115/gebhardt/maverick/vdrp/shifts/20170301v014/xy_exp03.dat  189.114284  62.171833           76  -18.4688631626   7.12896575768           76  189.114138  62.171432           76  -19.5037943228   6.09305836438           76 
/work/00115/gebhardt/maverick/vdrp/shifts/20170303v012/xy_exp02.dat  189.089808  62.216882           76   12.2306594742   24.6395337087           76  189.089572  62.216874           76   11.9630907851   24.3461585071           76 
/work/00115/gebhardt/maverick/vdrp/shifts/20170303v014/xy_exp01.dat  214.690276  52.828065           76    5.22343605182  -10.9218687063           76  214.690245  52.828173           76    5.31276608388   -11.306228682           76 
/work/00115/gebhardt/maverick/vdrp/shifts/20170303v014/xy_exp01.dat  214.683792    52.8262           76   -10.3818506671  -10.2321643603           76  214.683744  52.826067           76   -10.6645425332  -9.83186809564           76 
/work/00115/gebhardt/maverick/vdrp/shifts/20170303v014/xy_exp01.dat  214.683792    52.8262           76   -10.3818506671  -10.2321643603           76  214.683744  52.826067           76   -10.6645425332  -9.83186809564           76 
/work/00115/gebhardt/maverick/vdrp/shifts/20170303v014/xy_exp01.dat  214.687506  52.825364           76   -4.11349931341  -4.31314442714           76  214.687548  52.825547           76   -3.77273270504   -4.8843216753           76 
/work/00115/gebhardt/maverick/vdrp/shifts/20170303v014/xy_exp02.dat  214.690277  52.828321           76   4.98783955866  -11.0840386744           76  214.690245  52.828173           76   4.71620908605   -10.620424555           76 
/work/00115/gebhardt/maverick/vdrp/shifts/20170303v014/xy_exp02.dat   214.68748  52.825508           76   -4.5602269201  -4.12684216528           76  214.687548  52.825547           76  -4.36930139563  -4.19853392434           76 
/work/00115/gebhardt/maverick/vdrp/shifts/20170303v014/xy_exp02.dat  214.683735  52.825991           76  -11.3857214163  -8.90173559695           76  214.683744  52.826067           76  -11.2611023066  -9.14609283313           76 
/work/00115/gebhardt/maverick/vdrp/shifts/20170303v014/xy_exp02.dat  214.683735  52.825991           76  -11.3857214163  -8.90173559695           76  214.683744  52.826067           76  -11.2611023066  -9.14609283313           76 
/work/00115/gebhardt/maverick/vdrp/shifts/20170303v014/xy_exp03.dat  214.687538  52.825612           76  -5.20245782824  -6.25121311784           76  214.687548  52.825547           76  -5.27357526175  -6.02722294919           76 
/work/00115/gebhardt/maverick/vdrp/shifts/20170303v014/xy_exp03.dat  214.683645  52.826049           76  -12.3889078605  -10.9990672985           76  214.683744  52.826067           76  -12.1653273241  -10.9748498897           76 
/work/00115/gebhardt/maverick/vdrp/shifts/20170303v014/xy_exp03.dat  214.683645  52.826049           76  -12.3889078605  -10.9990672985           76  214.683744  52.826067           76  -12.1653273241  -10.9748498897           76 
/work/00115/gebhardt/maverick/vdrp/shifts/20170303v014/xy_exp03.dat  214.690063  52.828359           76   3.70819945622  -13.2199377321           76  214.690245  52.828173           76   3.81199863434  -12.4490237766           76 
/work/00115/gebhardt/maverick/vdrp/shifts/20170303v014/xy_exp03.dat  214.695441  52.824649           76   9.28109202195   3.63764958403           76  214.695146  52.824561           76    8.5666587121   3.67952840739           76 
/work/00115/gebhardt/maverick/vdrp/shifts/20170305v009/xy_exp01.dat  214.910915  52.982168           76  -4.02826827323   13.2575042452           76   214.91076  52.982341           76  -4.09054503661   12.5526175661           76 
/work/00115/gebhardt/maverick/vdrp/shifts/20170306v021/xy_exp01.dat  189.182819   62.14499           76  -16.0470641619   4.54541282128           76  189.182856  62.145011           76   -16.021855832   4.64003420403           76 
/work/00115/gebhardt/maverick/vdrp/shifts/20170306v021/xy_exp02.dat  189.182452  62.145001           76   -16.261883302   4.60417943778           76  189.182856  62.145011           76  -16.6283909875   5.17754990762           76 
/work/00115/gebhardt/maverick/vdrp/shifts/20170321v007/xy_exp01.dat  165.824021  18.080687           76   2.37801851147   24.8447268424           76  165.824077  18.080863           76   2.23275636363   24.1989123176           76 
/work/00115/gebhardt/maverick/vdrp/shifts/20170321v012/xy_exp01.dat  150.175743  2.241283           76    2.1240767726  -0.480672222403           76  150.175871  2.241158           76   2.23560255967    -1.114765769           76 
/work/00115/gebhardt/maverick/vdrp/shifts/20170321v012/xy_exp01.dat  150.171411  2.238036           76   20.5694645797     5.7838578265           76  150.171421  2.237947           76   20.8136287592   5.57330086328           76 
/work/00115/gebhardt/maverick/vdrp/shifts/20170321v012/xy_exp02.dat  150.175932  2.241042           76    1.4302641488  -0.481199037847           76  150.175871  2.241158           76   1.20943025267  -0.0643381329258           76 
/work/00115/gebhardt/maverick/vdrp/shifts/20170321v012/xy_exp02.dat   150.17148  2.237841           76   19.9826365812    6.23312926459           76  150.171421  2.237947           76   19.7874562681     6.62372949212           76 
/work/00115/gebhardt/maverick/vdrp/shifts/20170321v012/xy_exp03.dat  150.171465  2.237911           76      19.161718827   5.16027976301           76  150.171421  2.237947           76    19.1440896341   5.36408785907           76 
/work/00115/gebhardt/maverick/vdrp/shifts/20170322v010/xy_exp01.dat  150.174205  2.435465           76   21.4226489126    -5.0651066246           76  150.174138  2.435573           76   21.2434434972   -4.64424608639           76 
/work/00115/gebhardt/maverick/vdrp/shifts/20170322v010/xy_exp01.dat  150.174205  2.435465           76   21.4226489126    -5.0651066246           76  150.174138  2.435573           76   21.2434434972   -4.64424608639           76 
/work/00115/gebhardt/maverick/vdrp/shifts/20170322v010/xy_exp01.dat  150.175636  2.444024           76  -6.73558314544    8.46303879578           76  150.175606  2.444288           76  -7.45061760444    9.09835825324           76 
/work/00115/gebhardt/maverick/vdrp/shifts/20170322v010/xy_exp02.dat   150.17553  2.444374           76  -9.16969329865   10.0710289595           76  150.175606  2.444288           76   -9.0738833337   9.66929053058           76 
/work/00115/gebhardt/maverick/vdrp/shifts/20170322v010/xy_exp03.dat  150.174479  2.435206           76   20.0646692547   -7.42566418447           76  150.174138  2.435573           76   19.6903325419  -5.66222233936           76 
/work/00115/gebhardt/maverick/vdrp/shifts/20170322v010/xy_exp03.dat  150.174479  2.435206           76   20.0646692547   -7.42566418447           76  150.174138  2.435573           76   19.6903325419  -5.66222233936           76 
/work/00115/gebhardt/maverick/vdrp/shifts/20170322v010/xy_exp03.dat  150.175603  2.444318           76  -9.08582480415    8.15138438632           76  150.175606  2.444288           76  -9.00372392282   8.08039212662           76 
/work/00115/gebhardt/maverick/vdrp/shifts/20170322v011/xy_exp01.dat  214.899142  52.972866           76   0.808817146651   8.41055614033           76  214.899038  52.972923           76  0.682943728015   8.13289503027           76 
/work/00115/gebhardt/maverick/vdrp/shifts/20170322v011/xy_exp02.dat  214.898921  52.972838           76  -1.27827596374   8.75791570812           76  214.899038  52.972923           76  -0.924256341986    8.57724595299           76 
/work/00115/gebhardt/maverick/vdrp/shifts/20170322v011/xy_exp03.dat  214.899198  52.973008           76  -0.188516754458      6.757881025           76  214.899038  52.972923           76   -0.62814802844    6.90166675953           76 
/work/00115/gebhardt/maverick/vdrp/shifts/20170322v014/xy_exp02.dat  189.141518  62.181714           76   19.4422824662      4.6329745231           76  189.141415  62.181776           76    19.7244614612    4.62129387807           76 
/work/00115/gebhardt/maverick/vdrp/shifts/20170322v014/xy_exp03.dat  189.141889  62.181831           76   19.1296700843   4.06001653134           76  189.141415  62.181776           76   19.4297740357   3.29629486542           76 
/work/00115/gebhardt/maverick/vdrp/shifts/20170322v016/xy_exp01.dat   189.18284   62.14499           76  -15.0543393114   3.85483746413           76  189.182856  62.145011           76  -15.0085566275   3.92074353967           76 
/work/00115/gebhardt/maverick/vdrp/shifts/20170322v016/xy_exp02.dat  189.182732  62.144937           76  -16.6668584326   4.23267498525           76  189.182856  62.145011           76  -16.5717647341   4.55737405294           76 
/work/00115/gebhardt/maverick/vdrp/shifts/20170322v016/xy_exp03.dat  189.182402   62.14513           76  -15.3361383158     2.88826503041           76  189.182856  62.145011           76  -16.1291290056   3.25954980415           76 
/work/00115/gebhardt/maverick/vdrp/shifts/20170322v018/xy_exp03.dat  215.106673  52.891445           76   -21.8176886553   8.83239002575           76  215.106733  52.891165           76   -22.3753555341   7.98265119715           76 
/work/00115/gebhardt/maverick/vdrp/shifts/20170322v019/xy_exp01.dat  215.079743  52.886889           76   13.9081851508   17.9120795437           76  215.079592  52.887238           76   14.7516450393    18.8993502467           76 
/work/00115/gebhardt/maverick/vdrp/shifts/20170322v019/xy_exp02.dat  215.077114  52.885308           76   15.0691406279    10.9030573297           76  215.077116  52.885235           76   14.9505406134     10.668500653           76 
/work/00115/gebhardt/maverick/vdrp/shifts/20170326v006/xy_exp01.dat  150.171455  2.237959           76   20.5185768951   5.46132982661           76  150.171421  2.237947           76    20.623336517   5.53781899249           76 
/work/00115/gebhardt/maverick/vdrp/shifts/20170326v006/xy_exp02.dat   150.17578  2.241139           76   0.948079339453  -0.557801844937           76  150.175871  2.241158           76    0.706652388878  -0.789209157956           76 
/work/00115/gebhardt/maverick/vdrp/shifts/20170326v006/xy_exp02.dat   150.17148  2.237949           76    19.1639803135    5.71341135056           76  150.171421  2.237947           76     19.2898631989    5.88443869548           76 
/work/00115/gebhardt/maverick/vdrp/shifts/20170326v006/xy_exp03.dat  150.175989   2.24118           76  0.473052402217  -2.58261800206           76  150.175871  2.241158           76     0.778278657735  -2.27718577889           76 
/work/00115/gebhardt/maverick/vdrp/shifts/20170326v006/xy_exp03.dat  150.171406  2.237932           76   19.4365348159   4.41045667164           76  150.171421  2.237947           76      19.3614908576    4.3964579286           76 
/work/00115/gebhardt/maverick/vdrp/shifts/20170326v007/xy_exp01.dat   150.27948  2.342956           76  -8.24884354196  -4.57298888333           76  150.279527  2.342925           76  -8.25298205799  -4.77551861409           76 
/work/00115/gebhardt/maverick/vdrp/shifts/20170326v007/xy_exp02.dat  150.270501  2.339358           76    19.0039132547   15.1644003738           76  150.270698  2.339543           76   18.0533241589   14.9593049557           76 
/work/00115/gebhardt/maverick/vdrp/shifts/20170326v010/xy_exp03.dat   189.21754  62.158253           76     22.4439581469  20.1720863675           76  189.217847    62.1589           76   24.0365406448   21.9483966413           76 
/work/00115/gebhardt/maverick/vdrp/shifts/20170326v013/xy_exp01.dat  214.693116  52.717777           76  -3.35754167361  -1.30740554288           76  214.693156  52.717644           76  -3.64224049213  -1.70212673229           76 
/work/00115/gebhardt/maverick/vdrp/shifts/20170326v013/xy_exp01.dat  214.689617  52.725974           76   16.2227048659   22.0510257704           76  214.689666  52.725844           76   15.9249703878   21.6744733586           76 
/work/00115/gebhardt/maverick/vdrp/shifts/20170326v013/xy_exp01.dat   214.69716  52.714436           76  -16.4927725444  -8.37163222764           76   214.69725  52.714299           76  -16.8821306921  -8.73242428383           76 
/work/00115/gebhardt/maverick/vdrp/shifts/20170326v013/xy_exp02.dat  214.689819  52.726064           76   14.9742600886   23.8022485132           76  214.689666  52.725844           76   14.9347598356    22.9437727674           76 
/work/00115/gebhardt/maverick/vdrp/shifts/20170326v013/xy_exp02.dat  214.693045  52.717869           76  -4.06572466891  0.194463674833           76  214.693156  52.717644           76  -4.63266536895  -0.432648256799           76 
/work/00115/gebhardt/maverick/vdrp/shifts/20170326v013/xy_exp03.dat  214.693004  52.717624           76  -4.98909685867  -2.05731644924           76  214.693156  52.717644           76   -5.2573562065  -1.84973802167           76 
/work/00115/gebhardt/maverick/vdrp/shifts/20170327v011/xy_exp01.dat  214.691709  52.735993           76   24.5688029791  -13.3909565774           76  214.692152  52.735818           76   23.4260303409  -13.5440032696           76 
/work/00115/gebhardt/maverick/vdrp/shifts/20170327v011/xy_exp01.dat  214.709056  52.737912           76  -6.58514676834   9.12271887394           76  214.709103  52.737911           76  -6.67915637545   9.16358428623           76 
/work/00115/gebhardt/maverick/vdrp/shifts/20170327v011/xy_exp02.dat  214.709089  52.738069           76   -7.88347915724   10.5678704728           76  214.709103  52.737911           76  -8.15596233663   10.0676525649           76 
/work/00115/gebhardt/maverick/vdrp/shifts/20170327v011/xy_exp03.dat  214.709472  52.737875           76  -8.50355286456   8.77360367587           76  214.709103  52.737911           76  -7.72184141407   8.54422029591           76 
/work/00115/gebhardt/maverick/vdrp/shifts/20170327v012/xy_exp01.dat  214.990758  52.906098           76   6.30851544477   4.30461739354           76  214.990839  52.905991           76   5.98221916228   4.03472752323           76 
/work/00115/gebhardt/maverick/vdrp/shifts/20170327v012/xy_exp02.dat  214.991294  52.905966           76   4.00251457702   4.45442701735           76  214.990839  52.905991           76    4.9307292152   4.10442394422           76 
/work/00115/gebhardt/maverick/vdrp/shifts/20170327v012/xy_exp03.dat  214.990901   52.90593           76   4.78334600261   3.01165095602           76  214.990839  52.905991           76   5.00027920635   3.15052532021           76 
/work/00115/gebhardt/maverick/vdrp/shifts/20170328v010/xy_exp01.dat  214.709537   52.83064           76  -0.243125962127   25.0532985598           76  214.709701   52.83066           76  0.113432355029   25.1260165031           76 
/work/00115/gebhardt/maverick/vdrp/shifts/20170328v010/xy_exp02.dat  214.709782  52.830883           76  -0.498926192607   25.1287688329           76  214.709701   52.83066           76  -0.974062720646   25.7994199448           76 
/work/00115/gebhardt/maverick/vdrp/shifts/20170328v010/xy_exp03.dat  214.709842  52.830666           76  -0.340868488503    24.753929495           76  214.709701   52.83066           76  -0.631713451024   24.6542933987           76 
/work/00115/gebhardt/maverick/vdrp/shifts/20170328v011/xy_exp01.dat  214.697932  52.857012           76   -5.19810680747   -2.67091419206           76  214.698224  52.856886           76  -4.79072603918   -2.00558223586           76 
/work/00115/gebhardt/maverick/vdrp/shifts/20170328v018/xy_exp01.dat  214.709658  52.724051           76   6.46467389337  -4.38266174182           76  214.709786  52.723897           76    5.97364898426  -4.76232384076           76 
/work/00115/gebhardt/maverick/vdrp/shifts/20170328v018/xy_exp02.dat  214.710188  52.723588           76   3.49654824371  -4.37134887353           76  214.709786  52.723897           76    4.7673242164  -3.74618253798           76 
/work/00115/gebhardt/maverick/vdrp/shifts/20170328v018/xy_exp03.dat  214.709684  52.724013           76   4.29762971341  -4.89430117299           76  214.709786  52.723897           76   3.91677995129  -5.17502128617           76 
/work/00115/gebhardt/maverick/vdrp/shifts/20170328v019/xy_exp01.dat  214.832704  52.819876           76   -19.1513431509    3.40996074354           76  214.832603  52.819788           76   -19.0909575565    3.0291743795           76 
/work/00115/gebhardt/maverick/vdrp/shifts/20170328v019/xy_exp02.dat  214.817783  52.822994           76     13.611493763  0.0822730302843           76  214.817341  52.822935           76   14.3855572318  -0.526398770182           76 
/work/00115/gebhardt/maverick/vdrp/shifts/20170328v019/xy_exp02.dat  214.832708  52.819749           76   -20.7099515087     3.6536829042           76  214.832603  52.819788           76  -20.4432118184    3.68096988052           76 
/work/00115/gebhardt/maverick/vdrp/shifts/20170328v019/xy_exp03.dat  214.832693  52.819773           76  -20.2990723361   2.27270764826           76  214.832603  52.819788           76   -20.099244517   2.23633508145           76 
/work/00115/gebhardt/maverick/vdrp/shifts/20170330v006/xy_exp01.dat  214.833452  52.929795           76  -14.0834104771   4.47303306991           76  214.833417  52.929742           76  -14.2284526772    4.6184160286           76 
/work/00115/gebhardt/maverick/vdrp/shifts/20170330v006/xy_exp02.dat  214.833509  52.929669           76  -15.1655439063   6.26511927749           76  214.833417  52.929742           76   -15.245367262   5.94488410932           76 
/work/00115/gebhardt/maverick/vdrp/shifts/20170330v006/xy_exp03.dat   214.83297  52.929716           76  -16.2898687755   4.26652176896           76  214.833417  52.929742           76  -15.3615599503   4.56306275042           76 
/work/00115/gebhardt/maverick/vdrp/shifts/20170331v006/xy_exp01.dat  150.176425  2.332648           76   24.9472689642   -22.334143619           76  150.176353  2.332559           76     25.3581105783   -22.3035028687           76 
/work/00115/gebhardt/maverick/vdrp/shifts/20170331v006/xy_exp01.dat  150.167274   2.34279           76   13.6547701833   25.5096270366           76  150.167968  2.342387           76     13.4272601817    22.6313204978           76 
/work/00115/gebhardt/maverick/vdrp/shifts/20170331v006/xy_exp02.dat  150.176285  2.332291           76   24.8426515845  -22.0867611028           76  150.176353  2.332559           76   23.9101050064  -21.7388745261           76 
/work/00115/gebhardt/maverick/vdrp/shifts/20170331v006/xy_exp02.dat  150.170643  2.346899           76  -6.85296082878   24.5269037509           76  150.170897  2.346755           76  -6.94657723522   23.4806236841           76 
/work/00115/gebhardt/maverick/vdrp/shifts/20170331v006/xy_exp03.dat  150.176213  2.332517           76   24.5950199004  -22.9127494616           76  150.176353  2.332559           76   24.1841239898  -23.2408065322           76 
/work/00115/gebhardt/maverick/vdrp/shifts/20170331v006/xy_exp03.dat  150.170598  2.346937           76  -6.59931495954   23.2359251051           76  150.170897  2.346755           76  -6.67254837207   21.9786975651           76 
/work/00115/gebhardt/maverick/vdrp/shifts/20170331v008/xy_exp01.dat  214.932332  52.998421           76     16.308390192  0.180072940123           76  214.932316  52.998415           76   16.2680073425  0.186197215965           76 
/work/00115/gebhardt/maverick/vdrp/shifts/20170331v008/xy_exp02.dat  214.932292  52.998355           76   14.7613800296  0.869954841641           76  214.932316  52.998415           76   14.8945873409  0.692146578414           76 
/work/00115/gebhardt/maverick/vdrp/shifts/20170331v008/xy_exp03.dat  214.932278  52.998439           76   15.2517431357  -0.894390307991           76  214.932316  52.998415           76   15.2931776244  -0.782468006116           76 
/work/00115/gebhardt/maverick/vdrp/shifts/20170331v008/xy_exp03.dat  214.937452  52.995051           76   20.7231354132    14.7421463733           76  214.937047  52.995138           76   20.0410383405     14.107382089           76 
/work/00115/gebhardt/maverick/vdrp/shifts/20170331v013/xy_exp01.dat  214.832697  52.825414           76   19.4953217749  -12.6532568271           76   214.83287  52.825446           76   19.2073309737    -12.38501731           76 
/work/00115/gebhardt/maverick/vdrp/shifts/20170331v013/xy_exp02.dat   214.83254  52.825336           76   18.5174809898  -12.6098520718           76   214.83287  52.825446           76   18.0452537968   -11.9396885881           76 
/work/00115/gebhardt/maverick/vdrp/shifts/20170331v013/xy_exp03.dat  214.832525  52.825448           76   18.8616966149   -13.7702114061           76   214.83287  52.825446           76   18.1837162632  -13.4483347649           76 
/work/00115/gebhardt/maverick/vdrp/shifts/20170418v004/xy_exp01.dat  150.171572  1.946453           76    4.42875685436  0.296903498893           76  150.171779  1.946292           76    4.49855379076  -0.644238595785           76 
/work/00115/gebhardt/maverick/vdrp/shifts/20170418v004/xy_exp02.dat  150.171249  1.946226           76   6.29378451673  -0.974815228194           76  150.171779  1.946292           76   5.03935854242  -2.43054115929           76 
/work/00115/gebhardt/maverick/vdrp/shifts/20170418v005/xy_exp01.dat  215.884678  53.249954           76   24.7918669656  -4.69930520516           76  215.884481  53.250197           76   24.7553170198   -5.6709004089           76 
/work/00115/gebhardt/maverick/vdrp/shifts/20170418v005/xy_exp02.dat  215.883754  53.250598           76   24.5771940706  -8.62364751776           76  215.884481  53.250197           76   25.4300441922  -6.67204831086           76 
/work/00115/gebhardt/maverick/vdrp/shifts/20170418v005/xy_exp02.dat  215.884415  53.249668           76   24.5337583384   -4.9857425262           76  215.884481  53.250197           76   25.4300441922  -6.67204831086           76 
/work/00115/gebhardt/maverick/vdrp/shifts/20170418v005/xy_exp03.dat  215.884301  53.250133           76   23.7453094765  -7.12138504862           76  215.884481  53.250197           76   24.1929541886  -7.17633860652           76 
/work/00115/gebhardt/maverick/vdrp/shifts/20170418v006/xy_exp02.dat  214.204036  52.246006           76   -14.9107256298  -3.83818692698           76   214.20419  52.245993           76   -14.6124927779  -3.66945728381           76 
/work/00115/gebhardt/maverick/vdrp/shifts/20170418v006/xy_exp03.dat  214.204397   52.24585           76   -16.119880921  -2.39701642097           76   214.20419  52.245993           76  -16.3540317911  -3.04383319004           76 
/work/00115/gebhardt/maverick/vdrp/shifts/20170420v016/xy_exp01.dat  214.099519  53.316081           76    -15.7630163539    1.15677439131           76  214.099653  53.316096           76   -15.9957650808    1.33508665064           76 
/work/00115/gebhardt/maverick/vdrp/shifts/20170420v016/xy_exp02.dat  214.099982  53.316053           76  -16.4170611338  -0.0777115674699           76  214.099653  53.316096           76   -15.715842182  -0.259090665144           76 
/work/00115/gebhardt/maverick/vdrp/shifts/20170420v016/xy_exp03.dat  214.099268  53.316178           76   -16.5218054084  0.0761677945852           76  214.099653  53.316096           76   -17.3938787098  0.186662964962           76 
/work/00115/gebhardt/maverick/vdrp/shifts/20170421v016/xy_exp01.dat  214.092387  53.155368           76     7.2340373089   13.7896505358           76  214.092281   53.15515           76     7.08955006833   12.9850408057           76 
/work/00115/gebhardt/maverick/vdrp/shifts/20170421v016/xy_exp02.dat  214.092273  53.155077           76   7.38836268148    11.2162656189           76  214.092281   53.15515           76   7.48989305355     11.4592754221           76 
/work/00115/gebhardt/maverick/vdrp/shifts/20170421v016/xy_exp03.dat  214.092625  53.154883           76       5.0119312    11.537412617           76  214.092281   53.15515           76   6.10481093481   12.0674969518           76 
/work/00115/gebhardt/maverick/vdrp/shifts/20170421v017/xy_exp03.dat  214.092276  53.154899           76   5.32396736634   11.6687370682           76  214.092281   53.15515           76   5.71622204955    12.482829672           76 
/work/00115/gebhardt/maverick/vdrp/shifts/20170423v008/xy_exp01.dat  213.960531   52.40113           76   2.00720815896   -15.4921177964           76  213.960833  52.401131           76   2.62370848577  -15.2472683769           76 
/work/00115/gebhardt/maverick/vdrp/shifts/20170423v008/xy_exp01.dat  213.961739  52.390982           76  -9.20055063066    19.3801641141           76   213.96257  52.390943           76  -7.55998460584   20.1934182936           76 
/work/00115/gebhardt/maverick/vdrp/shifts/20170423v008/xy_exp02.dat  213.963014  52.390776           76    -7.60981943644    21.986169388           76   213.96257  52.390943           76   -8.28951157533   21.0636835181           76 
/work/00115/gebhardt/maverick/vdrp/shifts/20170423v008/xy_exp03.dat  213.961917  52.390889           76  -10.2255612293   19.5605679549           76   213.96257  52.390943           76  -8.82239637468    19.9170375705           76 
/work/00115/gebhardt/maverick/vdrp/shifts/20170423v015/xy_exp01.dat  215.193297   52.65276           76   10.2958667331   -2.13550785025           76  215.193352  52.652746           76   10.1657422092   -2.12954656409           76 
/work/00115/gebhardt/maverick/vdrp/shifts/20170423v015/xy_exp01.dat  215.196082  52.659188           76   14.7224783578    21.3781147146           76  215.195976  52.659171           76   14.9053476533    21.2235871837           76 
/work/00115/gebhardt/maverick/vdrp/shifts/20170423v015/xy_exp02.dat  215.193397   52.65286           76   8.77507100094   -1.21459641753           76  215.193352  52.652746           76   8.68791099831    -1.6275004575           76 
/work/00115/gebhardt/maverick/vdrp/shifts/20170423v015/xy_exp02.dat  215.195953  52.659081           76   13.3342032096    21.4113445943           76  215.195976  52.659171           76   13.4277464518     21.725586785           76 
/work/00115/gebhardt/maverick/vdrp/shifts/20170423v015/xy_exp03.dat  215.193315  52.652889           76   9.27821185818  -2.61292485038           76  215.193352  52.652746           76   8.98450739713  -3.04337395907           76 
/work/00115/gebhardt/maverick/vdrp/shifts/20170424v008/xy_exp03.dat  213.963204  52.731296           76   1.85085378297  -4.87601483374           76  213.963182  52.731299           76   1.81077202882  -4.90447961319           76 
/work/00115/gebhardt/maverick/vdrp/shifts/20170424v008/xy_exp03.dat  213.959181  52.729301           76  -9.01123577728   -1.6333600419           76  213.959199  52.729282           76  -9.00142119199   -1.5551158503           76 
/work/00115/gebhardt/maverick/vdrp/shifts/20170425v003/xy_exp01.dat  215.338826  52.732309           76  -12.9185605079  -14.7660779132           76  215.338848  52.732274           76   -12.9228286221  -14.6313268312           76 
/work/00115/gebhardt/maverick/vdrp/shifts/20170425v003/xy_exp01.dat  215.358853  52.725758           76   18.2968595577   23.8094234822           76  215.358815  52.725613           76    18.0194833768   24.2593248827           76 
/work/00115/gebhardt/maverick/vdrp/shifts/20170427v004/xy_exp01.dat  214.357948  52.679692           76  -10.9240543662   -9.20329272269           76   214.35811  52.679358           76   -11.059447007  -7.95731729988           76 
/work/00115/gebhardt/maverick/vdrp/shifts/20170427v004/xy_exp02.dat  214.358145  52.679444           76  -12.2884505468   -7.98511814233           76   214.35811  52.679358           76  -12.4779017998   -7.72861059973           76 
/work/00115/gebhardt/maverick/vdrp/shifts/20170427v004/xy_exp03.dat  214.358466  52.679362           76  -11.4008161172  -9.20667941577           76   214.35811  52.679358           76  -12.1237437557  -9.49183865206           76 
/work/00115/gebhardt/maverick/vdrp/shifts/20170427v005/xy_exp01.dat  214.236497  52.564432           76  -2.31883489089  -7.03458121827           76  214.236206  52.564313           76  -3.07063705321  -6.88017644558           76 
/work/00115/gebhardt/maverick/vdrp/shifts/20170428v005/xy_exp01.dat  214.519455  52.398779           76   7.25156064878   -2.8836126144           76  214.519309  52.398705           76   6.85437896307  -2.75686329885           76 
/work/00115/gebhardt/maverick/vdrp/shifts/20170428v005/xy_exp01.dat  214.528846  52.397301           76   24.3818815715   9.78117412313           76  214.529106  52.397315           76   24.9302786874   9.94848048322           76 
/work/00115/gebhardt/maverick/vdrp/shifts/20170428v005/xy_exp02.dat  214.519257  52.398725           76    5.62393582217   -2.36128350257           76  214.519309  52.398705           76     5.70283674273   -2.25171414874           76 
/work/00115/gebhardt/maverick/vdrp/shifts/20170428v005/xy_exp03.dat  214.519352  52.398857           76    6.08068977923  -3.93178929231           76  214.519309  52.398705           76     5.78798771085  -3.45990443286           76 
/work/00115/gebhardt/maverick/vdrp/shifts/20170428v005/xy_exp03.dat  214.529428  52.397438           76    24.6855052237   9.10012578514           76  214.529106  52.397315           76     23.8637873263   9.24558183072           76 
/work/00115/gebhardt/maverick/vdrp/shifts/20170428v007/xy_exp01.dat  215.628031  52.735794           76   20.3269041762  -13.8703282622           76  215.628079  52.735872           76   20.5318135637  -14.0889789415           76 
/work/00115/gebhardt/maverick/vdrp/shifts/20170428v007/xy_exp02.dat  215.627966  52.735781           76    18.9913363901  -13.2467327634           76  215.628079  52.735872           76    19.3450159925  -13.4538636524           76 
/work/00115/gebhardt/maverick/vdrp/shifts/20170428v019/xy_exp02.dat  214.097961  52.653539           76  -12.4106681455   12.0709556385           76  214.097863  52.653667           76   -12.020241866   12.3960845341           76 
/work/00115/gebhardt/maverick/vdrp/shifts/20170428v020/xy_exp03.dat   214.63716  53.315532           76   13.8285495484   -13.4800095636           76  214.637168  53.315545           76   13.8343415657   -13.4304846272           76 
/work/00115/gebhardt/maverick/vdrp/shifts/20170501v011/xy_exp02.dat  214.916145  53.152142           76    12.4581468086    -1.90293175255           76  214.916097  53.152085           76    12.4593890597   -2.13281021258           76 
/work/00115/gebhardt/maverick/vdrp/shifts/20170501v011/xy_exp03.dat  214.918134  53.150364           76   5.97919744393   -7.3142720602           76  214.918806  53.150313           76    4.59875232084  -6.83156080032           76 
/work/00115/gebhardt/maverick/vdrp/shifts/20170501v011/xy_exp03.dat  214.932899   53.15468           76  -15.6188465097    20.810598301           76  214.932964  53.155133           76   -15.0168301629   22.3326950648           76 
/work/00115/gebhardt/maverick/vdrp/shifts/20170501v012/xy_exp01.dat  215.747749  52.486474           76   8.05593741275  -0.364260243238           76  215.747904  52.486491           76   7.77374634627  -0.16532967791           76 
/work/00115/gebhardt/maverick/vdrp/shifts/20170501v012/xy_exp02.dat  215.742089   52.49077           76   24.4155798365   8.95868469905           76  215.741646  52.490611           76   25.0542753959    8.02988634419           76 
/work/00115/gebhardt/maverick/vdrp/shifts/20170501v012/xy_exp02.dat  215.748081  52.486447           76   5.93843237418  0.395536830448           76  215.747904  52.486491           76   6.35705266991    0.37531122227           76 
/work/00115/gebhardt/maverick/vdrp/shifts/20170501v012/xy_exp03.dat  215.747834  52.486503           76  6.67939163339  -1.11709543103           76  215.747904  52.486491           76   6.52204448018  -1.09147141825           76 
/work/00115/gebhardt/maverick/vdrp/shifts/20170501v012/xy_exp03.dat  215.742138  52.490551           76  24.1503710313   6.82260537466           76  215.741646  52.490611           76   25.2192300435    6.5631942006           76 
/work/00115/gebhardt/maverick/vdrp/shifts/20170502v009/xy_exp02.dat  214.644913  52.991227           76    10.8627481949   20.6877272564           76  214.645147  52.991254           76    10.4505434031   20.9986251125           76 
/work/00115/gebhardt/maverick/vdrp/shifts/20170502v009/xy_exp03.dat  214.640495  52.992899           76    22.2539986298    20.191895681           76  214.640162  52.993523           76    23.8923239251   21.8897977769           76 
/work/00115/gebhardt/maverick/vdrp/shifts/20170502v009/xy_exp03.dat  214.639519  52.993434           76    25.0014981819   20.9877695367           76  214.640162  52.993523           76    23.8923239251   21.8897977769           76 
/work/00115/gebhardt/maverick/vdrp/shifts/20170502v010/xy_exp03.dat  214.916942  52.989348           76    14.8646554822   10.0987153781           76  214.917451  52.989593           76   14.2617663008   11.3758756451           76 
/work/00115/gebhardt/maverick/vdrp/shifts/20170502v011/xy_exp01.dat  215.481617   53.31702           76  -7.68298779918   2.42846491958           76  215.481697  53.316986           76  -7.89174856811   2.39682450107           76 
/work/00115/gebhardt/maverick/vdrp/shifts/20170502v011/xy_exp01.dat  215.471532  53.315914           76   9.87953235874  -10.9066478948           76  215.471558  53.315887           76   9.78579340019  -10.9681910318           76 
/work/00115/gebhardt/maverick/vdrp/shifts/20170502v011/xy_exp01.dat  215.474983  53.322979           76   14.7249159087   15.1411328704           76  215.474792  53.322223           76   13.8641515959    12.526771754           76 
/work/00115/gebhardt/maverick/vdrp/shifts/20170502v011/xy_exp02.dat  215.482427   53.31682           76  -10.7968805531   3.27613267636           76  215.481697  53.316986           76  -9.12616673623   3.10134931661           76 
/work/00115/gebhardt/maverick/vdrp/shifts/20170502v011/xy_exp02.dat  215.471562  53.315935           76    8.6214943042  -10.1057161156           76  215.471558  53.315887           76   8.55125202602  -10.2638296772           76 
/work/00115/gebhardt/maverick/vdrp/shifts/20170502v011/xy_exp03.dat  215.471747  53.315917           76    8.32902857565  -11.5228957656           76  215.471558  53.315887           76    8.64313068206  -11.8025817867           76 
/work/00115/gebhardt/maverick/vdrp/shifts/20170503v007/xy_exp01.dat  214.924256   53.31823           76    -1.22743539941   4.52757163297           76  214.924438   53.31818           76   -1.65793275474   4.54381968591           76 
/work/00115/gebhardt/maverick/vdrp/shifts/20170503v007/xy_exp01.dat  214.919415  53.314736           76     2.37834011515  -11.3974740527           76  214.919061  53.314655           76    2.92586056819  -12.0015511392           76 
/work/00115/gebhardt/maverick/vdrp/shifts/20170503v007/xy_exp02.dat  214.924429  53.318301           76    -2.7147762355   6.41473405541           76  214.924438   53.31818           76  -2.92884872935    6.0348720208           76 
/work/00115/gebhardt/maverick/vdrp/shifts/20170503v007/xy_exp02.dat  214.919126  53.314871           76    1.88130181436   -9.7536647184           76  214.919061  53.314655           76   1.65475026311   -10.510552948           76 
/work/00115/gebhardt/maverick/vdrp/shifts/20170503v007/xy_exp02.dat  214.918344  53.321082           76    13.4822218722   9.43485033723           76  214.918539  53.321001           76   12.9763933656   9.36411965661           76 
/work/00115/gebhardt/maverick/vdrp/shifts/20170503v007/xy_exp03.dat  214.918725   53.32097           76    11.8421305049   7.95716876535           76  214.918539  53.321001           76    12.2493817032   7.87605267411           76 
/work/00115/gebhardt/maverick/vdrp/shifts/20170503v007/xy_exp03.dat  214.918817  53.314493           76    1.13246877719  -12.7559841701           76  214.919061  53.314655           76   0.927741285934  -11.9986213277           76 
/work/00115/gebhardt/maverick/vdrp/shifts/20170503v007/xy_exp03.dat  214.924436  53.318056           76   -3.85370805097   4.14661814153           76  214.924438   53.31818           76   -3.65585993452   4.54680288367           76 
/work/00115/gebhardt/maverick/vdrp/shifts/20170503v008/xy_exp03.dat  214.371013  52.323879           76   -4.40287286816   18.0879639037           76   214.37143  52.324341           76   -4.54130274652   19.9824110003           76 
/work/00115/gebhardt/maverick/vdrp/shifts/20170503v010/xy_exp01.dat   215.74562   52.82588           76    23.9425371059   17.4001317531           76  215.745694  52.825198           76    22.7326305136   15.2576911327           76 
/work/00115/gebhardt/maverick/vdrp/shifts/20170503v010/xy_exp03.dat  215.746128  52.825015           76   19.8348208827   14.9225847888           76  215.745694  52.825198           76   20.9712197047   15.1067161225           76 
/work/00115/gebhardt/maverick/vdrp/shifts/20170503v010/xy_exp03.dat  215.739881  52.817509           76   20.3614264375  -15.3195581106           76  215.740017  52.817389           76   19.9074643402  -15.5805088519           76 
/work/00115/gebhardt/maverick/vdrp/shifts/20170518v006/xy_exp01.dat  214.520093  52.557992           76   1.35925178872    12.7993646167           76  214.520149  52.558675           76   2.40637878068    10.5713032626           76 
/work/00115/gebhardt/maverick/vdrp/shifts/20170518v006/xy_exp01.dat  214.517224  52.554194           76   -9.6423833397    23.0630012945           76  214.517121  52.554425           76  -9.53510366638    22.2080867695           76 
/work/00115/gebhardt/maverick/vdrp/shifts/20170519v002/xy_exp01.dat  215.630075  53.059912           76   7.56338401988    6.3854775707           76  215.630166  53.059963           76    7.81699961099    6.29519869151           76 
/work/00115/gebhardt/maverick/vdrp/shifts/20170519v002/xy_exp02.dat   215.62995  53.059877           76   6.12807056391    6.84293008187           76  215.630166  53.059963           76   6.67992697689    6.74445814028           76 
/work/00115/gebhardt/maverick/vdrp/shifts/20170519v002/xy_exp03.dat  215.629851  53.060127           76   6.38642014901    4.5618352246           76  215.630166  53.059963           76   6.77729693659     5.37438838925           76 
/work/00115/gebhardt/maverick/vdrp/shifts/20170522v005/xy_exp01.dat  215.747767  52.486539           76   6.60347386529    -9.3999756491           76  215.747904  52.486491           76   6.25817709822  -9.42878863674           76 
/work/00115/gebhardt/maverick/vdrp/shifts/20170522v005/xy_exp01.dat  215.741412  52.489983           76   24.4822086125   -4.09495357982           76  215.741646  52.490611           76   24.9783022106  -1.83039726311           76 
/work/00115/gebhardt/maverick/vdrp/shifts/20170522v005/xy_exp01.dat  215.741924  52.490976           76   24.9848712419  -0.381986090908           76  215.741646  52.490611           76   24.9783022106  -1.83039726311           76 
/work/00115/gebhardt/maverick/vdrp/shifts/20170522v005/xy_exp02.dat  215.741493  52.490786           76    24.5771217588  -0.429238772538           76  215.741646  52.490611           76   24.0058704605  -0.85708215977           76 
/work/00115/gebhardt/maverick/vdrp/shifts/20170522v005/xy_exp02.dat  215.756767  52.494114           76  -0.638396731903     24.642390529           76  215.757307  52.494029           76  -1.83982103748   24.8684617611           76 
/work/00115/gebhardt/maverick/vdrp/shifts/20170522v005/xy_exp02.dat  215.747768  52.486436           76    5.47143943563   -8.76124077637           76  215.747904  52.486491           76   5.28568314603   -8.4553206762           76 
/work/00115/gebhardt/maverick/vdrp/shifts/20170522v005/xy_exp03.dat  215.747582  52.486459           76   5.48223454189  -10.4246569298           76  215.747904  52.486491           76   4.89218246483   -10.020434311           76 
/work/00115/gebhardt/maverick/vdrp/shifts/20170522v005/xy_exp03.dat  215.743714    52.4881           76   15.6681773751   -8.6795106645           76  215.743419  52.487705           76   15.6494515184   -10.241539762           76 
/work/00115/gebhardt/maverick/vdrp/shifts/20170522v005/xy_exp03.dat  215.741481  52.490563           76   23.8663655849  -2.73224416062           76  215.741646  52.490611           76   23.6123550413  -2.42215961685           76 
/work/00115/gebhardt/maverick/vdrp/shifts/20170525v013/xy_exp02.dat  214.645407  52.991202           76   9.38318835707   12.6977967313           76  214.645147  52.991254           76    9.97146056795   12.6177043392           76 
/work/00115/gebhardt/maverick/vdrp/shifts/20170525v013/xy_exp03.dat  214.645224  52.991421           76    9.99494096182    11.711978565           76  214.645147  52.991254           76    9.87994493236   11.0987420234           76 
/work/00115/gebhardt/maverick/vdrp/shifts/20170525v014/xy_exp01.dat  215.753192  52.815487           76  -6.84948295625    -17.440285683           76  215.753268  52.815308           76   -7.27803567838  -17.9491453975           76 
/work/00115/gebhardt/maverick/vdrp/shifts/20170525v014/xy_exp03.dat  215.739871  52.817241           76   20.5720742544  -24.7917414122           76  215.740017  52.817389           76   20.5169123297  -24.1738939624           76 
/work/00115/gebhardt/maverick/vdrp/shifts/20170527v011/xy_exp01.dat  214.919154  53.314742           76    2.84112989907   -20.6646332937           76  214.919061  53.314655           76    2.87757513668  -21.0344610747           76 
/work/00115/gebhardt/maverick/vdrp/shifts/20170527v011/xy_exp01.dat  214.918577  53.321112           76    14.3350592782  -0.782317527536           76  214.918539  53.321001           76    14.2269019737  -1.17558546597           76 
/work/00115/gebhardt/maverick/vdrp/shifts/20170527v011/xy_exp02.dat  214.918943  53.314637           76    1.80144065897   -20.7218820133           76  214.919061  53.314655           76    1.60454106796   -20.5491507743           76 
/work/00115/gebhardt/maverick/vdrp/shifts/20170527v011/xy_exp02.dat  214.918733  53.321239           76    12.9702380644   0.262452384458           76  214.918539  53.321001           76    12.9540430652  -0.690375123183           76 
/work/00115/gebhardt/maverick/vdrp/shifts/20170527v011/xy_exp03.dat  214.919076  53.314504           76   1.36675502254  -22.0879714646           76  214.919061  53.314655           76   1.64175841732  -21.6179553739           76 
/work/00115/gebhardt/maverick/vdrp/shifts/20170529v007/xy_exp01.dat  214.657899  52.491332           76   -18.803994175   22.6973311949           76  214.657984  52.491317           76    -18.99561925   22.7275010626           76 
/work/00115/gebhardt/maverick/vdrp/shifts/20170529v007/xy_exp02.dat  214.657946  52.491142           76  -20.6179933665   22.6330581568           76  214.657984  52.491317           76  -20.4260618771    23.238864291           76 
/work/00115/gebhardt/maverick/vdrp/shifts/20170529v008/xy_exp01.dat  215.209107  53.154038           76  -14.2750122115   9.82930524727           76  215.208759  53.153803           76  -13.9804040684   8.73691276966           76 
/work/00115/gebhardt/maverick/vdrp/shifts/20170529v008/xy_exp02.dat  215.208945  53.153703           76  -15.6496082205   9.04661064569           76  215.208759  53.153803           76  -15.1295932073   9.18950321427           76 
/work/00115/gebhardt/maverick/vdrp/shifts/20170529v009/xy_exp01.dat  214.917002   52.64978           76   3.52502849529  -19.5295215899           76  214.916993  52.649768           76   3.52425950699  -19.5769771888           76 
/work/00115/gebhardt/maverick/vdrp/shifts/20170529v009/xy_exp02.dat  214.916947  52.649865           76   2.58095627063  -18.7426177687           76  214.916993  52.649768           76   2.34044021445  -19.0149895912           76 
/work/00115/gebhardt/maverick/vdrp/shifts/20170529v009/xy_exp03.dat  214.916879  52.649814           76    2.5579305114  -20.2101445558           76  214.916993  52.649768           76   2.26198681022   -20.2529656677           76 
/work/00115/gebhardt/maverick/vdrp/shifts/20170530v006/xy_exp01.dat  214.640439  52.486361           76   8.05698849972  -9.78957050634           76  214.640762  52.486363           76   7.41853692589  -9.48326996736           76 
/work/00115/gebhardt/maverick/vdrp/shifts/20170530v006/xy_exp01.dat  214.649409   52.49439           76   2.48268044446   24.7213655545           76  214.648756  52.494031           76   3.23198942537   22.9444689774           76 
/work/00115/gebhardt/maverick/vdrp/shifts/20170530v006/xy_exp02.dat  214.648857   52.49432           76   2.15097262347    24.5187725688           76  214.648756  52.494031           76   1.91093684048    23.4825178962           76 
/work/00115/gebhardt/maverick/vdrp/shifts/20170530v006/xy_exp02.dat   214.64073  52.486317           76    6.0906361674   -9.12498544886           76  214.640762  52.486363           76   6.09719271301   -8.94525900667           76 
/work/00115/gebhardt/maverick/vdrp/shifts/20170615v009/xy_exp01.dat   214.72709  52.700391           76   4.44361747248  -13.6533386984           76  214.727758   52.70048           76   3.26775162479    -12.73484803           76 
/work/00115/gebhardt/maverick/vdrp/shifts/20170615v009/xy_exp02.dat  214.728589  52.706649           76   9.61085697977    8.69190052265           76  214.728654  52.706978           76    9.99467288757   9.82132157683           76 
/work/00115/gebhardt/maverick/vdrp/shifts/20170615v009/xy_exp02.dat  214.728048   52.70055           76   1.18970577319   -11.6196965585           76  214.727758   52.70048           76    1.65140282105  -12.1202759232           76 
/work/00115/gebhardt/maverick/vdrp/shifts/20170615v009/xy_exp03.dat  214.736243  52.696131           76  -21.8077265375  -19.5591278516           76  214.736718  52.696323           76   -22.4436336812  -18.4879779814           76 
/work/00115/gebhardt/maverick/vdrp/shifts/20170615v009/xy_exp03.dat  214.727735  52.700248           76   1.33548125816  -14.2122819143           76  214.727758   52.70048           76    1.65103865364  -13.4373619875           76 
/work/00115/gebhardt/maverick/vdrp/shifts/20170617v008/xy_exp01.dat  214.727847  52.700528           76   3.36993270589  -13.4629648363           76  214.727758   52.70048           76   3.47060668122  -13.7025925291           76 
/work/00115/gebhardt/maverick/vdrp/shifts/20170617v008/xy_exp01.dat  214.736494   52.69623           76   -20.322892517  -19.2881536121           76  214.736718  52.696323           76  -20.6194203971  -18.7753172406           76 
/work/00115/gebhardt/maverick/vdrp/shifts/20170617v008/xy_exp02.dat  214.728008  52.700476           76    1.51419385342  -13.1427025024           76  214.727758   52.70048           76    2.01248291471   -13.3648717382           76 
/work/00115/gebhardt/maverick/vdrp/shifts/20170617v008/xy_exp03.dat  214.727345  52.700441           76    2.69956403692  -15.2852089792           76  214.727758   52.70048           76    1.94718189778   -14.7700497202           76 
/work/00115/gebhardt/maverick/vdrp/shifts/20170617v009/xy_exp01.dat  215.474924  52.813662           76    -5.50787858712  -24.8331782927           76  215.475215  52.813706           76   -6.00922271878  -24.4152539947           76 
/work/00115/gebhardt/maverick/vdrp/shifts/20170617v009/xy_exp01.dat  215.479456  52.820779           76    -3.24780122773   2.52671022266           76  215.479696  52.820804           76   -3.67885279378    2.8347824379           76 
/work/00115/gebhardt/maverick/vdrp/shifts/20170617v009/xy_exp01.dat  215.482868  52.812972           76    -22.1537816363  -19.5544105283           76   215.48279  52.813081           76   -21.8303120956  -19.2748564207           76 
/work/00115/gebhardt/maverick/vdrp/shifts/20170617v009/xy_exp01.dat  215.473794  52.825355           76     15.0065580401   12.0066876033           76  215.473428  52.825038           76    15.2274248854   10.6328511386           76 
/work/00115/gebhardt/maverick/vdrp/shifts/20170617v009/xy_exp02.dat  215.474941  52.813407           76   -7.29599996174  -25.1492115895           76  215.475215  52.813706           76    -7.36491890728  -23.9206626432           76 
/work/00115/gebhardt/maverick/vdrp/shifts/20170617v009/xy_exp02.dat  215.482843  52.813001           76   -23.4150490089  -18.9893142391           76   215.48279  52.813081           76    -23.1859613173  -18.7801197958           76 
/work/00115/gebhardt/maverick/vdrp/shifts/20170617v009/xy_exp02.dat  215.479543  52.820847           76   -4.66724797242   3.32402150163           76  215.479696  52.820804           76    -5.03429897199   3.32935261895           76 
/work/00115/gebhardt/maverick/vdrp/shifts/20170617v009/xy_exp03.dat  215.479702  52.820864           76  -5.09873075853   2.12117819273           76  215.479696  52.820804           76   -5.18089678389    1.92099031438           76 
/work/00115/gebhardt/maverick/vdrp/shifts/20170617v009/xy_exp03.dat  215.482871  52.813074           76  -23.5021614691  -20.1345872896           76   215.48279  52.813081           76   -23.3324915627   -20.1885374135           76 
/work/00115/gebhardt/maverick/vdrp/shifts/20170621v008/xy_exp01.dat  215.471387  52.988129           76   15.2239708325  -2.88021119851           76  215.471315  52.987988           76   15.1409015472  -3.40471487084           76 
/work/00115/gebhardt/maverick/vdrp/shifts/20170621v008/xy_exp01.dat  215.479323  52.983287           76  -7.88874296744  -10.9713179137           76  215.478917  52.983241           76  -7.17130749879  -11.5070697123           76 
/work/00115/gebhardt/maverick/vdrp/shifts/20170621v008/xy_exp01.dat  215.479217  52.992113           76   6.29256683032   17.4629237305           76  215.479307  52.992158           76   6.18867228597   17.6941903801           76 
/work/00115/gebhardt/maverick/vdrp/shifts/20170621v008/xy_exp01.dat  215.480318  52.991005           76   2.39549113944   14.9300418622           76  215.480645   52.99102           76   1.78286374113   15.2902148345           76 
/work/00115/gebhardt/maverick/vdrp/shifts/20170621v008/xy_exp02.dat  215.475729  52.980534           76   -6.4695975933  -22.5814798075           76  215.475758  52.980519           76  -6.54979906569  -22.6023325916           76 
/work/00115/gebhardt/maverick/vdrp/shifts/20170621v008/xy_exp02.dat  215.471804  52.988037           76   13.0489397118   -2.0637941064           76  215.471315  52.987988           76   13.9231382908  -2.68823155459           76 
/work/00115/gebhardt/maverick/vdrp/shifts/20170621v008/xy_exp02.dat  215.480502  52.985256           76  -8.28358914835  -2.76479177247           76    215.4804  52.985371           76  -7.90296083879   -2.4902255879           76 
/work/00115/gebhardt/maverick/vdrp/shifts/20170621v008/xy_exp02.dat  215.478911  52.983485           76  -7.99111504487   -10.007230941           76  215.478917  52.983241           76  -8.38914435358  -10.7903843091           76 
/work/00115/gebhardt/maverick/vdrp/shifts/20170621v008/xy_exp02.dat  215.479606   52.99198           76   4.10737458576   18.1202467375           76  215.479307  52.992158           76   4.97109996482   18.4107550073           76 
/work/00115/gebhardt/maverick/vdrp/shifts/20170621v008/xy_exp03.dat  215.480812  52.985351           76   -8.82211414248  -3.52322579647           76    215.4804  52.985371           76  -7.98854404094  -3.85131590233           76 
/work/00115/gebhardt/maverick/vdrp/shifts/20170621v008/xy_exp03.dat  215.471134  52.987929           76    14.0964485607   -4.4124984567           76  215.471315  52.987988           76     13.83755566  -4.04924888913           76 
/work/00115/gebhardt/maverick/vdrp/shifts/20170621v008/xy_exp03.dat   215.47898  52.983352           76   -8.42157104874  -11.7325464441           76  215.478917  52.983241           76  -8.47469984087  -12.1514761759           76 
/work/00115/gebhardt/maverick/vdrp/shifts/20170621v008/xy_exp03.dat   215.48121  52.991335           76  -0.121121476732   16.2027026767           76  215.480645   52.99102           76  0.479624604598   14.6457571807           76 
/work/00115/gebhardt/maverick/vdrp/shifts/20170621v008/xy_exp03.dat  215.478948  52.992086           76      5.470083168   16.4747657498           76  215.479307  52.992158           76   4.88544691594   17.0497075343           76 
/work/00115/gebhardt/maverick/vdrp/shifts/20170625v005/xy_exp01.dat  214.739494  52.697124           76   21.5404168567  -8.71422988329           76   214.73957  52.697053           76    21.280681782   -8.8734841422           76 
/work/00115/gebhardt/maverick/vdrp/shifts/20170625v005/xy_exp02.dat  214.739538  52.696975           76    19.807908978  -8.32213641975           76   214.73957  52.697053           76   19.8658554457   -8.0386491558           76 
/work/00115/gebhardt/maverick/vdrp/shifts/20170625v005/xy_exp03.dat  214.753461  52.694513           76  -11.4869677588  -4.83878518086           76   214.75347  52.694606           76  -11.3604178936  -4.52820201672           76 
/work/00115/gebhardt/maverick/vdrp/shifts/20170625v005/xy_exp03.dat  214.739626  52.697206           76   19.9295765634  -9.09424156934           76   214.73957  52.697053           76   19.8025857267  -9.64395161321           76 
/work/00115/gebhardt/maverick/vdrp/shifts/20170625v006/xy_exp01.dat  215.481233  52.489915           76  -2.69156676857    16.5897175973           76  215.480979  52.489585           76  -2.69094692386    15.277714503           76 
/work/00115/gebhardt/maverick/vdrp/shifts/20170626v003/xy_exp01.dat  214.742638  52.681589           76  -0.696219135459  -3.48586365788           76  214.742654  52.681641           76  -0.647291577791   -3.30182735277           76 
/work/00115/gebhardt/maverick/vdrp/shifts/20170626v003/xy_exp02.dat  214.742757  52.681665           76  -2.06483244065  -2.25228455288           76  214.742654  52.681641           76  -1.89899487438   -2.42691487238           76 
/work/00115/gebhardt/maverick/vdrp/shifts/20170626v003/xy_exp03.dat  214.742471  52.681626           76  -1.71704866751   -4.24788703026           76  214.742654  52.681641           76  -2.05446184276  -4.02747026035           76 
/work/00115/gebhardt/maverick/vdrp/shifts/20170627v005/xy_exp02.dat  215.158607  52.970492           76   -13.3115419662  0.594462501695           76  215.158572  52.970634           76  -13.0184713254   1.02013043393           76 
/work/00115/gebhardt/maverick/vdrp/shifts/20170629v004/xy_exp01.dat  215.163125   52.96278           76   11.1728739407   -24.7699390515           76  215.163009  52.962881           76   11.5584592137    -24.55360917           76 
/work/00115/gebhardt/maverick/vdrp/shifts/20170629v004/xy_exp01.dat  215.170097   52.96142           76  -4.56036476359   -22.5337924434           76  215.170114  52.961274           76  -4.82419476081  -22.9898717341           76 
/work/00115/gebhardt/maverick/vdrp/shifts/20170629v004/xy_exp02.dat  215.162883  52.962636           76    10.2060076209    -24.6342612385           76  215.163009  52.962881           76    10.3475788357   -23.7218298865           76 
/work/00115/gebhardt/maverick/vdrp/shifts/20170629v004/xy_exp02.dat  215.170246  52.961253           76   -6.32543465745    -22.1002223915           76  215.170114  52.961274           76   -6.03506072672   -22.1579394834           76 
/work/00115/gebhardt/maverick/vdrp/shifts/20170629v004/xy_exp03.dat  215.162971  52.962818           76   10.1294718954   -25.149766601           76  215.163009  52.962881           76     10.15496447   -24.909812339           76 
/work/00115/gebhardt/maverick/vdrp/shifts/20170629v004/xy_exp03.dat  215.170179   52.96132           76  -6.28163521142  -23.1352945618           76  215.170114  52.961274           76  -6.22767853542  -23.3459584485           76 
/work/00115/gebhardt/maverick/vdrp/shifts/20170629v005/xy_exp01.dat  215.476779  52.650634           76  -6.50496258766  -13.3904806878           76  215.476778  52.650704           76  -6.39444760921  -13.1639960782           76 
/work/00115/gebhardt/maverick/vdrp/shifts/20170629v005/xy_exp01.dat  215.478026  52.659562           76   4.88166420979   16.7888648147           76  215.478056  52.659731           76   5.08461134123   17.3661470309           76 
/work/00115/gebhardt/maverick/vdrp/shifts/20170629v005/xy_exp01.dat  215.478026  52.659562           76   4.88166420979   16.7888648147           76  215.478056  52.659731           76   5.08461134123   17.3661470309           76 
/work/00115/gebhardt/maverick/vdrp/shifts/20170629v005/xy_exp01.dat  215.485428  52.655081           76  -16.6546473597   9.19406070292           76  215.485804  52.655199           76   -17.212618653   9.93117988159           76 
/work/00115/gebhardt/maverick/vdrp/shifts/20170629v005/xy_exp02.dat  215.485629    52.6553           76    -17.74160574   10.8260034033           76  215.485804  52.655199           76  -18.2431368205   10.6625369333           76 
/work/00115/gebhardt/maverick/vdrp/shifts/20170629v005/xy_exp02.dat  215.477991  52.659645           76   4.04888083905   17.7567850542           76  215.478056  52.659731           76   4.05415217236   18.0973277633           76 
/work/00115/gebhardt/maverick/vdrp/shifts/20170629v005/xy_exp02.dat  215.477991  52.659645           76   4.04888083905   17.7567850542           76  215.478056  52.659731           76   4.05415217236   18.0973277633           76 
/work/00115/gebhardt/maverick/vdrp/shifts/20170629v005/xy_exp03.dat  215.485577  52.655088           76  -18.1390301308   8.81368093174           76  215.485804  52.655199           76  -18.4142169345   9.38787091341           76 
/work/00115/gebhardt/maverick/vdrp/shifts/20170630v008/xy_exp01.dat  215.161597  52.957733           76   17.4043066548   17.2452218203           76  215.161587  52.957704           76   17.3780585483   17.1418742509           76 
/work/00115/gebhardt/maverick/vdrp/shifts/20170630v008/xy_exp02.dat  215.161596  52.957686           76   16.3146658462   17.6281592427           76  215.161587  52.957704           76   16.3606027181    17.6778563006           76 
/work/00115/gebhardt/maverick/vdrp/shifts/20170630v008/xy_exp03.dat  215.161722  52.957671           76   15.8951945224   16.0504477097           76  215.161587  52.957704           76   16.2104173195   16.0289611725           76 
/work/00115/gebhardt/maverick/vdrp/shifts/20170630v008/xy_exp03.dat  215.174435  52.956756           76  -10.3304139993   25.1717633321           76  215.174278  52.956793           76  -9.96599344942   25.1422490733           76 
/work/00115/gebhardt/maverick/vdrp/shifts/20170630v009/xy_exp01.dat  214.915212  52.483008           76    5.84520133821    -18.1346259113           76  214.915063  52.482944           76     6.0431890927   -18.4818952537           76 
/work/00115/gebhardt/maverick/vdrp/shifts/20170630v009/xy_exp01.dat  214.922729   52.48278           76   -9.42492045166    -11.8819969898           76  214.922892  52.482699           76   -9.87227555491   -11.9942977624           76 
/work/00115/gebhardt/maverick/vdrp/shifts/20170630v009/xy_exp01.dat  214.921895  52.489125           76    1.92777730848     8.02319337656           76  214.922543  52.489349           76   0.984017977554    9.35635865614           76 
/work/00115/gebhardt/maverick/vdrp/shifts/20170630v009/xy_exp02.dat  214.922811  52.482741           76   -10.8248389065  -10.9830261862           76  214.922892  52.482699           76   -11.0498171702  -11.0445289127           76 
/work/00115/gebhardt/maverick/vdrp/shifts/20170630v009/xy_exp02.dat  214.921964  52.489037           76   0.478979791406   8.75023316627           76  214.922543  52.489349           76  -0.193325595669   10.3060270223           76 
/work/00115/gebhardt/maverick/vdrp/shifts/20170630v009/xy_exp03.dat  214.922869   52.48251           76   -11.1054989382   -13.5591628794           76  214.922892  52.482699           76   -10.8622915846  -12.9217167202           76 
/work/00115/gebhardt/maverick/vdrp/shifts/20170701v008/xy_exp01.dat  215.212182  52.821955           76   -22.2874541027    21.993043694           76  215.212166  52.821969           76   -22.2340940523   22.0231172731           76 
/work/00115/gebhardt/maverick/vdrp/shifts/20170701v008/xy_exp01.dat  215.201796  52.813357           76   -15.5206587191  -15.7282086257           76  215.201912  52.813332           76   -15.7869932943  -15.6986560255           76 
/work/00115/gebhardt/maverick/vdrp/shifts/20170701v008/xy_exp02.dat  215.201567  52.813301           76   -16.4517926632  -15.2989599992           76  215.201912  52.813332           76   -17.0779021891  -14.8700470022           76 
/work/00115/gebhardt/maverick/vdrp/shifts/20170701v008/xy_exp02.dat  215.212618  52.821772           76   -24.7191975479   22.6446986374           76  215.212166  52.821969           76   -23.5246360701   22.8517894842           76 
/work/00115/gebhardt/maverick/vdrp/shifts/20170701v008/xy_exp03.dat  215.201465  52.813132           76  -16.7125110694  -17.2901012165           76  215.201912  52.813332           76   -17.2718840453  -16.2170197341           76 
/work/00115/gebhardt/maverick/vdrp/shifts/20170701v008/xy_exp03.dat  215.212418  52.821821           76  -24.4448705906     21.26580311           76  215.212166  52.821969           76   -23.7187173396   21.5047993911           76 
/work/00115/gebhardt/maverick/vdrp/shifts/20170701v009/xy_exp01.dat  215.480723  53.156135           76   5.01400957247      15.5745652497           76   215.48055  53.155966           76   5.07890066751   14.8636441628           76 
/work/00115/gebhardt/maverick/vdrp/shifts/20170701v009/xy_exp01.dat  215.482041  53.147895           76  -10.6925735388     -9.75039545532           76  215.482274  53.148258           76  -10.5638642139   -8.3560347161           76 
/work/00115/gebhardt/maverick/vdrp/shifts/20170701v009/xy_exp02.dat  215.480628  53.155893           76   3.15436819322    15.4424226648           76   215.48055  53.155966           76   3.42183577518   15.6032842282           76 
/work/00115/gebhardt/maverick/vdrp/shifts/20170701v009/xy_exp03.dat  215.480721  53.155985           76   3.09426619604     14.7973669913           76   215.48055  53.155966           76   3.39477723635     14.572345796           76 
/work/00115/gebhardt/maverick/vdrp/shifts/20170720v002/xy_exp01.dat  215.139616  52.966729           76    18.4684548261   17.7104477992           76  215.139068  52.966899           76    19.8046864081     17.7384999706           76 
/work/00115/gebhardt/maverick/vdrp/shifts/20170720v002/xy_exp03.dat  215.139163  52.966948           76    18.2927115258   17.4317106249           76  215.139068  52.966899           76    18.4003003394   17.1827751861           76 
/work/00115/gebhardt/maverick/vdrp/shifts/20170720v003/xy_exp01.dat   215.20353  52.488015           76  -8.94890571033   4.11586815838           76  215.203422  52.488087           76  -8.62451502167   4.25005612752           76 
/work/00115/gebhardt/maverick/vdrp/shifts/20170720v003/xy_exp01.dat   215.19064  52.492769           76   23.8988445138   7.62049220702           76  215.190664  52.492678           76    23.712197734   7.34617083879           76 
/work/00115/gebhardt/maverick/vdrp/shifts/20170720v003/xy_exp01.dat  215.195759  52.494973           76   17.1062685577   19.5664459725           76  215.195795  52.494981           76   17.0470451011   19.6260107003           76 
/work/00115/gebhardt/maverick/vdrp/shifts/20170720v003/xy_exp02.dat  215.190821  52.492801           76   22.1562499744   8.76312070132           76  215.190664  52.492678           76   22.2799589521   8.21613523623           76 
/work/00115/gebhardt/maverick/vdrp/shifts/20170720v003/xy_exp02.dat  215.203319  52.488079           76  -9.86457612539   4.99843578271           76  215.203422  52.488087           76  -10.0567867759   5.12036080786           76 
/work/00115/gebhardt/maverick/vdrp/shifts/20170720v003/xy_exp02.dat  215.195738  52.494897           76   15.5997169421   20.1692084083           76  215.195795  52.494981           76   15.6149353766   20.4960453803           76 
/work/00115/gebhardt/maverick/vdrp/shifts/20170720v003/xy_exp03.dat  215.185781  52.487917           76   24.8108111583  -13.3687648593           76  215.186287  52.487865           76    23.726947969    -13.0676556032           76 
/work/00115/gebhardt/maverick/vdrp/shifts/20170720v003/xy_exp03.dat  215.203478  52.488234           76  -9.83228567099   4.12845301209           76  215.203422  52.488087           76  -9.94578134241     3.59718879532           76 
/work/00115/gebhardt/maverick/vdrp/shifts/20170720v003/xy_exp03.dat  215.190313  52.492787           76   23.2541171515    6.7219673291           76  215.190664  52.492678           76   22.3909496279      6.6931153727           76 
/work/00115/gebhardt/maverick/vdrp/shifts/20170720v003/xy_exp03.dat  215.195934  52.495082           76   15.6043218437   19.4315228953           76  215.195795  52.494981           76   15.7258683664     18.9729940011           76 
