/work/00115/gebhardt/maverick/vdrp/shifts/20170103v002/xy_exp01.dat   149.80322   1.89338           83  -5.56798597548   18.7070613246           83  149.803519  1.892918           83  -4.77849034931   16.8903843597           83 
/work/00115/gebhardt/maverick/vdrp/shifts/20170103v002/xy_exp01.dat   149.80322   1.89338           83  -5.56798597548   18.7070613246           83  149.803519  1.892918           83  -4.77849034931   16.8903843597           83 
/work/00115/gebhardt/maverick/vdrp/shifts/20170103v002/xy_exp02.dat  149.803395  1.892894           83  -5.59874369985   17.9714943101           83  149.803519  1.892918           83    -5.917692292   17.6477765969           83 
/work/00115/gebhardt/maverick/vdrp/shifts/20170103v002/xy_exp02.dat  149.803395  1.892894           83  -5.59874369985   17.9714943101           83  149.803519  1.892918           83    -5.917692292   17.6477765969           83 
/work/00115/gebhardt/maverick/vdrp/shifts/20170103v002/xy_exp03.dat  149.803623  1.892938           83  -6.76125981715   15.7285453276           83  149.803519  1.892918           83   -6.49414130331   16.0003075647           83 
/work/00115/gebhardt/maverick/vdrp/shifts/20170103v002/xy_exp03.dat  149.803623  1.892938           83  -6.76125981715   15.7285453276           83  149.803519  1.892918           83   -6.49414130331   16.0003075647           83 
/work/00115/gebhardt/maverick/vdrp/shifts/20170103v003/xy_exp01.dat  150.407689  2.494006           83  -20.0308132015   2.01257846735           83  150.407084  2.493704           83  -17.8850870739   3.15825943237           83 
/work/00115/gebhardt/maverick/vdrp/shifts/20170103v003/xy_exp01.dat  150.403752  2.492402           83  -7.12833596873   10.2205050987           83  150.404209  2.492239           83  -7.60073444338    8.5404006672           83 
/work/00115/gebhardt/maverick/vdrp/shifts/20170103v003/xy_exp02.dat  150.403818  2.492472           83  -8.15393048074   10.3924886441           83  150.404209  2.492239           83  -8.28344959653   8.76018618077           83 
/work/00115/gebhardt/maverick/vdrp/shifts/20170103v003/xy_exp02.dat  150.407613  2.493974           83  -20.4614157114   2.38865159848           83  150.407084  2.493704           83  -18.5678024435   3.37804545232           83 
/work/00115/gebhardt/maverick/vdrp/shifts/20170103v003/xy_exp03.dat  150.407761  2.494098           83   -21.6443454014  0.0616120422964           83  150.407084  2.493704           83    -19.0786568279   1.22686824076           83 
/work/00115/gebhardt/maverick/vdrp/shifts/20170105v009/xy_exp01.dat  149.941376  2.017739           83   18.0618726697  -15.8936768819           83  149.941471  2.017841           83   17.9263349872  -16.3766730493           83 
/work/00115/gebhardt/maverick/vdrp/shifts/20170105v009/xy_exp01.dat  149.936342    2.0217           83  -3.54240515231  -7.85589782845           83  149.936338  2.021806           83  -3.87569055188  -8.04230326355           83 
/work/00115/gebhardt/maverick/vdrp/shifts/20170105v009/xy_exp02.dat  149.941325  2.017348           83   17.8242497324   -14.3908776256           83  149.941471  2.017841           83   16.5825037371  -15.7634329737           83 
/work/00115/gebhardt/maverick/vdrp/shifts/20170105v009/xy_exp02.dat  149.936274  2.021347           83  -3.92867166727   -6.37211198059           83  149.936338  2.021806           83  -5.21952344756  -7.42906772896           83 
/work/00115/gebhardt/maverick/vdrp/shifts/20170105v009/xy_exp03.dat  149.941352  2.017637           83   15.5958510922  -16.5378930816           83  149.941471  2.017841           83    15.191773255  -17.2858010091           83 
/work/00115/gebhardt/maverick/vdrp/shifts/20170105v009/xy_exp03.dat   149.93625  2.021617           83  -6.19420777887  -8.32686155286           83  149.936338  2.021806           83  -6.61025272033  -8.95143355763           83 
/work/00115/gebhardt/maverick/vdrp/shifts/20170107v013/xy_exp01.dat  150.132505  1.910579           83   22.9540449164   21.5142296875           83  150.132295  1.910753           83   22.0277805225   21.8387514272           83 
/work/00115/gebhardt/maverick/vdrp/shifts/20170127v008/xy_exp01.dat  150.130306  2.218039           83   -3.11790517392   10.7412538191           83  150.130682  2.218238           83   -3.01160879301   9.21435282814           83 
/work/00115/gebhardt/maverick/vdrp/shifts/20170127v008/xy_exp01.dat  150.139347  2.218933           83    11.3312391156  -18.5732800205           83  150.139389  2.219022           83    11.1390161043  -18.8708268413           83 
/work/00115/gebhardt/maverick/vdrp/shifts/20170127v008/xy_exp02.dat  150.130356  2.218107           83  -3.95861793349   10.8113195082           83  150.130682  2.218238           83  -3.73949286616   9.56646218668           83 
/work/00115/gebhardt/maverick/vdrp/shifts/20170127v008/xy_exp02.dat  150.139397  2.218925           83   10.7228326498  -18.3586712164           83  150.139389  2.219022           83   10.4111356726  -18.5187157068           83 
/work/00115/gebhardt/maverick/vdrp/shifts/20170127v008/xy_exp03.dat  150.139351  2.218876           83   10.0409437887  -19.8590505565           83  150.139389  2.219022           83   9.66689085566  -20.2527852704           83 
/work/00115/gebhardt/maverick/vdrp/shifts/20170129v002/xy_exp01.dat  150.239345  2.416337           83     17.4950387174  -7.23923527208           83  150.239332  2.416507           83    16.9526516711   -7.52654697321           83 
/work/00115/gebhardt/maverick/vdrp/shifts/20170129v002/xy_exp01.dat  150.234514  2.419056           83  -0.0604205582673   2.22379514207           83  150.234665  2.419458           83  -0.993896592366   0.991726012291           83 
/work/00115/gebhardt/maverick/vdrp/shifts/20170129v002/xy_exp02.dat  150.239095  2.416507           83    15.5381699671    -6.4332721573           83  150.239332  2.416507           83   15.9934224826   -7.15396833616           83 
/work/00115/gebhardt/maverick/vdrp/shifts/20170129v002/xy_exp02.dat  150.234366  2.419341           83    -2.1713746011    2.49847706922           83  150.234665  2.419458           83  -1.95312716703    1.36430162408           83 
/work/00115/gebhardt/maverick/vdrp/shifts/20170129v002/xy_exp03.dat  150.239139  2.416325           83    15.335360207  -7.51431078842           83  150.239332  2.416507           83   15.1521544152  -8.45112185283           83 
/work/00115/gebhardt/maverick/vdrp/shifts/20170129v003/xy_exp01.dat  189.223245  62.256719           83   11.6819290364    9.0440444279           83  189.223213  62.256927           83   12.2357571763   8.53723783153           83 
/work/00115/gebhardt/maverick/vdrp/shifts/20170129v008/xy_exp01.dat  189.152783   62.22952           83   9.35352752042     22.9226539883           83    189.1526  62.229668           83   9.96529274244    22.9846330205           83 
/work/00115/gebhardt/maverick/vdrp/shifts/20170129v008/xy_exp02.dat  189.152685  62.229524           83    8.82563083798    23.3112328579           83    189.1526  62.229668           83    9.32971106759    23.4982361965           83 
/work/00115/gebhardt/maverick/vdrp/shifts/20170129v008/xy_exp03.dat  189.152629  62.229575           83    8.29315456618     21.7150455955           83    189.1526  62.229668           83    8.59333872283   21.8710812066           83 
/work/00115/gebhardt/maverick/vdrp/shifts/20170130v021/xy_exp01.dat  189.124114  62.291296           83   3.41536138658   5.35725342946           83  189.124344  62.291306           83   3.68131108689   5.63795391674           83 
/work/00115/gebhardt/maverick/vdrp/shifts/20170130v021/xy_exp02.dat  189.124504   62.29131           83   2.54960370372   6.79666662319           83  189.124344  62.291306           83   2.37296905947   6.59482799871           83 
/work/00115/gebhardt/maverick/vdrp/shifts/20170130v021/xy_exp03.dat  189.124005  62.291393           83   1.32629747857       4.461428564           83  189.124344  62.291306           83   1.43009729872   5.10121617248           83 
/work/00115/gebhardt/maverick/vdrp/shifts/20170130v022/xy_exp01.dat   189.13548  62.283162           83   -7.4779482213  -12.2720270807           83   189.13538  62.283203           83  -7.46481627287  -12.4948465309           83 
/work/00115/gebhardt/maverick/vdrp/shifts/20170130v022/xy_exp02.dat  189.135336  62.283149           83    -8.7039732365  -12.0691139735           83   189.13538  62.283203           83   -8.50545239753  -12.1308270635           83 
/work/00115/gebhardt/maverick/vdrp/shifts/20170130v022/xy_exp02.dat  189.154953  62.279911           83    2.35233980199    20.985772646           83  189.155144   62.27948           83    1.32744716447   22.1938133745           83 
/work/00115/gebhardt/maverick/vdrp/shifts/20170130v022/xy_exp03.dat  189.135543   62.28309           83  -9.58310249732  -13.2576823037           83   189.13538  62.283203           83  -9.43075474929  -13.7232609794           83 
/work/00115/gebhardt/maverick/vdrp/shifts/20170130v022/xy_exp03.dat  189.155499  62.279536           83  0.926668315831   20.9455064163           83  189.155144   62.27948           83  0.401566347815   20.6015442489           83 
/work/00115/gebhardt/maverick/vdrp/shifts/20170130v023/xy_exp01.dat  150.110726  2.187529           83  -6.54158448633   -21.9761905868           83  150.110635  2.187673           83  -6.78427970848   -21.4131596603           83 
/work/00115/gebhardt/maverick/vdrp/shifts/20170130v023/xy_exp01.dat   150.10352  2.185614           83   13.7951785556   -4.48525371567           83  150.103445   2.18566           83   13.8110220964   -4.16907865362           83 
/work/00115/gebhardt/maverick/vdrp/shifts/20170130v023/xy_exp02.dat  150.110709  2.187715           83   -8.37418044528   -21.3007848877           83  150.110635  2.187673           83   -8.09900267822   -21.1666042063           83 
/work/00115/gebhardt/maverick/vdrp/shifts/20170130v023/xy_exp03.dat  150.110489  2.187765           83   -8.96531612766   -22.2912120648           83  150.110635  2.187673           83    -8.9888743498   -22.9116896107           83 
/work/00115/gebhardt/maverick/vdrp/shifts/20170130v023/xy_exp03.dat  150.103287  2.185728           83    11.7256670732   -5.06035026823           83  150.103445   2.18566           83    11.6064347811    -5.6676187341           83 
/work/00115/gebhardt/maverick/vdrp/shifts/20170130v024/xy_exp01.dat   150.21085  2.391574           83  -17.7854117526  -11.0636026485           83  150.210691   2.39156           83    -17.4149047093   -10.6250401402           83 
/work/00115/gebhardt/maverick/vdrp/shifts/20170130v024/xy_exp01.dat  150.201464  2.394075           83   -5.7077347564   21.7227700082           83  150.201476  2.394288           83    -6.35952038195    22.1289990599           83 
/work/00115/gebhardt/maverick/vdrp/shifts/20170130v024/xy_exp02.dat  150.202327  2.394439           83    -13.6133143886   15.3990386678           83  150.201476  2.394288           83   -11.406403489   17.5886386198           83 
/work/00115/gebhardt/maverick/vdrp/shifts/20170130v024/xy_exp03.dat  150.210636  2.391463           83  -17.7174927661   -10.785849679           83  150.210691   2.39156           83  -18.1169049995   -10.7465231826           83 
/work/00115/gebhardt/maverick/vdrp/shifts/20170130v027/xy_exp01.dat  189.075165  62.276357           83   12.9175493511   17.8036172234           83  189.074964  62.276348           83   13.0865625783   17.5107001747           83 
/work/00115/gebhardt/maverick/vdrp/shifts/20170130v027/xy_exp02.dat  189.074743  62.276212           83   11.8125507236   17.7722470305           83  189.074964  62.276348           83    11.996393971   18.3578238988           83 
/work/00115/gebhardt/maverick/vdrp/shifts/20170130v027/xy_exp03.dat  189.075051  62.276553           83    11.6710211527   17.2947701451           83  189.074964  62.276348           83    11.1546460546   16.7477486559           83 
/work/00115/gebhardt/maverick/vdrp/shifts/20170131v032/xy_exp01.dat  150.241762  2.321106           83   7.90615211008  -23.5137344545           83  150.241621  2.321071           83   7.74305558986  -23.0172353714           83 
/work/00115/gebhardt/maverick/vdrp/shifts/20170131v032/xy_exp02.dat  150.241647  2.321149           83   6.86749883834  -22.8281068277           83  150.241621  2.321071           83   7.05552684551     -22.5995439           83 
/work/00115/gebhardt/maverick/vdrp/shifts/20170131v034/xy_exp01.dat  150.203813  2.187225           83   10.4865233026   1.86753711711           83    150.2041  2.186988           83   10.6069031388  0.533590883149           83 
/work/00115/gebhardt/maverick/vdrp/shifts/20170131v034/xy_exp01.dat  150.208476  2.188831           83  -3.76350446459  -8.70368181384           83  150.208431  2.188814           83  -3.62152629498  -8.60471989987           83 
/work/00115/gebhardt/maverick/vdrp/shifts/20170131v034/xy_exp01.dat  150.199802  2.190911           83   7.69399648231   21.2707139314           83  150.199753  2.190853           83   7.96587417511   21.2981306656           83 
/work/00115/gebhardt/maverick/vdrp/shifts/20170131v034/xy_exp02.dat  150.203855  2.187123           83      9.6036356976   2.15848657464           83    150.2041  2.186988           83     9.50647110446   1.15671318627           83 
/work/00115/gebhardt/maverick/vdrp/shifts/20170131v034/xy_exp02.dat  150.208434  2.188795           83    -4.67162897611  -8.02915754227           83  150.208431  2.188814           83    -4.72195847093  -7.98159725189           83 
/work/00115/gebhardt/maverick/vdrp/shifts/20170131v034/xy_exp02.dat  150.199849  2.190879           83       6.593048707   21.6892447345           83  150.199753  2.190853           83     6.86544261501   21.9212531131           83 
/work/00115/gebhardt/maverick/vdrp/shifts/20170131v034/xy_exp03.dat  150.208476  2.188887           83   -5.63719953956   -9.4258902567           83  150.208431  2.188814           83   -5.32890497827  -9.44086478639           83 
/work/00115/gebhardt/maverick/vdrp/shifts/20170131v034/xy_exp03.dat  150.199817  2.191011           83    5.65913576703   20.5935044695           83  150.199753  2.190853           83    6.25850435398   20.4619816315           83 
/work/00115/gebhardt/maverick/vdrp/shifts/20170202v002/xy_exp01.dat  150.140262  2.418857           83   14.1443236198  -15.1292026092           83  150.140284  2.418939           83   13.9369143958  -15.3536714886           83 
/work/00115/gebhardt/maverick/vdrp/shifts/20170202v002/xy_exp02.dat  150.129657  2.422216           83   -17.5636620878   11.2406245642           83  150.129844  2.422231           83   -17.2503504923   10.6430111285           83 
/work/00115/gebhardt/maverick/vdrp/shifts/20170202v002/xy_exp02.dat  150.135223  2.412088           83    23.9548483298   13.7703308451           83  150.135917  2.411689           83    26.5018134476    12.426016344           83 
/work/00115/gebhardt/maverick/vdrp/shifts/20170202v002/xy_exp02.dat  150.140089  2.418775           83     12.937971134   -13.878762105           83  150.140284  2.418939           83    12.8130194536  -14.7869957552           83 
/work/00115/gebhardt/maverick/vdrp/shifts/20170202v002/xy_exp03.dat  150.130951  2.419324           83  -7.04158968472   11.7822661092           83  150.131553    2.4198           83   -7.33508272088    9.0365965847           83 
/work/00115/gebhardt/maverick/vdrp/shifts/20170202v002/xy_exp03.dat  150.135206  2.411852           83   23.8743325639   13.1964061139           83  150.135917  2.411689           83    25.7354531897   11.3469381882           83 
/work/00115/gebhardt/maverick/vdrp/shifts/20170202v002/xy_exp03.dat   150.14024  2.418873           83   12.1631230525  -15.6054275834           83  150.140284  2.418939           83    12.0466565913  -15.8660719694           83 
/work/00115/gebhardt/maverick/vdrp/shifts/20170202v002/xy_exp03.dat  150.129783   2.42227           83  -18.2525412605   9.67454581974           83  150.129844  2.422231           83   -18.0167103996   9.56393785533           83 
/work/00115/gebhardt/maverick/vdrp/shifts/20170202v003/xy_exp01.dat  150.139456  2.219092           83   11.6105660361    -17.2870173669           83  150.139389  2.219022           83    11.6972417568   -16.9492571427           83 
/work/00115/gebhardt/maverick/vdrp/shifts/20170202v003/xy_exp01.dat  150.130636  2.218231           83   -2.5161283724     11.2913858992           83  150.130682  2.218238           83   -2.45012248516    11.1375658095           83 
/work/00115/gebhardt/maverick/vdrp/shifts/20170202v003/xy_exp02.dat  150.139261  2.218977           83   10.4564670184  -15.7383827618           83  150.139389  2.219022           83   10.5621167165   -16.214934033           83 
/work/00115/gebhardt/maverick/vdrp/shifts/20170202v003/xy_exp02.dat  150.130601  2.218289           83  -3.89505989813   12.0223275395           83  150.130682  2.218238           83  -3.58525405846    11.871885781           83 
/work/00115/gebhardt/maverick/vdrp/shifts/20170202v003/xy_exp03.dat  150.130582  2.218176           83  -4.90847410039      11.2182904472           83  150.130682  2.218238           83  -4.90799014242     10.794941283           83 
/work/00115/gebhardt/maverick/vdrp/shifts/20170202v003/xy_exp03.dat  150.139391  2.219022           83   9.24317947006      -17.297987873           83  150.139389  2.219022           83    9.2393793424   -17.2918787467           83 
/work/00115/gebhardt/maverick/vdrp/shifts/20170202v008/xy_exp01.dat  189.172595  62.233991           83   -12.7833970811   15.1441451256           83  189.172689  62.234115           83  -12.5118757001   15.5319630013           83 
/work/00115/gebhardt/maverick/vdrp/shifts/20170221v010/xy_exp01.dat  150.140287  2.418988           83    12.9901022703  -16.7506678245           83  150.140284  2.418939           83   13.1334838956  -16.6473468956           83 
/work/00115/gebhardt/maverick/vdrp/shifts/20170221v010/xy_exp01.dat  150.127864  2.417103           83   -5.13334874507   24.6518024413           83  150.127493  2.416883           83  -5.17631492526   26.2029576354           83 
/work/00115/gebhardt/maverick/vdrp/shifts/20170221v010/xy_exp02.dat   150.14022  2.418916           83   12.4032802002  -15.9428979898           83  150.140284  2.418939           83    12.4561980663  -16.1817395824           83 
/work/00115/gebhardt/maverick/vdrp/shifts/20170221v010/xy_exp03.dat  150.140282  2.418871           83   11.6897146868    -17.678280221           83  150.140284  2.418939           83   11.4865811481   -17.8150857918           83 
/work/00115/gebhardt/maverick/vdrp/shifts/20170221v010/xy_exp03.dat  150.135939  2.411814           83   24.8278390411    9.09540787565           83  150.135917  2.411689           83   25.1660514018    9.40261280028           83 
/work/00115/gebhardt/maverick/vdrp/shifts/20170221v010/xy_exp03.dat  150.127546  2.417039           83   -7.1962403812    24.5741444955           83  150.127493  2.416883           83  -6.82321653259    25.0352184837           83 
/work/00115/gebhardt/maverick/vdrp/shifts/20170221v012/xy_exp01.dat  189.124366  62.291276           83   2.55515200262   6.47815396038           83  189.124344  62.291306           83   2.61769925407   6.38271791339           83 
/work/00115/gebhardt/maverick/vdrp/shifts/20170221v012/xy_exp02.dat  189.124501  62.291465           83    2.3262527314   6.60024584825           83  189.124344  62.291306           83   1.71322233507    6.7448221939           83 
/work/00115/gebhardt/maverick/vdrp/shifts/20170221v012/xy_exp03.dat  189.123966   62.29145           83   1.13280792971    4.57109373799           83  189.124344  62.291306           83   1.11286006307    5.38883504685           83 
/work/00115/gebhardt/maverick/vdrp/shifts/20170221v013/xy_exp02.dat  189.135429  62.283038           83   -8.95295130102  -11.8499189598           83   189.13538  62.283203           83   -8.53634854967   -12.281207822           83 
/work/00115/gebhardt/maverick/vdrp/shifts/20170221v013/xy_exp03.dat  189.135605  62.282983           83   -9.70539364475  -13.2458852518           83   189.13538  62.283203           83  -9.31497425182  -14.0312302231           83 
/work/00115/gebhardt/maverick/vdrp/shifts/20170221v014/xy_exp01.dat  189.133137   62.29995           83  -14.1919442312  -3.81350722675           83  189.132986  62.300023           83  -14.1396353549  -4.17431101967           83 
/work/00115/gebhardt/maverick/vdrp/shifts/20170221v015/xy_exp01.dat  150.101799  2.390122           83   3.04480633044   11.2891042669           83  150.101874  2.390033           83   3.15233481871   10.8842986729           83 
/work/00115/gebhardt/maverick/vdrp/shifts/20170221v015/xy_exp02.dat  150.098756  2.388962           83   11.8505837432   18.3953776315           83  150.098982  2.388795           83   11.8763118164   17.3846459874           83 
/work/00115/gebhardt/maverick/vdrp/shifts/20170221v015/xy_exp02.dat  150.101757  2.390016           83   2.54784118501   11.7341556709           83  150.101874  2.390033           83   2.25617774945   11.4246729413           83 
/work/00115/gebhardt/maverick/vdrp/shifts/20170221v015/xy_exp03.dat  150.101713   2.39008           83   1.61814209451   10.1192674057           83  150.101874  2.390033           83   1.42430828047     9.547943896           83 
/work/00115/gebhardt/maverick/vdrp/shifts/20170222v007/xy_exp01.dat  150.130536  2.218112           83  -0.0813705022242    11.2896127863           83  150.130682  2.218238           83  -0.189380393563      10.6040981923           83 
/work/00115/gebhardt/maverick/vdrp/shifts/20170222v007/xy_exp01.dat  150.139396  2.219057           83     13.8536285398   -17.5759765574           83  150.139389  2.219022           83    13.9473513528     -17.4880778439           83 
/work/00115/gebhardt/maverick/vdrp/shifts/20170222v007/xy_exp02.dat  150.130591  2.218182           83    -1.219279378   11.6200891631           83  150.130682  2.218238           83  -1.21770062399   11.2356394271           83 
/work/00115/gebhardt/maverick/vdrp/shifts/20170222v007/xy_exp02.dat  150.139409  2.219032           83   12.9264392785  -16.9366428354           83  150.139389  2.219022           83    12.919036884  -16.8565338337           83 
/work/00115/gebhardt/maverick/vdrp/shifts/20170222v007/xy_exp03.dat  150.139331  2.219014           83   12.2485412616   -18.3829208629           83  150.139389  2.219022           83   12.3342172572  -18.5753299276           83 
/work/00115/gebhardt/maverick/vdrp/shifts/20170222v007/xy_exp03.dat  150.130423  2.218263           83   -2.3707750299    10.2606528668           83  150.130682  2.218238           83  -1.80251395284   9.51684591826           83 
/work/00115/gebhardt/maverick/vdrp/shifts/20170222v008/xy_exp02.dat  150.125609  2.320093           83   -16.441163956     22.4323528207           83  150.125901  2.320089           83  -15.8743885816     21.54793969           83 
/work/00115/gebhardt/maverick/vdrp/shifts/20170224v005/xy_exp02.dat  189.223303  62.256642           83   15.4872539832   10.9910869861           83  189.223213  62.256927           83   16.1969211843   10.2349128966           83 
/work/00115/gebhardt/maverick/vdrp/shifts/20170224v005/xy_exp03.dat  189.223502  62.256744           83   15.2582362472    9.41758102848           83  189.223213  62.256927           83   15.4729635203   8.62861125929           83 
/work/00115/gebhardt/maverick/vdrp/shifts/20170225v007/xy_exp01.dat  150.239862  2.214744           83   23.2056275561  -6.07481093878           83  150.240165  2.215176           83    22.452593045  -7.81827535721           83 
/work/00115/gebhardt/maverick/vdrp/shifts/20170225v007/xy_exp02.dat  150.239978  2.214994           83    21.316404144    -6.16475436709           83  150.240165  2.215176           83   21.1110651864   -7.0810772196           83 
/work/00115/gebhardt/maverick/vdrp/shifts/20170225v007/xy_exp03.dat  150.239987  2.214905           83    20.7781002131  -8.18151797389           83  150.240165  2.215176           83   20.2829379107  -9.23822341998           83 
/work/00115/gebhardt/maverick/vdrp/shifts/20170225v014/xy_exp01.dat  189.075113  62.276433           83    14.4274829046   21.2746072286           83  189.074964  62.276348           83    14.3229824668   20.8938381928           83 
/work/00115/gebhardt/maverick/vdrp/shifts/20170225v014/xy_exp02.dat  189.074981  62.276506           83   13.9811713096   21.6716975953           83  189.074964  62.276348           83   13.5343654512   21.3185545918           83 
/work/00115/gebhardt/maverick/vdrp/shifts/20170225v014/xy_exp03.dat  189.079918  62.273981           83  0.918861008829    21.6755786442           83  189.080167  62.273956           83  0.603650618042    21.9631014127           83 
/work/00115/gebhardt/maverick/vdrp/shifts/20170225v014/xy_exp03.dat  189.075009  62.276414           83   12.8226078511    20.0590232318           83  189.074964  62.276348           83   12.6727869624    19.8598062335           83 
/work/00115/gebhardt/maverick/vdrp/shifts/20170225v015/xy_exp01.dat  189.045135  62.258975           83    2.5037452522   -6.85807447191           83  189.045202  62.258908           83   2.24221660294   -6.90691719626           83 
/work/00115/gebhardt/maverick/vdrp/shifts/20170301v012/xy_exp03.dat  189.075378  62.276523           83   13.6190436526   20.6427399601           83  189.074964  62.276348           83   13.5081228592    19.7125113844           83 
/work/00115/gebhardt/maverick/vdrp/shifts/20170303v012/xy_exp01.dat  189.243404  62.263526           83   4.20133117281   21.9794012045           83   189.24317  62.263512           83   3.91858428665   21.7031688151           83 
/work/00115/gebhardt/maverick/vdrp/shifts/20170303v012/xy_exp02.dat  189.243207  62.263621           83   3.63297399596   22.2183327387           83   189.24317  62.263512           83   3.28675007934   22.4131406522           83 
/work/00115/gebhardt/maverick/vdrp/shifts/20170303v012/xy_exp03.dat  189.243794   62.26349           83   2.72298377705   21.4798482607           83   189.24317  62.263512           83   2.13653521712   20.6107102859           83 
/work/00115/gebhardt/maverick/vdrp/shifts/20170303v014/xy_exp02.dat  214.832907  52.825303           83  -13.3800107253   19.3632670511           83   214.83287  52.825446           83  -13.2546321743   18.8575219499           83 
/work/00115/gebhardt/maverick/vdrp/shifts/20170303v014/xy_exp03.dat  214.833029  52.825446           83  -13.8413033096   17.1657912701           83   214.83287  52.825446           83  -14.1601255668   17.0317060972           83 
/work/00115/gebhardt/maverick/vdrp/shifts/20170306v018/xy_exp02.dat  189.093779  62.262291           83    2.5440204772   6.08836727667           83  189.093776  62.262368           83   2.77267207532    6.2451596447           83 
/work/00115/gebhardt/maverick/vdrp/shifts/20170306v018/xy_exp02.dat  189.095316  62.257416           83  -13.2424915144  -2.00006795206           83  189.095529  62.257438           83  -13.3851566115  -1.66342337974           83 
/work/00115/gebhardt/maverick/vdrp/shifts/20170306v018/xy_exp03.dat  189.093954  62.262332           83   1.23288904982   4.70878695231           83  189.093776  62.262368           83   1.51152686325   4.54113685036           83 
/work/00115/gebhardt/maverick/vdrp/shifts/20170306v018/xy_exp03.dat  189.095671  62.257449           83   -14.752114003  -3.15077482834           83  189.095529  62.257438           83  -14.6462538639  -3.36754313716           83 
/work/00115/gebhardt/maverick/vdrp/shifts/20170306v020/xy_exp03.dat   189.07488  62.249211           83  -4.20672908162  -0.768381264777           83  189.074748   62.24929           83  -3.84670620544  -0.783402264397           83 
/work/00115/gebhardt/maverick/vdrp/shifts/20170306v021/xy_exp01.dat    189.1055  62.234675           83   21.9769672327  -12.8980519772           83  189.105776   62.23469           83   21.7507989743  -12.4906053558           83 
/work/00115/gebhardt/maverick/vdrp/shifts/20170306v021/xy_exp02.dat  189.105821  62.234713           83   21.1680919563  -11.8459416736           83  189.105776   62.23469           83   21.1448665886  -11.9555403158           83 
/work/00115/gebhardt/maverick/vdrp/shifts/20170306v021/xy_exp02.dat  189.124494  62.234339           83    1.8093391031    12.806526843           83  189.124678  62.234296           83   1.50363772021   12.9669442364           83 
/work/00115/gebhardt/maverick/vdrp/shifts/20170306v021/xy_exp03.dat  189.105633  62.234832           83   20.8252637915  -13.4112469278           83  189.105776   62.23469           83    20.270160138  -13.5146865147           83 
/work/00115/gebhardt/maverick/vdrp/shifts/20170321v007/xy_exp01.dat  165.895228  18.019172           83    23.563891289  -2.64340093518           83  165.895108  18.019019           83   23.4778940379  -1.96167290635           83 
/work/00115/gebhardt/maverick/vdrp/shifts/20170321v012/xy_exp01.dat  150.110805  2.187635           83  -6.60735157901   -16.7942418617           83  150.110635  2.187673           83  -6.37507629383  -16.2122091839           83 
/work/00115/gebhardt/maverick/vdrp/shifts/20170321v012/xy_exp02.dat  150.110807  2.187612           83  -7.56923994661   -15.7964756074           83  150.110635  2.187673           83  -7.40125171135    -15.1617665825           83 
/work/00115/gebhardt/maverick/vdrp/shifts/20170321v012/xy_exp02.dat  150.103134  2.186076           83   12.5758212799    3.86729989479           83  150.103445   2.18566           83    13.180529903     2.09845163486           83 
/work/00115/gebhardt/maverick/vdrp/shifts/20170321v012/xy_exp03.dat  150.110528   2.18768           83    -7.84812934473  -16.0895201462           83  150.110635  2.187673           83   -8.04459966899  -16.4214806898           83 
/work/00115/gebhardt/maverick/vdrp/shifts/20170322v010/xy_exp01.dat  150.098638  2.388711           83   15.4933549361    20.1863001814           83  150.098982  2.388795           83   14.5338745457    19.3485527314           83 
/work/00115/gebhardt/maverick/vdrp/shifts/20170322v010/xy_exp01.dat  150.102377  2.389971           83   4.04309496521    11.7996945888           83  150.101874  2.390033           83   4.90195933496    13.4076371281           83 
/work/00115/gebhardt/maverick/vdrp/shifts/20170322v010/xy_exp02.dat  150.105459  2.380331           83   24.4176753782  -16.6699996274           83  150.105773  2.380354           83   23.6998719098  -17.5459100643           83 
/work/00115/gebhardt/maverick/vdrp/shifts/20170322v010/xy_exp03.dat  150.105276  2.380224           83   25.1817193718   -17.9424451067           83  150.105773  2.380354           83    23.770047395  -19.1348939413           83 
/work/00115/gebhardt/maverick/vdrp/shifts/20170322v010/xy_exp03.dat  150.098589  2.389197           83   12.6110194887    20.3194007764           83  150.098982  2.388795           83   12.9808049529   18.3304707879           83 
/work/00115/gebhardt/maverick/vdrp/shifts/20170322v011/xy_exp01.dat  215.033716  52.986123           83   -12.3627751882  -20.3973313341           83   215.03404  52.986213           83  -11.5897371858   -20.418519315           83 
/work/00115/gebhardt/maverick/vdrp/shifts/20170322v011/xy_exp01.dat  215.051678  52.983888           83     20.251461084   2.32945290852           83  215.051636  52.983771           83   20.0019554189   2.68079748012           83 
/work/00115/gebhardt/maverick/vdrp/shifts/20170322v011/xy_exp02.dat  215.056884  52.980039           83   23.5610117384   19.9561332007           83  215.057181  52.980108           83    24.2505764758    19.9812002483           83 
/work/00115/gebhardt/maverick/vdrp/shifts/20170322v011/xy_exp02.dat  215.034151  52.986185           83  -13.0161344885  -19.7843468137           83   215.03404  52.986213           83   -13.1975353408   -19.9717627707           83 
/work/00115/gebhardt/maverick/vdrp/shifts/20170322v011/xy_exp02.dat  215.051411   52.98385           83   18.0576690738   2.67439106242           83  215.051636  52.983771           83    18.3939637519     3.1278180329           83 
/work/00115/gebhardt/maverick/vdrp/shifts/20170322v011/xy_exp03.dat  215.051473  52.983509           83    17.9937324191    2.18096788651           83  215.051636  52.983771           83    18.6898318679    1.45303929093           83 
/work/00115/gebhardt/maverick/vdrp/shifts/20170322v011/xy_exp03.dat  215.057288  52.980302           83    25.0345240285    17.7557178429           83  215.057181  52.980108           83    24.5464021304    18.3064358907           83 
/work/00115/gebhardt/maverick/vdrp/shifts/20170322v014/xy_exp01.dat  189.095327  62.257345           83  -12.6315828091  -1.92009473941           83  189.095529  62.257438           83  -12.5552354668  -1.45014452027           83 
/work/00115/gebhardt/maverick/vdrp/shifts/20170322v014/xy_exp02.dat  189.095723  62.257446           83  -13.8879755534  -0.0255092056326           83  189.095529  62.257438           83   -13.7228508728  -0.307034926598           83 
/work/00115/gebhardt/maverick/vdrp/shifts/20170322v014/xy_exp03.dat  189.095541  62.257247           83  -14.5900909178  -2.01229638556           83  189.095529  62.257438           83  -14.0183335196  -1.62981340949           83 
/work/00115/gebhardt/maverick/vdrp/shifts/20170322v014/xy_exp03.dat  189.093785  62.262544           83   2.64968531497   6.65279695284           83  189.093776  62.262368           83   2.14233700526   6.27296066048           83 
/work/00115/gebhardt/maverick/vdrp/shifts/20170322v015/xy_exp01.dat   189.07471  62.249437           83  -3.36419774612  -0.849265242886           83  189.074748   62.24929           83  -3.83267696967  -1.10350565018           83 
/work/00115/gebhardt/maverick/vdrp/shifts/20170322v015/xy_exp02.dat  189.070229  62.243706           83  -16.6489241901  -17.5314916417           83  189.070235  62.243697           83  -16.6811698834   -17.5420353273           83 
/work/00115/gebhardt/maverick/vdrp/shifts/20170322v015/xy_exp03.dat  189.075107  62.249128           83   -5.85652415884  -1.06291447259           83  189.074748   62.24929           83   -5.03267333697  -1.21630265925           83 
/work/00115/gebhardt/maverick/vdrp/shifts/20170322v016/xy_exp01.dat   189.10543  62.234885           83   23.6751691663  -13.2814320163           83  189.105776   62.23469           83   22.7664927583  -13.2196464446           83 
/work/00115/gebhardt/maverick/vdrp/shifts/20170322v016/xy_exp02.dat  189.105368  62.234722           83   21.6970903089  -13.0760073349           83  189.105776   62.23469           83   21.2043740662  -12.5874489987           83 
/work/00115/gebhardt/maverick/vdrp/shifts/20170322v016/xy_exp03.dat  189.105868  62.234781           83   21.8220882721    -13.5647841533           83  189.105776   62.23469           83   21.6460089358  -13.8812073424           83 
/work/00115/gebhardt/maverick/vdrp/shifts/20170322v018/xy_exp01.dat  214.986161  52.949089           83  5.65625998317  -17.7014739239           83  214.986204  52.949036           83    5.4892143506  -17.8326227088           83 
/work/00115/gebhardt/maverick/vdrp/shifts/20170322v018/xy_exp02.dat  214.986573  52.948625           83   3.30137634735  -17.7781093628           83  214.986204  52.949036           83   4.66619366078   -16.794678172           83 
/work/00115/gebhardt/maverick/vdrp/shifts/20170322v018/xy_exp03.dat  214.986595  52.949307           83    3.55839919209  -17.5345219638           83  214.986204  52.949036           83    3.89706323781  -18.7820795599           83 
/work/00115/gebhardt/maverick/vdrp/shifts/20170322v019/xy_exp02.dat  214.966602  52.939697           83   16.3094097625   -17.5187501392           83  214.966308  52.939671           83    16.843020982   -17.8805153761           83 
/work/00115/gebhardt/maverick/vdrp/shifts/20170322v019/xy_exp03.dat  214.966208    52.9396           83   17.1916447522   -19.4523024786           83  214.966308  52.939671           83   17.1074862565  -19.1277735889           83 
/work/00115/gebhardt/maverick/vdrp/shifts/20170326v006/xy_exp01.dat  150.110723  2.187662           83  -6.65089135936  -16.7429627639           83  150.110635  2.187673           83  -6.50466865061  -16.4594077702           83 
/work/00115/gebhardt/maverick/vdrp/shifts/20170326v006/xy_exp02.dat   150.11057  2.187718           83    -7.8396512559    -15.828351924           83  150.110635  2.187673           83    -7.83813488614   -16.1128130936           83 
/work/00115/gebhardt/maverick/vdrp/shifts/20170326v006/xy_exp03.dat   150.11062  2.187686           83   -7.7746097704  -17.5298891894           83  150.110635  2.187673           83     -7.76649194822  -17.6008547184           83 
/work/00115/gebhardt/maverick/vdrp/shifts/20170326v007/xy_exp01.dat  150.203053   2.29437           83  -8.18545688172   22.2802815306           83  150.203251  2.294192           83  -8.06238359274   21.3301496429           83 
/work/00115/gebhardt/maverick/vdrp/shifts/20170326v007/xy_exp01.dat  150.207407  2.287042           83   4.63724601019  -5.59124230914           83   150.20746  2.286977           83   4.72161363357  -5.88104401743           83 
/work/00115/gebhardt/maverick/vdrp/shifts/20170326v007/xy_exp02.dat  150.207447  2.287021           83     2.8686134982  -5.24511830125           83   150.20746  2.286977           83   2.97244976421   -5.3735527252           83 
/work/00115/gebhardt/maverick/vdrp/shifts/20170326v007/xy_exp02.dat  150.203191  2.294268           83   -9.91421321824   22.1706555372           83  150.203251  2.294192           83  -9.81154427082   21.8376424961           83 
/work/00115/gebhardt/maverick/vdrp/shifts/20170326v007/xy_exp03.dat  150.207457  2.287174           83    2.8712529677  -6.42689929202           83   150.20746  2.286977           83   3.44891093987  -6.83847351837           83 
/work/00115/gebhardt/maverick/vdrp/shifts/20170326v013/xy_exp01.dat  214.586002  52.773528           83   -6.3697927668  -20.4296522542           83  214.585948  52.773418           83  -6.43335369228   -20.837828274           83 
/work/00115/gebhardt/maverick/vdrp/shifts/20170326v013/xy_exp02.dat  214.585969  52.773515           83   -7.3146113478  -19.2359958265           83  214.585948  52.773418           83   -7.4230347679   -19.5710736709           83 
/work/00115/gebhardt/maverick/vdrp/shifts/20170326v013/xy_exp03.dat  214.585924  52.773432           83  -7.97891801193  -20.9649651414           83  214.585948  52.773418           83  -8.04774989471  -20.9880827472           83 
/work/00115/gebhardt/maverick/vdrp/shifts/20170327v012/xy_exp01.dat  214.875195  52.964809           83   24.0600326876  -14.7608171669           83  214.874963  52.965435           83   25.4928998511   -12.950105316           83 
/work/00115/gebhardt/maverick/vdrp/shifts/20170327v012/xy_exp01.dat  214.875195  52.964809           83   24.0600326876  -14.7608171669           83  214.875423  52.964443           83   23.0419397558  -15.7323985621           83 
/work/00115/gebhardt/maverick/vdrp/shifts/20170327v012/xy_exp02.dat  214.874805  52.965303           83     24.54382125   -13.459299908           83  214.874963  52.965435           83   24.4419304397  -12.8824116065           83 
/work/00115/gebhardt/maverick/vdrp/shifts/20170327v012/xy_exp03.dat  214.874895  52.965552           83   24.8271380538  -13.5201373132           83  214.874963  52.965435           83   24.5112244703  -13.8353324936           83 
/work/00115/gebhardt/maverick/vdrp/shifts/20170327v012/xy_exp03.dat  214.875394  52.964352           83   21.9744392193  -16.9399713604           83  214.875423  52.964443           83   22.0602555103  -16.6176178423           83 
/work/00115/gebhardt/maverick/vdrp/shifts/20170328v011/xy_exp01.dat  214.846511  52.863035           83   0.695179719939    2.95624205062           83  214.846493  52.863082           83  0.724836366111     2.7851289652           83 
/work/00115/gebhardt/maverick/vdrp/shifts/20170328v011/xy_exp02.dat  214.846623  52.863044           83  -0.354018844104    3.49464827853           83  214.846493  52.863082           83  -0.561259413659      3.25886041817           83 
/work/00115/gebhardt/maverick/vdrp/shifts/20170328v018/xy_exp01.dat  214.600742  52.790636           83   23.8721562047   9.55781757536           83  214.600509  52.790501           83    24.1209788753   8.90086625902           83 
/work/00115/gebhardt/maverick/vdrp/shifts/20170328v019/xy_exp01.dat  214.712026  52.880496           83     11.856942734   -13.7613800601           83  214.711702  52.880505           83    12.5055594698  -14.0367343713           83 
/work/00115/gebhardt/maverick/vdrp/shifts/20170328v019/xy_exp02.dat  214.711766  52.880589           83    11.1595964272   -13.0553325222           83  214.711702  52.880505           83   11.1541029792   -13.3881214721           83 
/work/00115/gebhardt/maverick/vdrp/shifts/20170328v019/xy_exp03.dat  214.711882   52.88044           83   11.0437690701  -14.8725329427           83  214.711702  52.880505           83   11.4975715852  -14.8307744495           83 
/work/00115/gebhardt/maverick/vdrp/shifts/20170331v006/xy_exp02.dat  150.098856  2.290492           83   7.05055708406    21.197367372           83  150.099398  2.290262           83   6.62209087644   19.1229707841           83 
/work/00115/gebhardt/maverick/vdrp/shifts/20170331v007/xy_exp01.dat   214.87842  52.864526           83   -3.90902221872   0.50414970596           83  214.878419  52.864357           83   -4.14763190442   1.06381183374           83 
/work/00115/gebhardt/maverick/vdrp/shifts/20170331v007/xy_exp01.dat  214.874091  52.868311           83    -7.2767020062  -15.7080835324           83  214.874117  52.868437           83   -7.04821898777  -16.1039892547           83 
/work/00115/gebhardt/maverick/vdrp/shifts/20170331v007/xy_exp01.dat  214.873625  52.866442           83   -10.8267367244  -9.90340530295           83  214.873493  52.866486           83    -11.029401703  -10.1609127474           83 
/work/00115/gebhardt/maverick/vdrp/shifts/20170331v007/xy_exp02.dat  214.874256  52.868423           83  -8.08384095607  -15.3923671195           83  214.874117  52.868437           83    -8.3425164553  -15.5562902552           83 
/work/00115/gebhardt/maverick/vdrp/shifts/20170331v007/xy_exp02.dat   214.87846  52.864423           83  -5.26754066231   1.42728746412           83  214.878419  52.864357           83   -5.44203691772   1.61152901674           83 
/work/00115/gebhardt/maverick/vdrp/shifts/20170331v007/xy_exp02.dat  214.891345  52.861926           83   17.0378765172   20.5978816175           83  214.891904  52.861861           83    18.0663182706   21.2857808075           83 
/work/00115/gebhardt/maverick/vdrp/shifts/20170331v007/xy_exp02.dat  214.873492   52.86647           83  -12.3481431371  -9.56101987352           83  214.873493  52.866486           83   -12.3237363731  -9.61323865165           83 
/work/00115/gebhardt/maverick/vdrp/shifts/20170331v007/xy_exp03.dat  214.873923  52.868438           83   -8.65607545969   -17.1775210408           83  214.874117  52.868437           83   -8.26908712504  -17.0102209715           83 
/work/00115/gebhardt/maverick/vdrp/shifts/20170331v007/xy_exp03.dat  214.878204  52.864433           83   -5.69273825272  -0.276179638571           83  214.878419  52.864357           83    -5.3686626698  0.157607309219           83 
/work/00115/gebhardt/maverick/vdrp/shifts/20170331v007/xy_exp03.dat  214.891788  52.861768           83    17.7771875842    20.0423926242           83  214.891904  52.861861           83    18.1396292144   19.8319340447           83 
/work/00115/gebhardt/maverick/vdrp/shifts/20170331v007/xy_exp03.dat  214.873372  52.866486           83   -12.4925785146    -11.169467209           83  214.873493  52.866486           83   -12.2503260719  -11.0671822132           83 
/work/00115/gebhardt/maverick/vdrp/shifts/20170331v013/xy_exp01.dat  214.730047  52.883631           83   11.7632038883  -21.7388131716           83   214.73001  52.883606           83   11.7962687902  -21.8548619557           83 
/work/00115/gebhardt/maverick/vdrp/shifts/20170331v013/xy_exp02.dat  214.730218  52.883775           83   10.4937338993  -20.6672784219           83   214.73001  52.883606           83   10.6349103419   -21.4118532597           83 
/work/00115/gebhardt/maverick/vdrp/shifts/20170331v013/xy_exp03.dat   214.72994  52.883783           83   11.1877233282    -22.412000173           83   214.73001  52.883606           83   10.7729171734  -22.9190358779           83 
/work/00115/gebhardt/maverick/vdrp/shifts/20170418v003/xy_exp01.dat  189.587623  62.227615           83  -10.2526795724   24.8339695251           83  189.587495  62.227891           83   -9.60549551634      24.0500700939           83 
/work/00115/gebhardt/maverick/vdrp/shifts/20170418v003/xy_exp01.dat  189.583249  62.233756           83   2.56303161503   5.38330260153           83  189.583114  62.233577           83    1.91683852398      5.60454662851           83 
/work/00115/gebhardt/maverick/vdrp/shifts/20170418v003/xy_exp02.dat  189.583132  62.233596           83   2.84572468323   4.63717162313           83  189.583114  62.233577           83   2.77332251421   4.65582179105           83 
/work/00115/gebhardt/maverick/vdrp/shifts/20170418v003/xy_exp02.dat  189.587221  62.227962           83  -8.83298522099   22.5821530557           83  189.587495  62.227891           83  -8.74904862259   23.1013218964           83 
/work/00115/gebhardt/maverick/vdrp/shifts/20170418v003/xy_exp03.dat  189.581512  62.235318           83   4.33650176514  -2.03044094994           83  189.581643  62.235366           83   4.60822188402   -1.9649260509           83 
/work/00115/gebhardt/maverick/vdrp/shifts/20170418v003/xy_exp03.dat  189.583527  62.233555           83   1.44524903031   4.55305458154           83  189.583114  62.233577           83   1.07854092008    3.9601228412           83 
/work/00115/gebhardt/maverick/vdrp/shifts/20170418v003/xy_exp03.dat  189.587479  62.227775           83  -10.7886151883   22.6429832569           83  189.587495  62.227891           83  -10.4441007242   22.4054537325           83 
/work/00115/gebhardt/maverick/vdrp/shifts/20170418v004/xy_exp01.dat  150.104735  1.891894           83    1.16508110585  -8.46876697739           83  150.104741  1.891772           83     1.5187375407   -8.73009089374           83 
/work/00115/gebhardt/maverick/vdrp/shifts/20170418v004/xy_exp02.dat  150.100477  1.897164           83  -5.59886098707    13.0106048327           83  150.101228  1.897199           83  -7.20094115418   10.8309976794           83 
/work/00115/gebhardt/maverick/vdrp/shifts/20170418v004/xy_exp02.dat    150.1044  1.887247           83   16.3002119759   -18.5210574766           83  150.105133  1.887343           83   14.5511941423  -20.5250823294           83 
/work/00115/gebhardt/maverick/vdrp/shifts/20170418v004/xy_exp03.dat  150.104862  1.887414           83   13.3008074964  -18.9536516622           83  150.105133  1.887343           83   12.9733159011   -19.906986448           83 
/work/00115/gebhardt/maverick/vdrp/shifts/20170418v005/xy_exp01.dat  216.014969  53.259027           83   -5.1041656716  -22.0801092061           83  216.014984  53.259009           83  -5.10052908508  -22.0077953302           83 
/work/00115/gebhardt/maverick/vdrp/shifts/20170418v005/xy_exp01.dat  216.020526  53.261497           83   9.42250367305  -25.4337131107           83  216.020476  53.261533           83   9.37576088431  -25.5955898412           83 
/work/00115/gebhardt/maverick/vdrp/shifts/20170418v005/xy_exp02.dat  216.015105  53.259043           83  -4.13789899871  -23.0170766542           83  216.014984  53.259009           83  -4.42568578225  -23.0093212114           83 
/work/00115/gebhardt/maverick/vdrp/shifts/20170418v005/xy_exp03.dat  216.014948  53.259212           83  -5.44175391248  -24.2119172563           83  216.014984  53.259009           83  -5.66350346926  -23.5112694119           83 
/work/00115/gebhardt/maverick/vdrp/shifts/20170418v006/xy_exp01.dat  214.346451  52.253964           83   -12.4409546245    -13.5776049366           83  214.346425  52.254063           83   -12.3634183794   -13.9301564158           83 
/work/00115/gebhardt/maverick/vdrp/shifts/20170418v006/xy_exp01.dat  214.360475    52.2482           83    8.69455858524     17.0683174613           83  214.360647  52.248364           83     9.2638462313    16.6581938404           83 
/work/00115/gebhardt/maverick/vdrp/shifts/20170418v006/xy_exp02.dat   214.34635  52.254037           83   -12.6420943427  -15.4101938182           83  214.346425  52.254063           83   -12.4539897634  -15.4365824372           83 
/work/00115/gebhardt/maverick/vdrp/shifts/20170418v006/xy_exp02.dat  214.360752  52.248375           83    9.40296757676   15.1999311135           83  214.360647  52.248364           83    9.17315198081   15.1518538668           83 
/work/00115/gebhardt/maverick/vdrp/shifts/20170418v006/xy_exp02.dat  214.358736  52.253514           83    12.0581388573  -3.64038559241           83  214.358769  52.253517           83    12.1297544689  -3.62374584808           83 
/work/00115/gebhardt/maverick/vdrp/shifts/20170418v006/xy_exp03.dat  214.360499  52.248465           83   7.26054628528   15.3223608342           83  214.360647  52.248364           83   7.43057922434   15.7802930574           83 
/work/00115/gebhardt/maverick/vdrp/shifts/20170418v006/xy_exp03.dat   214.34639  52.254161           83   -14.138526048  -15.1648142969           83  214.346425  52.254063           83  -14.1962962834  -14.8083312225           83 
/work/00115/gebhardt/maverick/vdrp/shifts/20170418v006/xy_exp03.dat  214.358865  52.253464           83   10.5141376019  -2.74015626017           83  214.358769  52.253517           83   10.3873449894  -2.99528098422           83 
/work/00115/gebhardt/maverick/vdrp/shifts/20170419v006/xy_exp01.dat  214.633487  52.646382           83   8.48763078811    8.4171427287           83    214.6333  52.646437           83   8.18571886059     8.07819261853           83 
/work/00115/gebhardt/maverick/vdrp/shifts/20170419v006/xy_exp01.dat  214.634055  52.643015           83   5.00645365488   20.0938160521           83  214.634231   52.64292           83   5.23121190972     20.5566931016           83 
/work/00115/gebhardt/maverick/vdrp/shifts/20170419v006/xy_exp02.dat  214.633032  52.646409           83   7.83405944143      6.60080044174           83    214.6333  52.646437           83   8.41357419267    6.73113969668           83 
/work/00115/gebhardt/maverick/vdrp/shifts/20170419v006/xy_exp02.dat  214.634305  52.642756           83   5.38303202481      19.8170266419           83  214.634231   52.64292           83   5.45904294639    19.2096342352           83 
/work/00115/gebhardt/maverick/vdrp/shifts/20170419v006/xy_exp03.dat  214.633405  52.646552           83   7.14770418023    6.61718000308           83    214.6333  52.646437           83   6.77766306892   6.91224757961           83 
/work/00115/gebhardt/maverick/vdrp/shifts/20170420v016/xy_exp01.dat  213.982837  53.376584           83     6.24970436176   -17.5929325448           83  213.983083  53.376441           83    5.54622556662   -17.8148508815           83 
/work/00115/gebhardt/maverick/vdrp/shifts/20170420v016/xy_exp01.dat  213.996704  53.381353           83    -12.6122048977    11.1433190005           83  213.996352   53.38144           83   -11.7962715278    11.0826341982           83 
/work/00115/gebhardt/maverick/vdrp/shifts/20170420v016/xy_exp01.dat  213.984017  53.375662           83     2.49275455252   -19.4162707006           83  213.984167  53.375722           83    2.30231074421   -19.0783874443           83 
/work/00115/gebhardt/maverick/vdrp/shifts/20170420v016/xy_exp02.dat  213.983391  53.376222           83   4.88010850236    -19.8133128346           83  213.983083  53.376441           83   5.82563626898   -19.4070040749           83 
/work/00115/gebhardt/maverick/vdrp/shifts/20170420v016/xy_exp02.dat  213.996345  53.381421           83  -11.5344188862     9.42252883148           83  213.996352   53.38144           83  -11.5170428281    9.49037126429           83 
/work/00115/gebhardt/maverick/vdrp/shifts/20170420v016/xy_exp03.dat  213.992729  53.375192           83   -16.3739563156   -13.6543074586           83  213.992723  53.375078           83   -16.5472213152  -14.0265627888           83 
/work/00115/gebhardt/maverick/vdrp/shifts/20170420v016/xy_exp03.dat  213.996428  53.381606           83   -13.0705022679    10.5398371202           83  213.996352   53.38144           83   -13.1938637824   9.93275988546           83 
/work/00115/gebhardt/maverick/vdrp/shifts/20170420v016/xy_exp03.dat  213.983417   53.37653           83    3.65217877532   -18.3558395304           83  213.983083  53.376441           83    4.14849565528  -18.9648073232           83 
/work/00115/gebhardt/maverick/vdrp/shifts/20170420v017/xy_exp01.dat  215.093099  52.382108           83   0.039768303171   8.90535012336           83  215.092956  52.382009           83   0.177297635706   8.45054455401           83 
/work/00115/gebhardt/maverick/vdrp/shifts/20170420v017/xy_exp02.dat  215.093211  52.381853           83  -0.310767342402   6.67068540559           83  215.092956  52.382009           83   0.432388339349   6.94835449371           83 
/work/00115/gebhardt/maverick/vdrp/shifts/20170420v017/xy_exp03.dat  215.092797  52.381917           83  -0.831473109358   7.36011653394           83  215.092956  52.382009           83   -1.01145630916   7.80662903653           83 
/work/00115/gebhardt/maverick/vdrp/shifts/20170421v016/xy_exp01.dat  213.990057   53.20565           83    -14.552674114  -22.3317266258           83  213.989921  53.205589           83    -14.3873899842  -22.6586782324           83 
/work/00115/gebhardt/maverick/vdrp/shifts/20170421v016/xy_exp02.dat  213.989897    53.2055           83  -14.0833372795   -24.4926514155           83  213.989921  53.205589           83  -13.9874811018    -24.1825771651           83 
/work/00115/gebhardt/maverick/vdrp/shifts/20170421v016/xy_exp03.dat  213.989808  53.205398           83   -15.458837678  -24.3013783977           83  213.989921  53.205589           83  -15.3719321648  -23.5770795161           83 
/work/00115/gebhardt/maverick/vdrp/shifts/20170421v017/xy_exp01.dat  213.990034  53.205627           83    -14.336480419  -22.5211132965           83  213.989921  53.205589           83  -14.1787763841  -22.7517853536           83 
/work/00115/gebhardt/maverick/vdrp/shifts/20170423v015/xy_exp01.dat  215.081104  52.708849           83   18.0046311509   -24.5687458687           83  215.081214  52.709077           83   18.1384468807   -23.7241329089           83 
/work/00115/gebhardt/maverick/vdrp/shifts/20170423v015/xy_exp01.dat  215.091386  52.719942           83   14.7989897936    21.1185324211           83   215.09123   52.72001           83   15.2111531207    21.1944457428           83 
/work/00115/gebhardt/maverick/vdrp/shifts/20170423v015/xy_exp02.dat  215.091246  52.720057           83   13.7753198541    21.8613633084           83   215.09123   52.72001           83   13.7345381601    21.6934857799           83 
/work/00115/gebhardt/maverick/vdrp/shifts/20170423v015/xy_exp02.dat   215.08121  52.709075           83   16.6662005528   -23.2353593472           83  215.081214  52.709077           83   16.6613894269   -23.2251217286           83 
/work/00115/gebhardt/maverick/vdrp/shifts/20170423v015/xy_exp03.dat  215.080964  52.709095           83   17.4782260427  -24.8137008645           83  215.081214  52.709077           83   16.9575482427  -24.6392869313           83 
/work/00115/gebhardt/maverick/vdrp/shifts/20170423v015/xy_exp03.dat  215.091308  52.720118           83   14.0428709906   20.7034971998           83   215.09123   52.72001           83   14.0304475173   20.2793036405           83 
/work/00115/gebhardt/maverick/vdrp/shifts/20170423v016/xy_exp01.dat  215.643576  52.374541           83   -3.5225372211  -17.5567310405           83  215.643634  52.374691           83  -3.41393195382   -17.0126217424           83 
/work/00115/gebhardt/maverick/vdrp/shifts/20170423v016/xy_exp01.dat  215.637625  52.378083           83   13.6735522532  -11.3974796842           83  215.637483  52.378142           83   14.0456693903   -11.3340366201           83 
/work/00115/gebhardt/maverick/vdrp/shifts/20170423v016/xy_exp02.dat  215.643403  52.374668           83  -4.61550505261  -16.9501413116           83  215.643634  52.374691           83  -5.04279294975  -16.6637354701           83 
/work/00115/gebhardt/maverick/vdrp/shifts/20170423v016/xy_exp02.dat  215.637417  52.378153           83   12.5652433937  -11.0096126697           83  215.637483  52.378142           83   12.4168662564  -10.9853289347           83 
/work/00115/gebhardt/maverick/vdrp/shifts/20170423v016/xy_exp03.dat  215.643387  52.374797           83  -3.86526957487  -18.0887990544           83  215.643634  52.374691           83  -4.51764014208  -18.2101257521           83 
/work/00115/gebhardt/maverick/vdrp/shifts/20170423v016/xy_exp03.dat  215.637559  52.378151           83   12.8035473559  -12.4326940692           83  215.637483  52.378142           83   12.9419789572  -12.5315962885           83 
/work/00115/gebhardt/maverick/vdrp/shifts/20170424v008/xy_exp03.dat  214.113788  52.736253           83   11.6812994085   4.83977293405           83  214.113876  52.736214           83   11.8045370864   5.04304347979           83 
/work/00115/gebhardt/maverick/vdrp/shifts/20170424v009/xy_exp01.dat  214.384289  52.404239           83    8.62863200759  -4.30026128257           83  214.384329  52.404135           83   8.57064646927  -3.92008819559           83 
/work/00115/gebhardt/maverick/vdrp/shifts/20170424v009/xy_exp02.dat  214.384316  52.404138           83    7.23324649821   -3.4989100368           83  214.384329  52.404135           83    7.25571788023  -3.47824838201           83 
/work/00115/gebhardt/maverick/vdrp/shifts/20170424v009/xy_exp03.dat  214.384339  52.404099           83    7.56258480999   -4.76712528311           83  214.384329  52.404135           83   7.59049668962  -4.89557574011           83 
/work/00115/gebhardt/maverick/vdrp/shifts/20170425v003/xy_exp01.dat  215.497968  52.738318           83   15.6592202574  -1.61106477176           83  215.497996  52.738241           83    15.6094002571  -1.33163189706           83 
/work/00115/gebhardt/maverick/vdrp/shifts/20170427v004/xy_exp01.dat  214.513988  52.691188           83   19.4586596332   -17.0958289156           83  214.514001  52.691042           83   19.2840393262   -16.599272316           83 
/work/00115/gebhardt/maverick/vdrp/shifts/20170427v004/xy_exp02.dat  214.512089   52.68901           83   11.2140797815   -11.2021880312           83   214.51217  52.689038           83   11.4159356693   -11.2277952617           83 
/work/00115/gebhardt/maverick/vdrp/shifts/20170427v004/xy_exp02.dat  214.519172   52.68488           83   19.8170111012    8.44355782056           83  214.519065  52.685064           83   19.8542837215    7.74219350642           83 
/work/00115/gebhardt/maverick/vdrp/shifts/20170427v004/xy_exp02.dat  214.514024  52.690967           83   17.8080811831    -16.099309357           83  214.514001  52.691042           83   17.8648732392   -16.3679978921           83 
/work/00115/gebhardt/maverick/vdrp/shifts/20170427v004/xy_exp02.dat  214.510565  52.681642           83  -1.99565138029    12.0385271232           83   214.51072  52.681652           83  -1.66928589392    12.1345364952           83 
/work/00115/gebhardt/maverick/vdrp/shifts/20170427v004/xy_exp03.dat     214.512  52.689053           83   11.4477071419  -13.1819637044           83   214.51217  52.689038           83   11.7698764364  -12.9903044799           83 
/work/00115/gebhardt/maverick/vdrp/shifts/20170427v004/xy_exp03.dat    214.5191  52.684926           83   20.0889674476   6.46799865442           83  214.519065  52.685064           83    20.208182137   5.97970269553           83 
/work/00115/gebhardt/maverick/vdrp/shifts/20170427v004/xy_exp03.dat  214.510467   52.68128           83  -2.33744023458   11.3985352742           83   214.51072  52.681652           83  -1.31539709458   10.3719977163           83 
/work/00115/gebhardt/maverick/vdrp/shifts/20170427v004/xy_exp03.dat   214.51421  52.691024           83   18.6154984682  -17.8963513385           83  214.514001  52.691042           83   18.2188254195  -18.1304926725           83 
/work/00115/gebhardt/maverick/vdrp/shifts/20170427v005/xy_exp01.dat  214.387159  52.567093           83   6.40347552042   8.89026041643           83  214.387279  52.567101           83   6.65747057971   8.96282916179           83 
/work/00115/gebhardt/maverick/vdrp/shifts/20170427v005/xy_exp01.dat  214.374794  52.570276           83  -14.3140110017   -11.945359574           83  214.375044   52.57016           83  -13.9654815878  -11.3519470449           83 
/work/00115/gebhardt/maverick/vdrp/shifts/20170427v005/xy_exp01.dat  214.380605  52.562139           83  -13.6155053715    19.981123288           83  214.380661  52.562126           83  -13.5197349735   20.0707755441           83 
/work/00115/gebhardt/maverick/vdrp/shifts/20170427v005/xy_exp02.dat  214.375036  52.570189           83  -15.5131136774  -10.9690400433           83  214.375044   52.57016           83  -15.5363794219  -10.8657709891           83 
/work/00115/gebhardt/maverick/vdrp/shifts/20170427v005/xy_exp02.dat  214.380539  52.562185           83  -15.2577787558   20.2593909347           83  214.380661  52.562126           83  -15.0908855158   20.5569552059           83 
/work/00115/gebhardt/maverick/vdrp/shifts/20170427v005/xy_exp03.dat   214.38055  52.561931           83  -15.1489630122   19.5416735652           83  214.380661  52.562126           83  -14.6587102317   18.9835816622           83 
/work/00115/gebhardt/maverick/vdrp/shifts/20170428v005/xy_exp01.dat  214.659732  52.399828           83  -5.58373728286   8.72511833174           83  214.659794  52.399823           83  -5.46409996836   8.79262624285           83 
/work/00115/gebhardt/maverick/vdrp/shifts/20170428v005/xy_exp02.dat  214.659795  52.399909           83   -6.49871587324    9.01293923896           83  214.659794  52.399823           83    -6.61625960184    9.29936677279           83 
/work/00115/gebhardt/maverick/vdrp/shifts/20170428v005/xy_exp03.dat  214.659822  52.399788           83   -6.52131905297   8.23170058261           83  214.659794  52.399823           83    -6.53137299011   8.09185209645           83 
/work/00115/gebhardt/maverick/vdrp/shifts/20170428v019/xy_exp02.dat  213.988997  52.710139           83  -10.4084648535  -5.24342674753           83  213.988978  52.710146           83  -10.3602378167  -5.23828181936           83 
/work/00115/gebhardt/maverick/vdrp/shifts/20170428v020/xy_exp01.dat  214.541849  53.382851           83   6.92379842165   11.2729293055           83  214.541786  53.382674           83   6.75747573141   10.6431176869           83 
/work/00115/gebhardt/maverick/vdrp/shifts/20170428v020/xy_exp02.dat  214.542391  53.382754           83   4.60967284958   11.6061137799           83  214.541786  53.382674           83   5.63968182917   10.7636745366           83 
/work/00115/gebhardt/maverick/vdrp/shifts/20170428v020/xy_exp03.dat  214.542409  53.382971           83   5.06123014586    11.2048164423           83  214.541786  53.382674           83   5.77376789119    9.64755287077           83 
/work/00115/gebhardt/maverick/vdrp/shifts/20170501v011/xy_exp01.dat  214.819794  53.216602           83   3.24426647233    12.7504461841           83  214.819632  53.216591           83   3.53943314367    12.5596678396           83 
/work/00115/gebhardt/maverick/vdrp/shifts/20170501v011/xy_exp02.dat  214.820068  53.216491           83    1.18646483463     13.0849485543           83  214.819632  53.216591           83    2.18837032791    12.9893799826           83 
/work/00115/gebhardt/maverick/vdrp/shifts/20170501v011/xy_exp03.dat  214.819589  53.216538           83    2.4048870578   11.1816604897           83  214.819632  53.216591           83    2.40672252623   11.3937770516           83 
/work/00115/gebhardt/maverick/vdrp/shifts/20170502v010/xy_exp01.dat  214.821837  53.042588           83  -14.9831906382     -7.4875964972           83   214.82196  53.042586           83  -15.2256101354   -7.37733202603           83 
/work/00115/gebhardt/maverick/vdrp/shifts/20170502v010/xy_exp01.dat  214.814339  53.047071           83   6.67766274189  -0.0976438081451           83  214.814208  53.047023           83    6.8567189413  -0.377241695244           83 
/work/00115/gebhardt/maverick/vdrp/shifts/20170502v010/xy_exp02.dat  214.822021  53.042576           83  -16.0981023682   -6.79141548225           83   214.82196  53.042586           83  -15.9636582764   -6.81695505944           83 
/work/00115/gebhardt/maverick/vdrp/shifts/20170502v010/xy_exp02.dat  214.814107  53.047059           83   6.37198532627    0.20366224853           83  214.814208  53.047023           83   6.11871173558   0.183005986294           83 
/work/00115/gebhardt/maverick/vdrp/shifts/20170502v010/xy_exp03.dat  214.814134  53.047044           83    6.07751959759  -1.15474347902           83  214.814208  53.047023           83   5.90043776908  -1.15248272579           83 
/work/00115/gebhardt/maverick/vdrp/shifts/20170502v010/xy_exp03.dat  214.821915  53.042457           83   -16.2980164879  -8.61258033722           83   214.82196  53.042586           83  -16.1819144526  -8.15249900962           83 
/work/00115/gebhardt/maverick/vdrp/shifts/20170502v011/xy_exp01.dat  215.373785   53.38085           83   2.68881166225   3.10686367247           83  215.373703  53.380898           83   2.92379531943   3.18202039523           83 
/work/00115/gebhardt/maverick/vdrp/shifts/20170502v011/xy_exp02.dat  215.373958  53.380989           83   1.34854969463   4.42252941234           83  215.373703  53.380898           83   1.69031016912   3.88367332298           83 
/work/00115/gebhardt/maverick/vdrp/shifts/20170502v012/xy_exp02.dat   215.36687  52.382807           83   8.31517915053    9.98920041404           83  215.366709  52.382638           83   8.38465565346    9.2888543311           83 
/work/00115/gebhardt/maverick/vdrp/shifts/20170503v007/xy_exp02.dat   214.81741  53.373574           83   -7.69916129574  -19.8833483981           83  214.817713  53.373644           83  -8.16664171848  -19.3652146808           83 
/work/00115/gebhardt/maverick/vdrp/shifts/20170503v008/xy_exp01.dat  214.257633  52.383809           83   13.2730562072   11.1787559217           83   214.25723  52.383951           83   14.2910331048   11.2746768715           83 
/work/00115/gebhardt/maverick/vdrp/shifts/20170503v008/xy_exp02.dat  214.259295  52.376744           83  -2.18966900871   -9.95084453106           83  214.259387  52.376723           83   -2.40497101776  -9.93535455428           83 
/work/00115/gebhardt/maverick/vdrp/shifts/20170503v008/xy_exp02.dat  214.257202  52.383801           83   12.5737451134     11.229872718           83   214.25723  52.383951           83    12.7427297028   11.7464294221           83 
/work/00115/gebhardt/maverick/vdrp/shifts/20170503v008/xy_exp03.dat  214.246289  52.377229           83    24.9627072628   -21.893559778           83  214.246215  52.377165           83     25.014634471  -22.1707517319           83 
/work/00115/gebhardt/maverick/vdrp/shifts/20170503v008/xy_exp03.dat  214.259572  52.376699           83   -2.37167734678  -11.4712080833           83  214.259387  52.376723           83   -1.96606673891  -11.5620124299           83 
/work/00115/gebhardt/maverick/vdrp/shifts/20170503v008/xy_exp03.dat  214.257577  52.384092           83    12.6997240103    10.898926868           83   214.25723  52.383951           83    13.1814870451   10.1198737025           83 
/work/00115/gebhardt/maverick/vdrp/shifts/20170503v009/xy_exp02.dat  214.542749  52.540749           83  -16.1832427037  -13.7983676428           83  214.542962  52.540739           83  -16.6212653105  -13.6342658337           83 
/work/00115/gebhardt/maverick/vdrp/shifts/20170503v009/xy_exp02.dat  214.535312  52.544984           83   5.01089684915  -6.84327423249           83  214.535311  52.544849           83   4.80790296964  -7.28485683235           83 
/work/00115/gebhardt/maverick/vdrp/shifts/20170503v010/xy_exp01.dat  215.640121  52.877875           83    11.7160312966  -13.3228837303           83   215.63976  52.877883           83    12.4357031777   -13.636053661           83 
/work/00115/gebhardt/maverick/vdrp/shifts/20170503v010/xy_exp02.dat  215.639621  52.877783           83   11.3674276851  -12.8442951895           83   215.63976  52.877883           83   11.2507835597  -12.3891045024           83 
/work/00115/gebhardt/maverick/vdrp/shifts/20170503v010/xy_exp03.dat  215.639579  52.878059           83   11.3035401748  -13.3885840688           83   215.63976  52.877883           83   10.6749848795  -13.7898505961           83 
/work/00115/gebhardt/maverick/vdrp/shifts/20170503v010/xy_exp03.dat    215.6393  52.880024           83   14.9088721785  -7.27215699342           83  215.639171  52.880142           83   15.3452583254  -7.01030212392           83 
/work/00115/gebhardt/maverick/vdrp/shifts/20170518v006/xy_exp02.dat  214.669955  52.573367           83    24.6973528348   -13.457644829           83   214.67013  52.573342           83     25.017845658  -13.2296499784           83 
/work/00115/gebhardt/maverick/vdrp/shifts/20170519v002/xy_exp01.dat  215.770155  53.069217           83  -0.96115482651  -4.37899113665           83  215.770161  53.069369           83  -0.732837041781    -4.8764527234           83 
/work/00115/gebhardt/maverick/vdrp/shifts/20170519v008/xy_exp01.dat  215.093945  53.383487           83   10.7549437782  0.919851287941           83   215.09386  53.383554           83    11.0264563225   1.05315771492           83 
/work/00115/gebhardt/maverick/vdrp/shifts/20170519v008/xy_exp01.dat  215.093945  53.383487           83   10.7549437782  0.919851287941           83   215.09386  53.383554           83    11.0264563225   1.05315771492           83 
/work/00115/gebhardt/maverick/vdrp/shifts/20170519v008/xy_exp01.dat  215.085858  53.377793           83   17.0441797272  -25.1992377615           83  215.085971  53.377749           83     16.756195563  -25.2315658592           83 
/work/00115/gebhardt/maverick/vdrp/shifts/20170519v008/xy_exp02.dat  215.085917  53.377667           83   15.3711354634  -24.9452012722           83  215.085971  53.377749           83   15.4003358351  -24.6293864464           83 
/work/00115/gebhardt/maverick/vdrp/shifts/20170519v008/xy_exp02.dat  215.094343  53.383645           83   8.89199510507   2.41454790103           83   215.09386  53.383554           83   9.67085049452   1.65539253601           83 
/work/00115/gebhardt/maverick/vdrp/shifts/20170519v008/xy_exp02.dat  215.094343  53.383645           83   8.89199510507   2.41454790103           83   215.09386  53.383554           83   9.67085049452   1.65539253601           83 
/work/00115/gebhardt/maverick/vdrp/shifts/20170519v008/xy_exp03.dat  215.086147  53.377992           83   15.4262176254   -25.0737083443           83  215.085971  53.377749           83   15.3703277467  -26.0250291981           83 
/work/00115/gebhardt/maverick/vdrp/shifts/20170519v008/xy_exp03.dat  215.093902  53.383359           83   9.24438358652  -0.326652991192           83   215.09386  53.383554           83   9.64073932085  0.259726921595           83 
/work/00115/gebhardt/maverick/vdrp/shifts/20170519v008/xy_exp03.dat  215.093902  53.383359           83   9.24438358652  -0.326652991192           83   215.09386  53.383554           83   9.64073932085  0.259726921595           83 
/work/00115/gebhardt/maverick/vdrp/shifts/20170523v008/xy_exp01.dat  215.366561  52.382376           83   10.0963184952  -2.69956899509           83  215.366709  52.382638           83   10.1942822815  -1.70669575491           83 
/work/00115/gebhardt/maverick/vdrp/shifts/20170523v008/xy_exp03.dat  215.366649   52.37988           83    4.8319421302    -11.437650218           83  215.366081  52.379917           83   6.02188196092   -11.8373685408           83 
/work/00115/gebhardt/maverick/vdrp/shifts/20170525v014/xy_exp01.dat  215.639111  52.880144           83   17.5092362494   -15.1893942315           83  215.639171  52.880142           83    17.3885866522  -15.1395208286           83 
/work/00115/gebhardt/maverick/vdrp/shifts/20170525v014/xy_exp01.dat  215.640002  52.877757           83   12.0479620576   -22.1006275877           83   215.63976  52.877883           83    12.7181926834  -21.9189855286           83 
/work/00115/gebhardt/maverick/vdrp/shifts/20170525v014/xy_exp02.dat  215.639686  52.877792           83   11.3265758008   -21.5750010598           83   215.63976  52.877883           83   11.3232703528  -21.2100895426           83 
/work/00115/gebhardt/maverick/vdrp/shifts/20170525v014/xy_exp03.dat  215.639708  52.877905           83   11.4230644445  -22.3678897188           83   215.63976  52.877883           83   11.2869473189  -22.3904480611           83 
/work/00115/gebhardt/maverick/vdrp/shifts/20170529v008/xy_exp01.dat  215.094877  53.208573           83  -6.17845368562  -24.3778060674           83  215.095019  53.208563           83  -6.46865279725  -24.2738138857           83 
/work/00115/gebhardt/maverick/vdrp/shifts/20170529v008/xy_exp02.dat  215.083324  53.211634           83   19.8826485238  -25.1404026255           83   215.08357   53.21172           83   19.5453792902  -24.6272025233           83 
/work/00115/gebhardt/maverick/vdrp/shifts/20170529v008/xy_exp02.dat   215.09471  53.208392           83  -7.29460389508  -24.6714222416           83  215.095019  53.208563           83  -7.61730700288  -23.8236724178           83 
/work/00115/gebhardt/maverick/vdrp/shifts/20170529v008/xy_exp03.dat  215.095057  53.208598           83  -7.57143757025   -24.9519410383           83  215.095019  53.208563           83  -7.55413249755  -25.1012364623           83 
/work/00115/gebhardt/maverick/vdrp/shifts/20170529v009/xy_exp01.dat  214.810223  52.713182           83   11.8399358194  -13.1696673276           83  214.810011  52.713191           83   12.2717575547  -13.3380367836           83 
/work/00115/gebhardt/maverick/vdrp/shifts/20170529v009/xy_exp01.dat  214.824679  52.715286           83  -13.4200234863    7.1580717135           83  214.824671   52.71533           83  -13.3365066998    7.2937919497           83 
/work/00115/gebhardt/maverick/vdrp/shifts/20170529v009/xy_exp02.dat  214.809981  52.713196           83   11.1556659659  -12.7903189826           83  214.810011  52.713191           83   11.0888241096  -12.7786200887           83 
/work/00115/gebhardt/maverick/vdrp/shifts/20170529v009/xy_exp03.dat  214.809976  52.713223           83   11.1283131974  -13.9441886139           83  214.810011  52.713191           83   11.0100592047   -14.0156979692           83 
/work/00115/gebhardt/maverick/vdrp/shifts/20170530v006/xy_exp02.dat  214.535213  52.544973           83   4.82942039579    -15.592294269           83  214.535311  52.544849           83   4.44651060689   -15.9064380266           83 
/work/00115/gebhardt/maverick/vdrp/shifts/20170615v009/xy_exp01.dat  214.629039  52.758881           83  -11.8929931408  -16.0192143751           83  214.629471  52.759019           83   -12.528354247  -15.1654517686           83 
/work/00115/gebhardt/maverick/vdrp/shifts/20170615v009/xy_exp02.dat  214.629565  52.759224           83  -14.0105308811   -13.7997639751           83  214.629471  52.759019           83   -14.1436309514  -14.5539978043           83 
/work/00115/gebhardt/maverick/vdrp/shifts/20170615v009/xy_exp03.dat  214.629269  52.758874           83  -13.9720573315  -16.5307184395           83  214.629471  52.759019           83   -14.1443492897  -15.8700592503           83 
/work/00115/gebhardt/maverick/vdrp/shifts/20170617v008/xy_exp01.dat    214.6297  52.759065           83  -12.7937822506  -15.5104971782           83  214.629471  52.759019           83  -12.4145459656  -15.8745105179           83 
/work/00115/gebhardt/maverick/vdrp/shifts/20170617v008/xy_exp02.dat  214.629293  52.759133           83   -13.3451871801   -15.335634209           83  214.629471  52.759019           83   -13.8717582998   -15.5394336619           83 
/work/00115/gebhardt/maverick/vdrp/shifts/20170617v008/xy_exp03.dat  214.629374  52.758862           83   -13.9896125136  -17.5447795747           83  214.629471  52.759019           83   -13.9374009207    -16.943626934           83 
/work/00115/gebhardt/maverick/vdrp/shifts/20170617v009/xy_exp01.dat   215.37641  52.884855           83    -1.31502274959   12.9461211685           83  215.376201  52.884821           83  -0.958953579663   12.6389985081           83 
/work/00115/gebhardt/maverick/vdrp/shifts/20170617v009/xy_exp02.dat  215.376003  52.884802           83   -1.95544582578   12.8826854378           83  215.376201  52.884821           83      -2.313390367   13.1307894629           83 
/work/00115/gebhardt/maverick/vdrp/shifts/20170617v009/xy_exp03.dat  215.376208  52.884755           83  -2.57703423485   11.5158314317           83  215.376201  52.884821           83   -2.46032643828    11.7233513553           83 
/work/00115/gebhardt/maverick/vdrp/shifts/20170621v007/xy_exp02.dat  214.627086  52.751876           83   -18.8482621016   9.51272398337           83  214.627126  52.751558           83   -19.4185644256   8.51626816805           83 
/work/00115/gebhardt/maverick/vdrp/shifts/20170621v007/xy_exp03.dat  214.627062  52.751419           83   -19.6254994623   6.38635907633           83  214.627126  52.751558           83   -19.5365682277   6.89815990851           83 
/work/00115/gebhardt/maverick/vdrp/shifts/20170625v005/xy_exp01.dat  214.645543  52.763994           83   9.97375617518   20.3878950853           83  214.645019  52.764003           83   11.0184613765   19.9268375226           83 
/work/00115/gebhardt/maverick/vdrp/shifts/20170625v005/xy_exp03.dat  214.640313   52.75799           83   9.50152095044   -4.7972939529           83  214.640573  52.757913           83   8.87091893298  -4.80433571368           83 
/work/00115/gebhardt/maverick/vdrp/shifts/20170626v003/xy_exp01.dat    214.6414  52.742273           83   -7.52737035227  -1.04209311253           83  214.641384   52.74235           83   -7.37707594454  -0.806577240576           83 
/work/00115/gebhardt/maverick/vdrp/shifts/20170626v003/xy_exp02.dat   214.64129   52.74201           83  -8.96721651166  -1.12818490698           83  214.641384   52.74235           83    -8.627795442  0.0655261676143           83 
/work/00115/gebhardt/maverick/vdrp/shifts/20170626v003/xy_exp03.dat  214.641342   52.74255           83  -8.39237273387  -0.922698457761           83  214.641384   52.74235           83  -8.78362055232  -1.53401348989           83 
/work/00115/gebhardt/maverick/vdrp/shifts/20170627v005/xy_exp01.dat  215.059041  53.035421           83   -15.7014099341    15.385872846           83  215.059233  53.035438           83   -16.0480497096    15.623228211           83 
/work/00115/gebhardt/maverick/vdrp/shifts/20170627v005/xy_exp02.dat   215.05917  53.035306           83   -17.2950113446   15.4228197812           83  215.059233  53.035438           83  -17.2090634503     15.90967543           83 
/work/00115/gebhardt/maverick/vdrp/shifts/20170627v005/xy_exp03.dat  215.059498  53.035463           83  -17.6495231623   14.9829649227           83  215.059233  53.035438           83  -17.1735174796   14.6503914525           83 
/work/00115/gebhardt/maverick/vdrp/shifts/20170628v005/xy_exp01.dat  215.038358  53.019972           83   0.32641554642  -6.63136365699           83  215.038269  53.019953           83  0.469731787314  -6.77725699598           83 
/work/00115/gebhardt/maverick/vdrp/shifts/20170628v005/xy_exp01.dat  215.039434  53.022444           83   2.12884185669   2.38952586927           83  215.038976  53.022371           83    2.9053562589   1.71894814245           83 
/work/00115/gebhardt/maverick/vdrp/shifts/20170628v005/xy_exp02.dat  215.038941  53.022428           83    1.68019240394   2.34378296769           83  215.038976  53.022371           83    1.52219329279   2.19249670145           83 
/work/00115/gebhardt/maverick/vdrp/shifts/20170628v005/xy_exp02.dat  215.038072  53.019855           83  -0.684480894645  -6.80768026643           83  215.038269  53.019953           83   -0.91351046019  -6.30368569359           83 
/work/00115/gebhardt/maverick/vdrp/shifts/20170628v005/xy_exp03.dat  215.037977  53.019969           83    -0.3099208271  -7.69490485393           83  215.038269  53.019953           83  -0.903624454005  -7.46977674971           83 
/work/00115/gebhardt/maverick/vdrp/shifts/20170628v005/xy_exp03.dat  215.039148  53.022403           83    1.24766366534   1.29308716464           83  215.038976  53.022371           83    1.53205084722   1.02641367225           83 
/work/00115/gebhardt/maverick/vdrp/shifts/20170629v004/xy_exp01.dat   215.06008  53.023833           83   8.17614844564   -25.1719907917           83  215.060285  53.023879           83   7.84946480368  -24.8288530692           83 
/work/00115/gebhardt/maverick/vdrp/shifts/20170630v008/xy_exp01.dat  215.062706   53.01378           83  -1.61331801534   4.78541193026           83  215.062229   53.01343           83  -1.23452308814   3.20065922164           83 
/work/00115/gebhardt/maverick/vdrp/shifts/20170630v008/xy_exp01.dat  215.063674  53.011476           83  -7.12314154758  -1.75942563471           83  215.063779   53.01136           83  -7.51016913604  -2.03569135586           83 
/work/00115/gebhardt/maverick/vdrp/shifts/20170630v008/xy_exp02.dat  215.062483  53.013713           83  -2.30106232874   4.89133694759           83  215.062229   53.01343           83  -2.25134218402    3.73456326151           83 
/work/00115/gebhardt/maverick/vdrp/shifts/20170630v008/xy_exp03.dat  215.063708  53.011411           83  -8.45897164463  -3.05164605365           83  215.063779   53.01136           83  -8.67751884782   -3.1496030869           83 
/work/00115/gebhardt/maverick/vdrp/shifts/20170630v009/xy_exp01.dat  214.819074   52.54004           83   -16.3690894174    -21.5716995765           83  214.819332  52.540168           83   -16.6858673001   -20.9151148475           83 
/work/00115/gebhardt/maverick/vdrp/shifts/20170630v009/xy_exp02.dat  214.817918   52.54496           83   -7.75615548021  -5.64850736757           83  214.818053  52.544949           83   -8.04069463677  -5.55929512505           83 
/work/00115/gebhardt/maverick/vdrp/shifts/20170630v009/xy_exp02.dat  214.819384  52.540244           83   -17.8499134429  -19.6719906144           83  214.819332  52.540168           83   -17.8625618178   -19.968065611           83 
/work/00115/gebhardt/maverick/vdrp/shifts/20170630v009/xy_exp03.dat  214.824326  52.549527           83   -13.3198364412    13.3097456797           83  214.824255  52.549746           83   -12.8452847446   13.9582319338           83 
/work/00115/gebhardt/maverick/vdrp/shifts/20170630v009/xy_exp03.dat  214.818105  52.545071           83   -7.77107431372    -6.9885318011           83  214.818053  52.544949           83   -7.85381471213  -7.43463909444           83 
/work/00115/gebhardt/maverick/vdrp/shifts/20170701v008/xy_exp01.dat  215.099409  52.877625           83   -14.1879609073  -5.04542506106           83   215.09907  52.877511           83   -13.7043627833  -5.73611163414           83 
/work/00115/gebhardt/maverick/vdrp/shifts/20170701v008/xy_exp01.dat  215.092733  52.873315           83   -7.90703393284  -25.3359615669           83  215.092659  52.873051           83    -8.1770353297  -26.2612815608           83 
/work/00115/gebhardt/maverick/vdrp/shifts/20170701v008/xy_exp01.dat  215.095075  52.878788           83   -3.88854740062  -5.38734994296           83  215.095273  52.878869           83   -4.14836883579  -4.93726549133           83 
/work/00115/gebhardt/maverick/vdrp/shifts/20170701v008/xy_exp02.dat  215.092949   52.87305           83   -10.0356339419  -25.1639548228           83  215.092659  52.873051           83   -9.46707141956  -25.4356672008           83 
/work/00115/gebhardt/maverick/vdrp/shifts/20170701v008/xy_exp02.dat  215.098889  52.877793           83    -14.197325315   -4.1686378621           83   215.09907  52.877511           83   -14.9941990572  -4.91044334582           83 
/work/00115/gebhardt/maverick/vdrp/shifts/20170701v008/xy_exp03.dat  215.093075  52.873415           83   -9.9028584088  -25.2083371334           83  215.092659  52.873051           83   -9.66129149856  -26.7818286318           83 
/work/00115/gebhardt/maverick/vdrp/shifts/20170701v008/xy_exp03.dat  215.099089  52.877483           83  -15.2696059606  -6.32929909304           83   215.09907  52.877511           83   -15.1884733929  -6.25661968782           83 
/work/00115/gebhardt/maverick/vdrp/shifts/20170701v008/xy_exp03.dat  215.095559   52.87912           83  -5.79726032164  -4.37366647529           83  215.095273  52.878869           83   -5.63247390528  -5.45784138791           83 
/work/00115/gebhardt/maverick/vdrp/shifts/20170701v009/xy_exp01.dat  215.371965  53.221113           83   18.9255909382      21.3044783744           83  215.371901  53.221312           83   19.3660720792   21.8860599913           83 
/work/00115/gebhardt/maverick/vdrp/shifts/20170701v009/xy_exp02.dat  215.371376  53.220998           83   18.2254377713    21.1077730686           83  215.371901  53.221312           83   17.7102647879   22.6220116659           83 
/work/00115/gebhardt/maverick/vdrp/shifts/20170701v009/xy_exp03.dat  215.371277   53.22094           83   18.2971605877     19.7960825239           83  215.371901  53.221312           83   17.6829053494    21.5919497893           83 
/work/00115/gebhardt/maverick/vdrp/shifts/20170720v002/xy_exp01.dat  215.038261  53.019915           83  -0.204843223777  -6.63947893538           83  215.038269  53.019953           83  -0.160516497017    -6.50890488387           83 
/work/00115/gebhardt/maverick/vdrp/shifts/20170720v002/xy_exp01.dat  215.039127  53.022661           83    2.43795748675   3.06916689192           83  215.038976  53.022371           83     2.2747628189     1.98739919216           83 
/work/00115/gebhardt/maverick/vdrp/shifts/20170720v002/xy_exp02.dat  215.038177  53.019877           83  -1.38985305855  -6.17443028683           83  215.038269  53.019953           83  -1.44916049202  -5.84121534054           83 
/work/00115/gebhardt/maverick/vdrp/shifts/20170720v002/xy_exp03.dat  215.039382  53.022719           83   0.629142157524   2.94110227551           83  215.038976  53.022371           83   0.870928063899   1.42982275767           83 
/work/00115/gebhardt/maverick/vdrp/shifts/20170720v002/xy_exp03.dat  215.038029  53.020061           83  -0.926905773926  -6.94450056182           83  215.038269  53.019953           83   -1.56440682132  -7.06646525924           83 
/work/00115/gebhardt/maverick/vdrp/shifts/20170720v003/xy_exp01.dat  215.093548  52.542632           83  -7.39786692475  -20.0294273342           83  215.093403  52.542771           83  -6.89849200264   -19.710350848           83 
/work/00115/gebhardt/maverick/vdrp/shifts/20170720v003/xy_exp01.dat   215.09981  52.547306           83  -12.6991557014   1.01749006926           83  215.099976  52.547137           83   -13.285887961  0.620047357082           83 
/work/00115/gebhardt/maverick/vdrp/shifts/20170720v003/xy_exp02.dat  215.100127   52.54752           83  -14.4331271531   2.87638255352           83  215.099976  52.547137           83   -14.717143317   1.48724403943           83 
/work/00115/gebhardt/maverick/vdrp/shifts/20170720v003/xy_exp03.dat   215.09989  52.547083           83  -14.5182848466  -0.29034947451           83  215.099976  52.547137           83  -14.6065940624  -0.0345393237544           83 
/work/00115/gebhardt/maverick/vdrp/shifts/20180222v020/xy_exp01.dat  189.286915  62.297029           83   -8.69367308565   -9.87868528732           83    189.2869  62.296975           83   -8.83791358384   -10.0114120083           83 
/work/00115/gebhardt/maverick/vdrp/shifts/20180222v020/xy_exp01.dat  189.292701  62.303336           83    4.25699611028    11.1345930144           83  189.292342  62.303701           83    5.67672179507    11.4025703943           83 
/work/00115/gebhardt/maverick/vdrp/shifts/20180222v020/xy_exp01.dat  189.289612  62.308381           83    22.0708587743    17.3984868624           83  189.289461  62.308369           83    22.1814132887    17.1672729311           83 
/work/00115/gebhardt/maverick/vdrp/shifts/20180222v020/xy_exp02.dat  189.286848  62.297072           83   -9.7744303284    -9.0796712453           83    189.2869  62.296975           83   -10.1098050739  -9.21020287832           83 
/work/00115/gebhardt/maverick/vdrp/shifts/20180222v020/xy_exp02.dat   189.28928   62.30843           83   21.2639860275    17.8475929092           83  189.289461  62.308369           83    20.9098700941   17.9680843702           83 
/work/00115/gebhardt/maverick/vdrp/shifts/20180222v020/xy_exp03.dat  189.292995  62.303268           83    2.59054347754     10.885112847           83  189.292342  62.303701           83    4.49412886833    10.8926870882           83 
/work/00115/gebhardt/maverick/vdrp/shifts/20180222v020/xy_exp03.dat  189.289513  62.308424           83    21.1102927038    16.8426841573           83  189.289461  62.308369           83    20.9988343919    16.6573486609           83 
/work/00115/gebhardt/maverick/vdrp/shifts/20180222v020/xy_exp03.dat   189.28677  62.296916           83   -10.0683867614   -10.8215298552           83    189.2869  62.296975           83   -10.0205592199   -10.5212591335           83 
