/work/00115/gebhardt/maverick/vdrp/shifts/20170202v002/xy_exp01.dat  150.116872  2.441315           84   1.04665379594   12.9965264045           84  150.116899   2.44134           84   1.02237552464   12.8663675703           84 
/work/00115/gebhardt/maverick/vdrp/shifts/20170202v002/xy_exp01.dat  150.127544  2.440271           84   24.7115551731  -17.4576865676           84  150.127505  2.440332           84   24.4509814324  -17.4562678521           84 
/work/00115/gebhardt/maverick/vdrp/shifts/20170202v002/xy_exp02.dat  150.116743   2.44147           84  -0.796762051641   13.6577256075           84  150.116899   2.44134           84  -0.101525509769   13.4330184079           84 
/work/00115/gebhardt/maverick/vdrp/shifts/20170202v002/xy_exp03.dat  150.116868   2.44151           84  -1.44493719765   12.1216037781           84  150.116899   2.44134           84  -0.867884318134   12.3539543068           84 
/work/00115/gebhardt/maverick/vdrp/shifts/20170202v003/xy_exp01.dat  150.115583     2.245           84  -12.7724440015     6.50105530886           84  150.115611   2.24504           84   -12.8415146677    6.33946822507           84 
/work/00115/gebhardt/maverick/vdrp/shifts/20170202v003/xy_exp01.dat  150.115583     2.245           84  -12.7724440015     6.50105530886           84  150.115611   2.24504           84   -12.8415146677    6.33946822507           84 
/work/00115/gebhardt/maverick/vdrp/shifts/20170202v003/xy_exp02.dat  150.115731  2.245031           84  -13.7211239113   6.72433919661           84  150.115611   2.24504           84   -13.976645033   7.07376269806           84 
/work/00115/gebhardt/maverick/vdrp/shifts/20170202v003/xy_exp02.dat  150.115731  2.245031           84  -13.7211239113   6.72433919661           84  150.115611   2.24504           84   -13.976645033   7.07376269806           84 
/work/00115/gebhardt/maverick/vdrp/shifts/20170202v003/xy_exp03.dat   150.11556   2.24499           84   -15.243442971      6.24767931921           84  150.115611   2.24504           84   -15.299379965    5.99682379771           84 
/work/00115/gebhardt/maverick/vdrp/shifts/20170202v003/xy_exp03.dat   150.11556   2.24499           84   -15.243442971      6.24767931921           84  150.115611   2.24504           84   -15.299379965    5.99682379771           84 
/work/00115/gebhardt/maverick/vdrp/shifts/20170202v008/xy_exp01.dat  189.195864  62.210291           84   -4.72729950065  -2.55421401013           84  189.195972  62.210238           84  -4.98791701193  -2.51758218086           84 
/work/00115/gebhardt/maverick/vdrp/shifts/20170202v008/xy_exp01.dat  189.209105  62.210964           84   -15.6690670481    16.940458892           84    189.2092  62.211086           84  -15.4042326263   17.3254044308           84 
/work/00115/gebhardt/maverick/vdrp/shifts/20170202v008/xy_exp02.dat  189.195843  62.210333           84   -5.21779166992  -1.85497992583           84  189.195972  62.210238           84   -5.62193883959  -1.87753189333           84 
/work/00115/gebhardt/maverick/vdrp/shifts/20170202v008/xy_exp02.dat  189.209203  62.210995           84   -16.3076571272   17.7793087714           84    189.2092  62.211086           84   -16.0380921627   17.9655401014           84 
/work/00115/gebhardt/maverick/vdrp/shifts/20170202v008/xy_exp02.dat  189.207306  62.215741           84  -0.551847688104   25.1147329696           84  189.206796  62.216008           84   0.727719487584    24.976633838           84 
/work/00115/gebhardt/maverick/vdrp/shifts/20170221v010/xy_exp01.dat  150.116904  2.441501           84  -0.271110375981   11.2092016029           84  150.116899   2.44134           84  0.209323867481   11.5339220183           84 
/work/00115/gebhardt/maverick/vdrp/shifts/20170221v010/xy_exp02.dat  150.116877  2.441514           84   -1.0398279623   11.7319051045           84  150.116899   2.44134           84  -0.467966323165   11.9995118599           84 
/work/00115/gebhardt/maverick/vdrp/shifts/20170221v010/xy_exp03.dat  150.116775  2.441447           84  -2.00142197154    10.5375613741           84  150.116899   2.44134           84  -1.43757663024    10.3661862828           84 
/work/00115/gebhardt/maverick/vdrp/shifts/20170221v013/xy_exp02.dat  189.093738  62.262403           84   -10.3266476968  -20.8153004503           84  189.093776  62.262368           84   -10.3865341324  -20.6874587016           84 
/work/00115/gebhardt/maverick/vdrp/shifts/20170221v013/xy_exp03.dat   189.09361  62.262296           84   -11.5405966597  -22.4982340968           84  189.093776  62.262368           84  -11.1650120289  -22.4392303855           84 
/work/00115/gebhardt/maverick/vdrp/shifts/20170221v014/xy_exp01.dat   189.10413  62.288951           84    24.922797386  -17.7089869973           84  189.103661  62.289174           84   25.0749794591  -18.8215302027           84 
/work/00115/gebhardt/maverick/vdrp/shifts/20170221v014/xy_exp02.dat  189.103964  62.289146           84   24.6279302042  -17.7070949471           84  189.103661  62.289174           84   24.3962982056  -18.1694721942           84 
/work/00115/gebhardt/maverick/vdrp/shifts/20170221v014/xy_exp03.dat  189.103383  62.289203           84   23.2547292399   -20.1608248084           84  189.103661  62.289174           84   23.4578303329    -19.7292816394           84 
/work/00115/gebhardt/maverick/vdrp/shifts/20170221v015/xy_exp01.dat  150.118518  2.415629           84  -6.49071133387   14.8837550513           84  150.118504  2.415576           84  -6.30556840402   14.8154729053           84 
/work/00115/gebhardt/maverick/vdrp/shifts/20170221v015/xy_exp02.dat  150.118502  2.415619           84  -7.32435688969   15.4505929293           84  150.118504  2.415576           84  -7.20172532802   15.3558493905           84 
/work/00115/gebhardt/maverick/vdrp/shifts/20170221v015/xy_exp03.dat   150.11855  2.415661           84  -8.37913227197   13.5193210513           84  150.118504  2.415576           84  -8.03359158332   13.4791653661           84 
/work/00115/gebhardt/maverick/vdrp/shifts/20170221v015/xy_exp03.dat  150.111199  2.409471           84   25.0447265831   22.3796849179           84  150.111511  2.409608           84   23.9967342432    21.743830414           84 
/work/00115/gebhardt/maverick/vdrp/shifts/20170222v007/xy_exp01.dat  150.115599  2.245051           84    -10.6390516267    5.86361000958           84  150.115611   2.24504           84   -10.5826315702      5.84785187315           84 
/work/00115/gebhardt/maverick/vdrp/shifts/20170222v007/xy_exp01.dat  150.115599  2.245051           84    -10.6390516267    5.86361000958           84  150.115611   2.24504           84   -10.5826315702      5.84785187315           84 
/work/00115/gebhardt/maverick/vdrp/shifts/20170222v007/xy_exp02.dat  150.115623  2.245132           84    -11.86945749   6.26787279386           84  150.115611   2.24504           84  -11.6109507062   6.47937062262           84 
/work/00115/gebhardt/maverick/vdrp/shifts/20170222v007/xy_exp02.dat  150.115623  2.245132           84    -11.86945749   6.26787279386           84  150.115611   2.24504           84  -11.6109507062   6.47937062262           84 
/work/00115/gebhardt/maverick/vdrp/shifts/20170222v007/xy_exp03.dat  150.123913  2.239008           84   22.0121914707   -9.14067538762           84  150.123863   2.23919           84   21.3607710099  -9.33378120127           84 
/work/00115/gebhardt/maverick/vdrp/shifts/20170222v007/xy_exp03.dat  150.123913  2.239008           84   22.0121914707   -9.14067538762           84  150.123863   2.23919           84   21.3607710099  -9.33378120127           84 
/work/00115/gebhardt/maverick/vdrp/shifts/20170222v007/xy_exp03.dat  150.115689  2.245024           84  -11.9987269257    4.55270304786           84  150.115611   2.24504           84  -12.1957636718   4.76060230505           84 
/work/00115/gebhardt/maverick/vdrp/shifts/20170222v007/xy_exp03.dat  150.115689  2.245024           84  -11.9987269257    4.55270304786           84  150.115611   2.24504           84  -12.1957636718   4.76060230505           84 
/work/00115/gebhardt/maverick/vdrp/shifts/20170222v008/xy_exp01.dat  150.121723  2.348067           84    -8.2938011612   -19.3314160449           84   150.12178  2.348097           84   -8.27727282238  -19.5625595265           84 
/work/00115/gebhardt/maverick/vdrp/shifts/20170222v008/xy_exp03.dat  150.121897  2.348669           84   -11.8903281719  -22.2194692915           84   150.12178  2.348097           84   -10.3637205014  -20.7748605641           84 
/work/00115/gebhardt/maverick/vdrp/shifts/20170222v010/xy_exp03.dat  189.142609  62.242347           84  -11.9932664237  -13.2766496092           84  189.142027  62.242534           84  -12.0642729151  -14.4600117972           84 
/work/00115/gebhardt/maverick/vdrp/shifts/20170224v005/xy_exp02.dat  189.182031    62.2324           84   4.28807065757   11.1754866535           84  189.182089  62.232402           84   4.35415925383   11.2472291977           84 
/work/00115/gebhardt/maverick/vdrp/shifts/20170224v005/xy_exp03.dat  189.182151  62.232463           84   3.86686260912    9.58418108988           84  189.182089  62.232402           84   3.63018924703   9.63916297254           84 
/work/00115/gebhardt/maverick/vdrp/shifts/20170225v007/xy_exp01.dat  150.217258  2.240911           84  0.533858185574   13.9217384989           84  150.216992  2.241387           84   -1.4270257731   13.8383036356           84 
/work/00115/gebhardt/maverick/vdrp/shifts/20170225v007/xy_exp02.dat  150.224586  2.236992           84   25.0254358831   -0.393779931393           84  150.224839   2.23692           84   25.7232536162   -1.0329430875           84 
/work/00115/gebhardt/maverick/vdrp/shifts/20170225v007/xy_exp02.dat  150.227492  2.242779           84   12.7639271214    -20.2169242997           84  150.227483  2.242659           84   13.1148434472  -19.9628961761           84 
/work/00115/gebhardt/maverick/vdrp/shifts/20170225v007/xy_exp02.dat  150.224373  2.241793           84   9.90522582296    -8.80150498724           84   150.22432  2.241829           84   9.69491717684   -8.7070833326           84 
/work/00115/gebhardt/maverick/vdrp/shifts/20170225v007/xy_exp03.dat  150.224417  2.241776           84    9.21218836182  -11.0613275057           84   150.22432  2.241829           84   8.86679129687   -10.864198601           84 
/work/00115/gebhardt/maverick/vdrp/shifts/20170225v007/xy_exp03.dat   150.21762  2.240924           84  -0.993017046992   11.3683181559           84  150.216992  2.241387           84  -3.59667825711   12.4183584183           84 
/work/00115/gebhardt/maverick/vdrp/shifts/20170225v014/xy_exp01.dat  189.105842  62.255466           84    23.2538839072   19.5767107838           84  189.105991    62.2555           84    23.2088622473   19.8511379212           84 
/work/00115/gebhardt/maverick/vdrp/shifts/20170225v014/xy_exp01.dat  189.105842  62.255466           84    23.2538839072   19.5767107838           84  189.105991    62.2555           84    23.2088622473   19.8511379212           84 
/work/00115/gebhardt/maverick/vdrp/shifts/20170225v014/xy_exp02.dat  189.102988  62.252985           84   17.9604971734   10.9268430165           84  189.102986  62.252954           84     17.87150778   10.8594136548           84 
/work/00115/gebhardt/maverick/vdrp/shifts/20170225v014/xy_exp03.dat  189.103126  62.252772           84   16.3401033719    9.21140873736           84  189.102986  62.252954           84   17.0099976929    9.40005941173           84 
/work/00115/gebhardt/maverick/vdrp/shifts/20170225v015/xy_exp01.dat  189.082141  62.231473           84  -13.9494883327   -13.7594288024           84  189.081997  62.231451           84  -13.8736842778   -14.0020393907           84 
/work/00115/gebhardt/maverick/vdrp/shifts/20170225v015/xy_exp02.dat  189.082111  62.231662           84    -14.2045767478   -12.7882505907           84  189.081997  62.231451           84  -14.7118802418  -13.3850722909           84 
/work/00115/gebhardt/maverick/vdrp/shifts/20170225v015/xy_exp03.dat  189.095692  62.241876           84   1.67481357144   25.4802240344           84  189.095713  62.241985           84   1.97385021067   25.7367294841           84 
/work/00115/gebhardt/maverick/vdrp/shifts/20170225v015/xy_exp03.dat  189.081784  62.231393           84  -15.5045621703  -15.4228187351           84  189.081997  62.231451           84  -15.5420824277  -15.0107265323           84 
/work/00115/gebhardt/maverick/vdrp/shifts/20170301v013/xy_exp02.dat  189.082198  62.231232           84  -16.5994476236    -13.4421731936           84  189.081997  62.231451           84  -15.7615957813    -13.2598693265           84 
/work/00115/gebhardt/maverick/vdrp/shifts/20170303v012/xy_exp01.dat  189.201194  62.240721           84  -3.90336202014   17.5176525633           84  189.201251  62.240724           84  -3.83564578108   17.5859568263           84 
/work/00115/gebhardt/maverick/vdrp/shifts/20170303v012/xy_exp02.dat  189.200908  62.240808           84  -4.58667286344   17.6573459676           84  189.201251  62.240724           84  -4.46748672748   18.2960958112           84 
/work/00115/gebhardt/maverick/vdrp/shifts/20170303v012/xy_exp03.dat  189.201256  62.240793           84   -5.4174924012   16.3441601563           84  189.201251  62.240724           84  -5.61761637131   16.4915486552           84 
/work/00115/gebhardt/maverick/vdrp/shifts/20170303v014/xy_exp01.dat  214.791847  52.819882           84    -2.5080576634   2.14543800471           84  214.791968  52.819997           84   -2.10474793653   1.86609167828           84 
/work/00115/gebhardt/maverick/vdrp/shifts/20170303v014/xy_exp01.dat  214.793888  52.815604           84   -4.39396142126   18.0623224445           84  214.793811  52.815588           84   -4.57071823871   18.0503749292           84 
/work/00115/gebhardt/maverick/vdrp/shifts/20170303v014/xy_exp02.dat  214.791908  52.820052           84  -2.74494391934   2.31909937865           84  214.791968  52.819997           84   -2.7015088811   2.55224419758           84 
/work/00115/gebhardt/maverick/vdrp/shifts/20170303v014/xy_exp02.dat   214.79354  52.815598           84  -5.69693606338   18.4744675573           84  214.793811  52.815588           84  -5.16750845849   18.7365231216           84 
/work/00115/gebhardt/maverick/vdrp/shifts/20170303v014/xy_exp03.dat  214.791858  52.820049           84  -3.75471059315    0.4601238702           84  214.791968  52.819997           84  -3.60683844209   0.72554370932           84 
/work/00115/gebhardt/maverick/vdrp/shifts/20170303v014/xy_exp03.dat  214.793787  52.815486           84  -6.26366025924   17.2279344857           84  214.793811  52.815588           84  -6.07299793296   16.9097979032           84 
/work/00115/gebhardt/maverick/vdrp/shifts/20170305v009/xy_exp01.dat  215.024694  52.981238           84   21.3939145922   13.6880505986           84  215.024739  52.981216           84    21.452357121   13.7992734294           84 
/work/00115/gebhardt/maverick/vdrp/shifts/20170306v018/xy_exp03.dat   189.12845  62.242652           84   10.1571763481    10.828114679           84  189.128424  62.242639           84   10.1443329064   10.7654602661           84 
/work/00115/gebhardt/maverick/vdrp/shifts/20170306v020/xy_exp03.dat  189.105723  62.234736           84   23.5177068375    11.2285264546           84  189.105776   62.23469           84   23.3312599486     11.204832431           84 
/work/00115/gebhardt/maverick/vdrp/shifts/20170306v021/xy_exp01.dat  189.156775  62.211317           84   3.67716252965   8.09468968224           84  189.156704  62.211335           84    3.7992640303    8.0356110091           84 
/work/00115/gebhardt/maverick/vdrp/shifts/20170306v021/xy_exp02.dat  189.156718  62.211275           84   3.00425111881   8.46475884468           84  189.156704  62.211335           84   3.19347961381   8.57153337579           84 
/work/00115/gebhardt/maverick/vdrp/shifts/20170306v021/xy_exp03.dat  189.156772  62.211315           84    2.1936145226   7.06235818582           84  189.156704  62.211335           84    2.3186330577   7.01156700532           84 
/work/00115/gebhardt/maverick/vdrp/shifts/20170321v007/xy_exp01.dat  165.870081  18.037582           84   16.1714430873  -17.7606230659           84  165.870155  18.037737           84   16.1169270176   -18.370998026           84 
/work/00115/gebhardt/maverick/vdrp/shifts/20170321v012/xy_exp01.dat  150.116415  2.216274           84  -2.93007593701    24.8753385177           84  150.116328  2.216196           84  -2.52162926611   24.9751777759           84 
/work/00115/gebhardt/maverick/vdrp/shifts/20170321v012/xy_exp01.dat  150.116415  2.216274           84  -2.93007593701    24.8753385177           84  150.116328  2.216196           84  -2.52162926611   24.9751777759           84 
/work/00115/gebhardt/maverick/vdrp/shifts/20170321v012/xy_exp02.dat  150.116545  2.206921           84   23.5736407491    6.53380262773           84  150.115853  2.206643           84   25.8049089276     8.02374819022           84 
/work/00115/gebhardt/maverick/vdrp/shifts/20170321v012/xy_exp03.dat  150.116465  2.216425           84    -5.14983702272   24.8244586779           84  150.116328  2.216196           84    -4.1911433605   24.7659268344           84 
/work/00115/gebhardt/maverick/vdrp/shifts/20170321v012/xy_exp03.dat  150.116465  2.216425           84    -5.14983702272   24.8244586779           84  150.116328  2.216196           84    -4.1911433605   24.7659268344           84 
/work/00115/gebhardt/maverick/vdrp/shifts/20170322v010/xy_exp01.dat   150.11649  2.410583           84   14.3199726878    13.1330871124           84  150.116611  2.410458           84     14.43743972    12.5181770112           84 
/work/00115/gebhardt/maverick/vdrp/shifts/20170322v010/xy_exp01.dat  150.118354  2.415415           84  -3.76370357757      17.66341674           84  150.118504  2.415576           84  -4.54820982852    17.5558559388           84 
/work/00115/gebhardt/maverick/vdrp/shifts/20170322v010/xy_exp02.dat  150.118559  2.415685           84  -6.60620928557   18.1908693259           84  150.118504  2.415576           84  -6.17146394828   18.1267682948           84 
/work/00115/gebhardt/maverick/vdrp/shifts/20170322v010/xy_exp03.dat  150.118371  2.415735           84  -6.29399132695    17.2584743673           84  150.118504  2.415576           84  -6.10127841526   16.5378167347           84 
/work/00115/gebhardt/maverick/vdrp/shifts/20170322v011/xy_exp01.dat  215.002723  52.965859           84   -2.68740165827   20.3002102592           84  215.003096   52.96591           84  -1.87178066776   20.4504046863           84 
/work/00115/gebhardt/maverick/vdrp/shifts/20170322v011/xy_exp02.dat  215.003015  52.965452           84  -4.29149776958   22.3423427672           84  215.003096   52.96591           84   -3.47991921528    20.8964053487           84 
/work/00115/gebhardt/maverick/vdrp/shifts/20170322v011/xy_exp03.dat  215.001282  52.963935           84   -9.60245756106    24.2040488758           84  215.001066  52.963805           84   -10.2174241032     24.449415481           84 
/work/00115/gebhardt/maverick/vdrp/shifts/20170322v011/xy_exp03.dat  215.007759  52.972967           84    16.1239834261  -0.139205082678           84  215.007874  52.973134           84    16.5901341466  -0.593407356275           84 
/work/00115/gebhardt/maverick/vdrp/shifts/20170322v011/xy_exp03.dat  215.003206  52.965541           84   -3.48875116903    20.5361287157           84  215.003096   52.96591           84   -3.18409436771    19.2213196981           84 
/work/00115/gebhardt/maverick/vdrp/shifts/20170322v014/xy_exp01.dat  189.117401  62.242662           84   23.0222629469  -2.30075963861           84  189.117601  62.242477           84   22.2852126059  -2.41370535726           84 
/work/00115/gebhardt/maverick/vdrp/shifts/20170322v014/xy_exp02.dat  189.117808  62.242503           84   20.9926180762   -0.932584271439           84  189.117601  62.242477           84    21.1175809056   -1.26962712184           84 
/work/00115/gebhardt/maverick/vdrp/shifts/20170322v014/xy_exp03.dat  189.117861  62.242357           84   20.2173824386  -2.48825028473           84  189.117601  62.242477           84    20.822107988  -2.59295009152           84 
/work/00115/gebhardt/maverick/vdrp/shifts/20170322v015/xy_exp01.dat  189.105791  62.234738           84   23.5014153201    11.1865061393           84  189.105776   62.23469           84    23.374974213   11.0660677768           84 
/work/00115/gebhardt/maverick/vdrp/shifts/20170322v015/xy_exp01.dat  189.096058  62.229704           84   18.1559721997   -12.6111586627           84  189.095892  62.229591           84   17.9851314773  -13.0735748223           84 
/work/00115/gebhardt/maverick/vdrp/shifts/20170322v015/xy_exp02.dat  189.096204  62.229832           84   17.5860952281  -10.7614663873           84  189.095892  62.229591           84   17.1809438848   -11.6901534012           84 
/work/00115/gebhardt/maverick/vdrp/shifts/20170322v015/xy_exp02.dat  189.106176  62.234707           84   22.2332097725   13.0321246658           84  189.105776   62.23469           84   22.5711406805    12.4494104951           84 
/work/00115/gebhardt/maverick/vdrp/shifts/20170322v015/xy_exp03.dat  189.095976  62.229604           84    16.7417641015  -13.0439251631           84  189.095892  62.229591           84     16.785068387  -13.1859358342           84 
/work/00115/gebhardt/maverick/vdrp/shifts/20170322v015/xy_exp03.dat  189.113611  62.228484           84    -3.6517234891   8.75913563339           84  189.113195  62.228403           84   -3.48625636513   8.02117778185           84 
/work/00115/gebhardt/maverick/vdrp/shifts/20170322v015/xy_exp03.dat  189.105646  62.234942           84    23.0412837185   11.3003412968           84  189.105776   62.23469           84    22.1750452318   10.9536766972           84 
/work/00115/gebhardt/maverick/vdrp/shifts/20170322v016/xy_exp01.dat  189.156679  62.211367           84   4.93361714339   7.34300853816           84  189.156704  62.211335           84     4.815546436   7.30997919426           84 
/work/00115/gebhardt/maverick/vdrp/shifts/20170322v016/xy_exp02.dat  189.156702  62.211506           84   3.75594198377   8.29971111567           84  189.156704  62.211335           84   3.25369590716   7.94372732867           84 
/work/00115/gebhardt/maverick/vdrp/shifts/20170322v016/xy_exp03.dat  189.156709  62.211347           84   3.72530354223     6.68053948961           84  189.156704  62.211335           84   3.69508577052   6.64854645733           84 
/work/00115/gebhardt/maverick/vdrp/shifts/20170322v018/xy_exp01.dat  215.029609  52.936374           84  1.04702307743  -17.7019227723           84  215.029643  52.936359           84  0.957089701379  -17.7183579103           84 
/work/00115/gebhardt/maverick/vdrp/shifts/20170322v018/xy_exp02.dat   215.03925  52.944161           84  -6.37540841218   17.6851720396           84  215.039207  52.944326           84  -6.03241707857    18.179029782           84 
/work/00115/gebhardt/maverick/vdrp/shifts/20170322v018/xy_exp03.dat  215.029897  52.936483           84  -0.936408007568  -18.0251123781           84  215.029643  52.936359           84  -0.635060181134  -18.6671290495           84 
/work/00115/gebhardt/maverick/vdrp/shifts/20170322v019/xy_exp03.dat  215.017501  52.924494           84  -6.51114525471   -19.8227043172           84  215.017883  52.924455           84  -7.31855863742  -19.5878805368           84 
/work/00115/gebhardt/maverick/vdrp/shifts/20170326v006/xy_exp01.dat  150.116264  2.216276           84  -2.72684015028    25.155396947           84  150.116328  2.216196           84  -2.61933665812    24.802704131           84 
/work/00115/gebhardt/maverick/vdrp/shifts/20170326v006/xy_exp01.dat  150.116264  2.216276           84  -2.72684015028    25.155396947           84  150.116328  2.216196           84  -2.61933665812    24.802704131           84 
/work/00115/gebhardt/maverick/vdrp/shifts/20170327v011/xy_exp01.dat  214.633754  52.791643           84   24.8582086877   13.1979891787           84  214.633903  52.791568           84    24.449295486   13.0935573955           84 
/work/00115/gebhardt/maverick/vdrp/shifts/20170327v011/xy_exp02.dat  214.633857   52.79163           84    23.1599625576   14.1536069432           84  214.633903  52.791568           84   22.9736311721   13.9950911927           84 
/work/00115/gebhardt/maverick/vdrp/shifts/20170327v011/xy_exp03.dat  214.633724  52.791709           84   23.9770362229   12.7641142009           84  214.633903  52.791568           84   23.4070576309   12.4731973751           84 
/work/00115/gebhardt/maverick/vdrp/shifts/20170327v012/xy_exp01.dat  214.920002  52.952111           84   16.8547917371  -13.5118166897           84  214.919784  52.952029           84   17.1519405878  -13.9834236283           84 
/work/00115/gebhardt/maverick/vdrp/shifts/20170327v012/xy_exp02.dat   214.91988   52.95219           84   16.1658531059   -13.302610776           84  214.919784  52.952029           84   16.1009644863  -13.9150496555           84 
/work/00115/gebhardt/maverick/vdrp/shifts/20170327v012/xy_exp02.dat  214.939138  52.954184           84  -18.3077430695   11.3489169608           84   214.93853  52.954272           84  -16.9827759402   11.0596731952           84 
/work/00115/gebhardt/maverick/vdrp/shifts/20170327v012/xy_exp03.dat  214.919929  52.951965           84   15.7868275882  -14.9388018151           84  214.919784  52.952029           84   16.1702626183  -14.8683028347           84 
/work/00115/gebhardt/maverick/vdrp/shifts/20170328v011/xy_exp01.dat  214.802888  52.852936           84  -0.627900925331  -0.262706822568           84  214.802899  52.853005           84  -0.50926727357  -0.482253166798           84 
/work/00115/gebhardt/maverick/vdrp/shifts/20170328v011/xy_exp01.dat  214.808875  52.849589           84    6.67790920043    15.8995113562           84  214.808948  52.849541           84   6.75693962716    16.1204237671           84 
/work/00115/gebhardt/maverick/vdrp/shifts/20170328v011/xy_exp02.dat  214.802955  52.853001           84   -1.68878615427  0.0514410409952           84  214.802899  52.853005           84   -1.79534095912  -0.00917041053884           84 
/work/00115/gebhardt/maverick/vdrp/shifts/20170328v011/xy_exp02.dat  214.808838  52.849458           84    5.13424695503    16.7758523384           84  214.808948  52.849541           84    5.47075961883      16.5935530712           84 
/work/00115/gebhardt/maverick/vdrp/shifts/20170328v018/xy_exp01.dat  214.654064  52.778574           84  0.562659125813   20.4839549459           84  214.654404    52.7785           84  -0.220266351825    20.562579084           84 
/work/00115/gebhardt/maverick/vdrp/shifts/20170328v018/xy_exp02.dat   214.65445  52.778681           84  -1.23499362238   22.2080076729           84  214.654404    52.7785           84  -1.42537183893   21.5768385577           84 
/work/00115/gebhardt/maverick/vdrp/shifts/20170328v018/xy_exp03.dat    214.6545  52.778428           84  -2.57613360039   20.0039870618           84  214.654404    52.7785           84   -2.2757950822   20.1478091607           84 
/work/00115/gebhardt/maverick/vdrp/shifts/20170328v019/xy_exp01.dat  214.761019  52.868426           84   -2.74037551431   -6.70355805847           84   214.76087  52.868408           84    -2.4766310806  -6.90225960135           84 
/work/00115/gebhardt/maverick/vdrp/shifts/20170328v019/xy_exp03.dat  214.760538  52.878576           84   13.0263630334   24.9816997755           84  214.760645  52.878447           84   12.6156249643   24.6638867259           84 
/work/00115/gebhardt/maverick/vdrp/shifts/20170331v006/xy_exp01.dat   150.12024  2.309457           84   8.76012623027  -3.64053748463           84  150.120182  2.309357           84     9.17487805897   -3.67382166104           84 
/work/00115/gebhardt/maverick/vdrp/shifts/20170331v006/xy_exp01.dat   150.12178  2.316049           84  -13.9067182989   5.30769363751           84  150.121773  2.316073           84    -13.9634396551     5.3775625806           84 
/work/00115/gebhardt/maverick/vdrp/shifts/20170331v006/xy_exp02.dat  150.117742  2.318289           84   -13.721018852   22.4051014516           84  150.117644  2.318174           84  -13.1799906583   22.4594083112           84 
/work/00115/gebhardt/maverick/vdrp/shifts/20170331v006/xy_exp02.dat  150.120025   2.30954           84   7.50648098391  -2.26993579831           84  150.120182  2.309357           84   7.72688156018  -3.10920653697           84 
/work/00115/gebhardt/maverick/vdrp/shifts/20170331v006/xy_exp02.dat   150.12175  2.316161           84   -15.624871935   6.19047781304           84  150.121773  2.316073           84  -15.4114355224   5.94217955761           84 
/work/00115/gebhardt/maverick/vdrp/shifts/20170331v006/xy_exp03.dat  150.120117  2.309288           84   8.33823201608  -4.56025424756           84  150.120182  2.309357           84   8.00092414137   -4.6111782309           84 
/work/00115/gebhardt/maverick/vdrp/shifts/20170331v006/xy_exp03.dat  150.121712  2.316073           84  -15.0125363664   4.62064777211           84  150.121773  2.316073           84  -15.1373908764   4.44021249611           84 
/work/00115/gebhardt/maverick/vdrp/shifts/20170331v007/xy_exp01.dat  214.829919  52.858677           84   -9.03390897575  -20.9968559918           84  214.829842  52.858594           84   -9.30444817741  -20.7868500726           84 
/work/00115/gebhardt/maverick/vdrp/shifts/20170331v007/xy_exp02.dat   214.83002  52.858565           84  -10.2830366248  -19.9929273276           84  214.829842  52.858594           84   -10.5987152206  -20.2397921209           84 
/work/00115/gebhardt/maverick/vdrp/shifts/20170331v007/xy_exp03.dat  214.829868  52.858701           84   -10.3231714561   -22.0268112299           84  214.829842  52.858594           84    -10.525269676  -21.6940508106           84 
/work/00115/gebhardt/maverick/vdrp/shifts/20170331v008/xy_exp01.dat  215.025749   52.99626           84  -0.662013046728  -12.7127067355           84  215.025331  52.996322           84  -1.40625451083   -13.275021059           84 
/work/00115/gebhardt/maverick/vdrp/shifts/20170331v008/xy_exp01.dat   215.02314  52.990467           84   -14.0825599503   4.22166741741           84  215.023311  52.990426           84  -13.8002618632   4.50346193223           84 
/work/00115/gebhardt/maverick/vdrp/shifts/20170331v008/xy_exp02.dat   215.02312  52.990499           84  -15.4510767913   4.60581966651           84  215.023311  52.990426           84  -15.1743938745   5.01057119732           84 
/work/00115/gebhardt/maverick/vdrp/shifts/20170331v008/xy_exp03.dat  215.023084  52.990498           84  -15.1257398625    3.10397702132           84  215.023311  52.990426           84  -14.7759502501    3.53619222727           84 
/work/00115/gebhardt/maverick/vdrp/shifts/20170418v003/xy_exp01.dat  189.550634  62.216891           84   21.1843339597  0.127493022904           84  189.550929  62.217127           84     22.158052684  -0.00940857233809           84 
/work/00115/gebhardt/maverick/vdrp/shifts/20170418v003/xy_exp03.dat  189.550475  62.217021           84   20.5486584595  -2.01747407861           84  189.550929  62.217127           84   21.3198520926  -1.65516517777           84 
/work/00115/gebhardt/maverick/vdrp/shifts/20170418v004/xy_exp02.dat    150.1164  1.912937           84    15.561537112   -3.08775562045           84  150.116917  1.912638           84    15.426904706  -5.23268708048           84 
/work/00115/gebhardt/maverick/vdrp/shifts/20170418v004/xy_exp03.dat  150.116625  1.912634           84   14.4431471332  -3.74796854588           84  150.116917  1.912638           84   13.8490278601  -4.61458456834           84 
/work/00115/gebhardt/maverick/vdrp/shifts/20170418v005/xy_exp01.dat  215.972674  53.241822           84  -13.2209237931  -1.72746105999           84  215.972765  53.241703           84  -13.2132021424  -1.25639551127           84 
/work/00115/gebhardt/maverick/vdrp/shifts/20170418v005/xy_exp02.dat  215.972682  53.241779           84  -12.5923652655  -2.58012407455           84  215.972765  53.241703           84  -12.5383297354  -2.25777046861           84 
/work/00115/gebhardt/maverick/vdrp/shifts/20170418v005/xy_exp03.dat  215.972717  53.241728           84  -13.8349441098  -2.88458354885           84  215.972765  53.241703           84   -13.776325463  -2.76065760096           84 
/work/00115/gebhardt/maverick/vdrp/shifts/20170418v006/xy_exp01.dat  214.315505  52.242924           84     9.6956927643    -1.53179897734           84  214.315425  52.243037           84     9.6811838929   -1.97494049207           84 
/work/00115/gebhardt/maverick/vdrp/shifts/20170418v006/xy_exp02.dat  214.315624  52.242946           84    9.87813887389  -3.01579493904           84  214.315425  52.243037           84    9.59056581942  -3.48167957031           84 
/work/00115/gebhardt/maverick/vdrp/shifts/20170418v006/xy_exp03.dat  214.315421  52.242923           84   7.68913060573  -2.47566706438           84  214.315425  52.243037           84   7.84815680578  -2.85410727933           84 
/work/00115/gebhardt/maverick/vdrp/shifts/20170418v013/xy_exp02.dat  189.287253  62.296613           84  24.4548459209  -12.8862721634           84    189.2869  62.296975           84  25.8604744334   -12.618749487           84 
/work/00115/gebhardt/maverick/vdrp/shifts/20170418v013/xy_exp02.dat   189.31089  62.298018           84  5.81501102239   22.3701183452           84  189.310564  62.298002           84  6.08193901783   21.8908273743           84 
/work/00115/gebhardt/maverick/vdrp/shifts/20170418v013/xy_exp03.dat  189.286478  62.296999           84   24.8938377346  -13.3469229977           84    189.2869  62.296975           84   24.4164742319  -12.8192948922           84 
/work/00115/gebhardt/maverick/vdrp/shifts/20170418v013/xy_exp03.dat  189.311038  62.297852           84   3.73998031592   22.0282685632           84  189.310564  62.298002           84    4.6381521147   21.6904041709           84 
/work/00115/gebhardt/maverick/vdrp/shifts/20170419v006/xy_exp01.dat  214.583198  52.640089           84  -1.50988931198  -12.4924243882           84  214.583298  52.639965           84  -1.47876657826    -11.9964124938           84 
/work/00115/gebhardt/maverick/vdrp/shifts/20170419v006/xy_exp01.dat  214.595043  52.639254           84   21.2505834835  0.179559233729           84  214.594945  52.639306           84   21.1243220068  -0.0752674949836           84 
/work/00115/gebhardt/maverick/vdrp/shifts/20170419v006/xy_exp01.dat  214.592627  52.636766           84   12.9491135745   6.43804863929           84  214.592647  52.636937           84   13.2248496979     5.88592263512           84 
/work/00115/gebhardt/maverick/vdrp/shifts/20170419v006/xy_exp02.dat  214.585142  52.633639           84  -6.23799898228      9.23942637252           84   214.58553  52.633868           84  -5.13943760022    8.80188252943           84 
/work/00115/gebhardt/maverick/vdrp/shifts/20170419v006/xy_exp02.dat  214.583368  52.639994           84  -1.06964978494      -13.381658124           84  214.583298  52.639965           84  -1.25087116711   -13.3436787378           84 
/work/00115/gebhardt/maverick/vdrp/shifts/20170419v006/xy_exp02.dat  214.592838  52.637038           84   13.9773020912      4.36224629961           84  214.592647  52.636937           84   13.4527102155    4.53868471463           84 
/work/00115/gebhardt/maverick/vdrp/shifts/20170419v006/xy_exp03.dat  214.583178  52.640042           84  -3.02279518172   -13.5199622285           84  214.583298  52.639965           84  -2.88659639526  -13.1635761884           84 
/work/00115/gebhardt/maverick/vdrp/shifts/20170419v006/xy_exp03.dat  214.594768   52.63903           84   18.9791959983   -0.47188854001           84  214.594945  52.639306           84   19.7163595304  -1.24218051807           84 
/work/00115/gebhardt/maverick/vdrp/shifts/20170419v006/xy_exp03.dat  214.592501  52.637005           84   11.6156848075    4.37076693947           84  214.592647  52.636937           84   11.8168210937   4.71892184796           84 
/work/00115/gebhardt/maverick/vdrp/shifts/20170420v016/xy_exp02.dat  214.030042  53.375995           84   15.2344134743     24.7125671297           84  214.030022  53.376132           84   15.4950310218    25.1334834059           84 
/work/00115/gebhardt/maverick/vdrp/shifts/20170421v016/xy_exp01.dat  214.025763   53.19516           84  -0.138825130244  -21.8369090551           84   214.02584  53.195304           84  -0.0572407661619  -21.2987066488           84 
/work/00115/gebhardt/maverick/vdrp/shifts/20170421v016/xy_exp01.dat   214.04064  53.205074           84   -13.0152505669   24.3935953475           84  214.040559  53.204973           84    -13.0204387764   23.9902556317           84 
/work/00115/gebhardt/maverick/vdrp/shifts/20170421v016/xy_exp02.dat  214.040835  53.204945           84  -13.1987362478    22.6399560733           84  214.040559  53.204973           84  -12.6208410801     22.4656934379           84 
/work/00115/gebhardt/maverick/vdrp/shifts/20170421v016/xy_exp02.dat   214.02561  53.195001           84  0.302346029298   -24.0207980243           84   214.02584  53.195304           84  0.342660433212    -22.8231811328           84 
/work/00115/gebhardt/maverick/vdrp/shifts/20170421v016/xy_exp03.dat   214.01811  53.201983           84   24.5758208904  -8.08292573914           84  214.018042  53.201938           84   24.6352188442  -8.29320558773           84 
/work/00115/gebhardt/maverick/vdrp/shifts/20170421v016/xy_exp03.dat   214.01811  53.201983           84   24.5758208904  -8.08292573914           84  214.018042  53.201938           84   24.6352188442  -8.29320558773           84 
/work/00115/gebhardt/maverick/vdrp/shifts/20170421v016/xy_exp03.dat  214.040639  53.204914           84  -14.2537761183   22.9585830839           84  214.040559  53.204973           84  -14.0048372225   23.0721578484           84 
/work/00115/gebhardt/maverick/vdrp/shifts/20170421v016/xy_exp03.dat  214.025841  53.195213           84  -1.18928378897  -22.5093653018           84   214.02584  53.195304           84  -1.04177838829   -22.216843793           84 
/work/00115/gebhardt/maverick/vdrp/shifts/20170421v017/xy_exp01.dat  214.025812  53.195193           84  0.0275392730335  -21.8148136752           84   214.02584  53.195304           84  0.150835829377  -21.4299432026           84 
/work/00115/gebhardt/maverick/vdrp/shifts/20170421v017/xy_exp01.dat  214.018144  53.201473           84    24.8814743798  -8.89725610699           84  214.018042  53.201938           84   25.8216034965  -7.49482226199           84 
/work/00115/gebhardt/maverick/vdrp/shifts/20170421v017/xy_exp01.dat  214.018144  53.201473           84    24.8814743798  -8.89725610699           84  214.018042  53.201938           84   25.8216034965  -7.49482226199           84 
/work/00115/gebhardt/maverick/vdrp/shifts/20170421v017/xy_exp01.dat  214.040734  53.205081           84   -12.9978722818   24.3691991895           84  214.040559  53.204973           84  -12.8324768537   23.8532566696           84 
/work/00115/gebhardt/maverick/vdrp/shifts/20170421v017/xy_exp02.dat  214.025761  53.195265           84  -0.675423234193   -20.6147704999           84   214.02584  53.195304           84  -0.765758687647   -20.4133220615           84 
/work/00115/gebhardt/maverick/vdrp/shifts/20170421v017/xy_exp02.dat  214.040864  53.204874           84   -14.4962194756    24.8427685414           84  214.040559  53.204973           84   -13.7486983268    24.8699853418           84 
/work/00115/gebhardt/maverick/vdrp/shifts/20170421v017/xy_exp03.dat   214.04087  53.205012           84  -14.9805930771   23.9899707493           84  214.040559  53.204973           84  -14.4421383919   23.5663329541           84 
/work/00115/gebhardt/maverick/vdrp/shifts/20170421v017/xy_exp03.dat  214.025679   53.19519           84  -1.33028098063  -22.2388741534           84   214.02584  53.195304           84  -1.45921145799  -21.7169773984           84 
/work/00115/gebhardt/maverick/vdrp/shifts/20170423v008/xy_exp01.dat  214.074868  52.387139           84   16.3644649048    25.0380325161           84  214.075023  52.387186           84   16.7435490253   25.0079444012           84 
/work/00115/gebhardt/maverick/vdrp/shifts/20170423v008/xy_exp03.dat  214.074986  52.387298           84   15.5551285154   24.3289109469           84  214.075023  52.387186           84   15.4802964396    24.7333609837           84 
/work/00115/gebhardt/maverick/vdrp/shifts/20170424v009/xy_exp03.dat  214.347721  52.397772           84    24.6133508211   -13.4905552159           84  214.347996  52.397861           84   25.2933468268  -13.5624385516           84 
/work/00115/gebhardt/maverick/vdrp/shifts/20170427v003/xy_exp01.dat  214.067619  52.898781           84    14.0899253496  -15.5060217196           84  214.067519  52.898828           84   13.9560478063  -15.7465721089           84 
/work/00115/gebhardt/maverick/vdrp/shifts/20170427v003/xy_exp02.dat  214.074791   52.88936           84   13.9343765865   22.2044108794           84  214.074832  52.889699           84  14.4926840066   21.1155563828           84 
/work/00115/gebhardt/maverick/vdrp/shifts/20170427v003/xy_exp02.dat  214.067502  52.898839           84   12.6797865435  -15.3922937849           84  214.067519  52.898828           84  12.6983151649  -15.3414238822           84 
/work/00115/gebhardt/maverick/vdrp/shifts/20170427v003/xy_exp03.dat  214.067698  52.898685           84   12.8261282216  -15.9793459763           84  214.067519  52.898828           84   12.6692270533  -16.6050489326           84 
/work/00115/gebhardt/maverick/vdrp/shifts/20170427v004/xy_exp03.dat  214.465917  52.679419           84   5.43380621085  -19.4651595879           84  214.465758  52.679341           84   5.00572647307  -19.3385595205           84 
/work/00115/gebhardt/maverick/vdrp/shifts/20170427v005/xy_exp01.dat  214.330719  52.560267           84  -17.0519132933  -14.9511110245           84  214.330792  52.560198           84  -16.9980976569  -14.6607130908           84 
/work/00115/gebhardt/maverick/vdrp/shifts/20170427v005/xy_exp01.dat  214.350598  52.555418           84   16.6119663842    17.674761147           84  214.350808  52.555476           84   17.1164412722   17.6554041661           84 
/work/00115/gebhardt/maverick/vdrp/shifts/20170427v005/xy_exp02.dat  214.330894  52.560225           84  -18.3255534288  -14.1808048859           84  214.330792  52.560198           84  -18.5689674574  -14.1753662977           84 
/work/00115/gebhardt/maverick/vdrp/shifts/20170427v005/xy_exp02.dat   214.35072  52.555445           84   15.3247923592   18.1714459809           84  214.350808  52.555476           84   15.5453115234   18.1410251741           84 
/work/00115/gebhardt/maverick/vdrp/shifts/20170427v005/xy_exp03.dat  214.330847  52.560206           84  -18.0144354746  -15.7299474774           84  214.330792  52.560198           84  -18.1367477571  -15.7488688592           84 
/work/00115/gebhardt/maverick/vdrp/shifts/20170427v005/xy_exp03.dat  214.350762  52.555379           84   15.7521603778    16.852704126           84  214.350808  52.555476           84   15.9774905466   16.5675646948           84 
/work/00115/gebhardt/maverick/vdrp/shifts/20170427v013/xy_exp01.dat  214.305358  53.197137           84  -2.58395823061   -13.8261343416           84  214.305411  53.197134           84  -2.69114165011  -13.7849862001           84 
/work/00115/gebhardt/maverick/vdrp/shifts/20170427v013/xy_exp01.dat  214.294345  53.198131           84   20.2815128846   -21.1794158489           84  214.294271   53.19814           84   20.4388696956  -21.2213274886           84 
/work/00115/gebhardt/maverick/vdrp/shifts/20170427v013/xy_exp02.dat  214.305428   53.19717           84  -3.98864737044  -13.3579342625           84  214.305411  53.197134           84  -4.01343337033   -13.4903201223           84 
/work/00115/gebhardt/maverick/vdrp/shifts/20170427v013/xy_exp02.dat  214.294391  53.198173           84   18.9375029478  -20.7054080809           84  214.294271   53.19814           84   19.1165145864   -20.9268585982           84 
/work/00115/gebhardt/maverick/vdrp/shifts/20170427v013/xy_exp03.dat  214.305413   53.19714           84  -3.82074525945  -14.8881782063           84  214.305411  53.197134           84  -3.82648590871  -14.9094434467           84 
/work/00115/gebhardt/maverick/vdrp/shifts/20170427v013/xy_exp03.dat  214.294344  53.198164           84    19.200881527  -22.1984897386           84  214.294271   53.19814           84   19.3035003144  -22.3458622877           84 
/work/00115/gebhardt/maverick/vdrp/shifts/20170427v014/xy_exp01.dat  214.299846  52.707342           84   16.5074204255   16.2349599655           84  214.299658  52.707431           84    17.015095867   16.3493036981           84 
/work/00115/gebhardt/maverick/vdrp/shifts/20170427v014/xy_exp01.dat  214.290145  52.697949           84   21.1849178965  -23.3806568119           84  214.290251  52.698037           84   21.1112407336  -22.9954120496           84 
/work/00115/gebhardt/maverick/vdrp/shifts/20170427v014/xy_exp02.dat  214.290409   52.69799           84     19.504423341  -22.4229629175           84  214.290251  52.698037           84    19.8883717415  -22.4173172925           84 
/work/00115/gebhardt/maverick/vdrp/shifts/20170427v014/xy_exp02.dat  214.299987   52.70727           84    14.8960508541   16.7102553059           84  214.299658  52.707431           84    15.7925652836   16.9274338974           84 
/work/00115/gebhardt/maverick/vdrp/shifts/20170427v014/xy_exp03.dat  214.289946   52.69789           84    20.2162565862  -24.7106557216           84  214.290251  52.698037           84    19.8408547239  -23.9478365513           84 
/work/00115/gebhardt/maverick/vdrp/shifts/20170427v014/xy_exp03.dat  214.299975  52.707415           84    15.0952035816   15.6404208993           84  214.299658  52.707431           84    15.7448953946   15.3968980303           84 
/work/00115/gebhardt/maverick/vdrp/shifts/20170428v007/xy_exp01.dat  215.718676  52.723964           84  -13.5847491622   1.60228958048           84  215.718539  52.723933           84  -13.9034013917   1.59033875392           84 
/work/00115/gebhardt/maverick/vdrp/shifts/20170428v007/xy_exp02.dat  215.718469  52.723937           84   -15.2261536006   2.15432210079           84  215.718539  52.723933           84   -15.0908251349   2.22635059262           84 
/work/00115/gebhardt/maverick/vdrp/shifts/20170428v007/xy_exp03.dat  215.718604  52.724054           84    -14.438346179  0.466294580952           84  215.718539  52.723933           84   -14.7367938694  0.813803272791           84 
/work/00115/gebhardt/maverick/vdrp/shifts/20170428v019/xy_exp02.dat  214.030066  52.698729           84  -8.78253318968  -4.08099940014           84  214.030216  52.698805           84  -8.96181739758  -3.69395605751           84 
/work/00115/gebhardt/maverick/vdrp/shifts/20170428v020/xy_exp01.dat  214.586458  53.367466           84  -3.38854898553   5.15881091856           84  214.586421  53.367567           84  -3.15359370739   5.44745963343           84 
/work/00115/gebhardt/maverick/vdrp/shifts/20170428v020/xy_exp02.dat  214.586513  53.367541           84  -4.49001745871    5.5743870873           84  214.586421  53.367567           84  -4.27142363425   5.56877206188           84 
/work/00115/gebhardt/maverick/vdrp/shifts/20170428v020/xy_exp03.dat  214.586356  53.367582           84  -3.98834620819    4.43741129792           84  214.586421  53.367567           84  -4.13731526569    4.45220364261           84 
/work/00115/gebhardt/maverick/vdrp/shifts/20170501v011/xy_exp01.dat  214.858768  53.205695           84   10.6981741654    15.1087780168           84  214.858464   53.20574           84   11.3572335416    14.9619966352           84 
/work/00115/gebhardt/maverick/vdrp/shifts/20170501v011/xy_exp01.dat  214.868455  53.201998           84  -13.9311257707     12.493085559           84   214.86827  53.202076           84  -13.4488859216    12.5668388071           84 
/work/00115/gebhardt/maverick/vdrp/shifts/20170501v011/xy_exp02.dat   214.85849  53.205749           84    9.97041931759     15.4465195558           84  214.858464   53.20574           84    10.0061917171    15.3925477807           84 
/work/00115/gebhardt/maverick/vdrp/shifts/20170501v011/xy_exp02.dat  214.868256  53.202037           84   -14.8354472855     12.8584623918           84   214.86827  53.202076           84   -14.7999494751    12.9976152916           84 
/work/00115/gebhardt/maverick/vdrp/shifts/20170501v011/xy_exp03.dat  214.858675  53.205747           84   9.82837442176   14.0215280625           84  214.858464   53.20574           84    10.2245314009   13.7964030583           84 
/work/00115/gebhardt/maverick/vdrp/shifts/20170501v011/xy_exp03.dat  214.868418  53.201923           84  -15.1126437174   11.0502939896           84   214.86827  53.202076           84   -14.5815955084   11.4013251069           84 
/work/00115/gebhardt/maverick/vdrp/shifts/20170502v010/xy_exp01.dat  214.863103   53.02811           84  -17.9509025347    -14.9980954696           84  214.863393  53.027978           84   -18.723665374   -15.1494072586           84 
/work/00115/gebhardt/maverick/vdrp/shifts/20170502v010/xy_exp01.dat  214.859455  53.032465           84    -3.972216243    -4.37855623569           84  214.859635  53.032472           84  -4.31128680846   -4.18485768428           84 
/work/00115/gebhardt/maverick/vdrp/shifts/20170502v010/xy_exp01.dat  214.848668  53.032582           84   17.1960601391    -14.2494896208           84  214.848723  53.032587           84   17.0969665008   -14.1810644673           84 
/work/00115/gebhardt/maverick/vdrp/shifts/20170502v010/xy_exp01.dat  214.848668  53.032582           84   17.1960601391    -14.2494896208           84  214.848723  53.032587           84   17.0969665008   -14.1810644673           84 
/work/00115/gebhardt/maverick/vdrp/shifts/20170502v010/xy_exp01.dat  214.845791  53.033743           84   24.6267658183    -13.2268179083           84  214.845427  53.033536           84   25.0078744546   -14.2422153847           84 
/work/00115/gebhardt/maverick/vdrp/shifts/20170502v010/xy_exp02.dat  214.845251  53.033774           84   24.9881150317   -13.0787589669           84  214.845427  53.033536           84   24.2697853897   -13.6814874492           84 
/work/00115/gebhardt/maverick/vdrp/shifts/20170502v010/xy_exp02.dat  214.847909  53.036885           84   24.7321738985  -0.490123067194           84  214.847093  53.037023           84   26.5374058013  -0.818826220518           84 
/work/00115/gebhardt/maverick/vdrp/shifts/20170502v010/xy_exp02.dat  214.848743  53.032731           84   16.5474623373    -13.135470755           84  214.848723  53.032587           84   16.3588777887   -13.6202902071           84 
/work/00115/gebhardt/maverick/vdrp/shifts/20170502v010/xy_exp02.dat  214.848743  53.032731           84   16.5474623373    -13.135470755           84  214.848723  53.032587           84   16.3588777887   -13.6202902071           84 
/work/00115/gebhardt/maverick/vdrp/shifts/20170502v010/xy_exp03.dat  214.848747  53.032519           84    15.9865263859   -15.153173879           84  214.848723  53.032587           84   16.1406396066   -14.956004128           84 
/work/00115/gebhardt/maverick/vdrp/shifts/20170502v010/xy_exp03.dat  214.848747  53.032519           84    15.9865263859   -15.153173879           84  214.848723  53.032587           84   16.1406396066   -14.956004128           84 
/work/00115/gebhardt/maverick/vdrp/shifts/20170502v010/xy_exp03.dat  214.863566  53.028056           84   -19.8932612486  -15.5074928737           84  214.863393  53.027978           84  -19.6799952736  -15.9242269433           84 
/work/00115/gebhardt/maverick/vdrp/shifts/20170502v010/xy_exp03.dat  214.855442  53.036498           84    9.25010430585   4.07876036267           84  214.855258  53.036488           84   9.59219283187   3.87159185282           84 
/work/00115/gebhardt/maverick/vdrp/shifts/20170502v012/xy_exp01.dat  215.413223  52.361746           84  -14.2535637842  -17.2053228106           84  215.413401  52.361968           84  -14.2774740428   -16.315782773           84 
/work/00115/gebhardt/maverick/vdrp/shifts/20170502v012/xy_exp01.dat  215.411668  52.364133           84  -7.57401723999   -10.809010838           84  215.411766   52.36422           84  -7.63986366518  -10.4346171304           84 
/work/00115/gebhardt/maverick/vdrp/shifts/20170502v012/xy_exp01.dat  215.406587  52.374834           84   18.5881096591   19.5940351052           84  215.406272  52.374829           84   19.2103833461   19.2900966697           84 
/work/00115/gebhardt/maverick/vdrp/shifts/20170502v012/xy_exp02.dat  215.413317  52.362011           84  -15.4649698067   -15.6032054535           84  215.413401  52.361968           84  -15.6972590439  -15.6672887357           84 
/work/00115/gebhardt/maverick/vdrp/shifts/20170502v012/xy_exp02.dat  215.406433  52.374821           84   17.4571131946    20.0590447958           84  215.406272  52.374829           84   17.7909474845   19.9382623021           84 
/work/00115/gebhardt/maverick/vdrp/shifts/20170502v012/xy_exp03.dat  215.413698  52.361789           84  -15.9073659643  -17.4670875984           84  215.413401  52.361968           84  -15.0457271956  -17.1522069507           84 
/work/00115/gebhardt/maverick/vdrp/shifts/20170502v012/xy_exp03.dat  215.406665  52.374945           84   17.8299841295   19.1922409055           84  215.406272  52.374829           84   18.4422085993   18.4535979641           84 
/work/00115/gebhardt/maverick/vdrp/shifts/20170503v007/xy_exp01.dat  214.849578  53.369117           84     24.8355437406  -4.42551875708           84  214.849986  53.368957           84    23.7936021859  -4.54453137982           84 
/work/00115/gebhardt/maverick/vdrp/shifts/20170503v007/xy_exp01.dat  214.851241  53.365181           84     15.2583618581  -15.4625737056           84  214.851266  53.365248           84    15.3191785827  -15.2230678263           84 
/work/00115/gebhardt/maverick/vdrp/shifts/20170503v007/xy_exp02.dat  214.851318  53.365364           84    14.1377945031  -13.3114560404           84  214.851266  53.365248           84   14.0492074905  -13.7345641518           84 
/work/00115/gebhardt/maverick/vdrp/shifts/20170503v007/xy_exp03.dat  214.862115  53.362646           84   -11.7038153354  -13.0731814319           84  214.862346  53.362602           84    -12.218171978  -12.9907302152           84 
/work/00115/gebhardt/maverick/vdrp/shifts/20170503v007/xy_exp03.dat  214.850045  53.369046           84    21.8280738554  -4.20104180274           84  214.849986  53.368957           84    21.7967316107  -4.54416681915           84 
/work/00115/gebhardt/maverick/vdrp/shifts/20170503v007/xy_exp03.dat  214.851405  53.365154           84    12.9030827156   -15.390020124           84  214.851266  53.365248           84     13.322184036  -15.2226047084           84 
/work/00115/gebhardt/maverick/vdrp/shifts/20170503v007/xy_exp03.dat  214.851497  53.372711           84    24.9933243638   8.98189532613           84  214.851335  53.372673           84    25.2422076456   8.70290622617           84 
/work/00115/gebhardt/maverick/vdrp/shifts/20170503v008/xy_exp02.dat  214.301171   52.36818           84   1.47091874875   0.518690675097           84  214.301251  52.368212           84     1.3591406104  0.696734110536           84 
/work/00115/gebhardt/maverick/vdrp/shifts/20170503v009/xy_exp01.dat  214.575626  52.538596           84   16.8940709981   9.14070030666           84  214.575346  52.538585           84   17.4331023949   8.84591781576           84 
/work/00115/gebhardt/maverick/vdrp/shifts/20170503v010/xy_exp01.dat  215.678469  52.868386           84    21.9866480986  -7.93899820249           84  215.678572  52.868355           84     21.736564121  -7.94270849027           84 
/work/00115/gebhardt/maverick/vdrp/shifts/20170503v010/xy_exp02.dat   215.68096  52.865656           84   11.6673250053  -13.2070105896           84  215.680953  52.865658           84   11.6841554297  -13.2071061686           84 
/work/00115/gebhardt/maverick/vdrp/shifts/20170503v010/xy_exp02.dat  215.678724  52.868419           84   20.3536760157  -6.34414001523           84  215.678572  52.868355           84   20.5517016887  -6.69482381491           84 
/work/00115/gebhardt/maverick/vdrp/shifts/20170503v010/xy_exp03.dat  215.678589   52.86833           84   19.9036385975  -8.16075849055           84  215.678572  52.868355           84   19.9759008964   -8.0956202425           84 
/work/00115/gebhardt/maverick/vdrp/shifts/20170518v006/xy_exp01.dat  214.628486  52.558697           84   22.0075150994   0.387395493402           84  214.628436  52.558628           84   21.8122335698   0.575923808437           84 
/work/00115/gebhardt/maverick/vdrp/shifts/20170518v006/xy_exp02.dat  214.628492  52.558494           84    20.6305906727   1.93637098032           84  214.628436  52.558628           84    20.6996656131   1.44346046402           84 
/work/00115/gebhardt/maverick/vdrp/shifts/20170518v006/xy_exp03.dat  214.628585  52.558759           84   21.2857361512  0.00680164715203           84  214.628436  52.558628           84   20.8054368482   0.319952116334           84 
/work/00115/gebhardt/maverick/vdrp/shifts/20170523v008/xy_exp01.dat  215.411668  52.364322           84  -6.94971544938  -20.2362396333           84  215.411766   52.36422           84  -7.29885728174  -20.4798535794           84 
/work/00115/gebhardt/maverick/vdrp/shifts/20170523v008/xy_exp01.dat  215.406485   52.37497           84   19.4145716286   9.83233320738           84  215.406272  52.374829           84   19.6278666526   9.17559446373           84 
/work/00115/gebhardt/maverick/vdrp/shifts/20170523v008/xy_exp02.dat   215.41411  52.361999           84  -16.1647077537  -25.0051865696           84  215.413401  52.361968           84  -14.7952281804  -25.7578181607           84 
/work/00115/gebhardt/maverick/vdrp/shifts/20170523v008/xy_exp02.dat  215.411509  52.364252           84   -7.5810294985  -20.0251840585           84  215.411766   52.36422           84   -8.1424536643  -19.8938127753           84 
/work/00115/gebhardt/maverick/vdrp/shifts/20170523v008/xy_exp02.dat  215.406747  52.374948           84   18.0149130188   10.5867784365           84  215.406272  52.374829           84   18.7844587086   9.76146425262           84 
/work/00115/gebhardt/maverick/vdrp/shifts/20170523v008/xy_exp03.dat  215.411552  52.364185           84  -8.26381818802   -21.4427710318           84  215.411766   52.36422           84  -8.63858996407   -21.1317508498           84 
/work/00115/gebhardt/maverick/vdrp/shifts/20170523v008/xy_exp03.dat  215.406379   52.37499           84   18.3167595792    9.14838000668           84  215.406272  52.374829           84   18.2883098496    8.52353681619           84 
/work/00115/gebhardt/maverick/vdrp/shifts/20170525v014/xy_exp01.dat  215.678608  52.868409           84   22.0328448498   -16.0140289492           84  215.678572  52.868355           84    22.0192108299  -16.2231364874           84 
/work/00115/gebhardt/maverick/vdrp/shifts/20170525v014/xy_exp02.dat  215.678724  52.868409           84   20.4107435658   -15.1950927491           84  215.678572  52.868355           84   20.6243445513  -15.5133301833           84 
/work/00115/gebhardt/maverick/vdrp/shifts/20170525v014/xy_exp03.dat  215.678736  52.868428           84   20.3805069148  -16.3027822745           84  215.678572  52.868355           84   20.5880050808  -16.6939666917           84 
/work/00115/gebhardt/maverick/vdrp/shifts/20170527v011/xy_exp01.dat   214.84963  53.369059           84    24.7441546384   -13.9058951506           84  214.849986  53.368957           84    23.8960752226  -13.8877002619           84 
/work/00115/gebhardt/maverick/vdrp/shifts/20170527v011/xy_exp01.dat  214.851186  53.365123           84    15.3564796777   -25.0333955644           84  214.851266  53.365248           84    15.4066549829  -24.5543166985           84 
/work/00115/gebhardt/maverick/vdrp/shifts/20170527v011/xy_exp02.dat  214.851096  53.365236           84    14.4406679915   -24.2745275974           84  214.851266  53.365248           84    14.1344723021   -24.0708793101           84 
/work/00115/gebhardt/maverick/vdrp/shifts/20170527v011/xy_exp03.dat  214.850901  53.365365           84   15.0611627917  -25.1177922433           84  214.851266  53.365248           84   14.1713648032  -25.1389714823           84 
/work/00115/gebhardt/maverick/vdrp/shifts/20170529v008/xy_exp01.dat  215.135792   53.20796           84   14.0230811076   13.0539733805           84  215.135517  53.207749           84   14.2155362474   12.1097722564           84 
/work/00115/gebhardt/maverick/vdrp/shifts/20170529v008/xy_exp02.dat  215.135518  53.207716           84     13.01231691   12.4551469109           84  215.135517  53.207749           84   13.0671708542   12.5605470082           84 
/work/00115/gebhardt/maverick/vdrp/shifts/20170529v008/xy_exp03.dat  215.135557  53.207774           84   13.0930789729    11.4016569016           84  215.135517  53.207749           84   13.1301990061   11.2826605227           84 
/work/00115/gebhardt/maverick/vdrp/shifts/20170529v009/xy_exp01.dat  214.862056  52.707662           84   1.33117978183   17.3676565654           84    214.8619  52.707644           84   1.61093224521   17.1634090789           84 
/work/00115/gebhardt/maverick/vdrp/shifts/20170617v009/xy_exp01.dat  215.412486  52.869255           84     3.87455244612  -3.52626493569           84  215.412563  52.869394           84    3.94096157751  -3.00282502057           84 
/work/00115/gebhardt/maverick/vdrp/shifts/20170617v009/xy_exp01.dat  215.408302  52.871789           84      16.024464559  0.747084292831           84  215.408311  52.871705           84    15.8756279826  0.483121837363           84 
/work/00115/gebhardt/maverick/vdrp/shifts/20170617v009/xy_exp02.dat  215.408424  52.871826           84    14.4888742036   1.47468039145           84  215.408311  52.871705           84      14.521078755  0.975678125077           84 
/work/00115/gebhardt/maverick/vdrp/shifts/20170617v009/xy_exp02.dat   215.41259  52.869412           84    2.56164222346  -2.42631625808           84  215.412563  52.869394           84     2.58638037325  -2.51015914494           84 
/work/00115/gebhardt/maverick/vdrp/shifts/20170617v009/xy_exp03.dat  215.408786  52.871711           84   13.4536313004  0.035327479288           84  215.408311  52.871705           84    14.3741810755  -0.432014590462           84 
/work/00115/gebhardt/maverick/vdrp/shifts/20170621v007/xy_exp01.dat  214.654449  52.742256           84     13.9155410563   2.84284746899           84  214.654364  52.742166           84    13.9435794217    2.4706795322           84 
/work/00115/gebhardt/maverick/vdrp/shifts/20170621v007/xy_exp02.dat  214.654333  52.742201           84    12.7444050949   3.69925351027           84  214.654364  52.742166           84    12.6292506446   3.61451713118           84 
/work/00115/gebhardt/maverick/vdrp/shifts/20170621v007/xy_exp03.dat  214.646923  52.737696           84    20.2410278336  -19.5034266957           84  214.646664  52.737684           84     20.732239641  -19.7849902933           84 
/work/00115/gebhardt/maverick/vdrp/shifts/20170621v007/xy_exp03.dat  214.654279  52.742225           84    12.7698190737   2.10832852948           84  214.654364  52.742166           84    12.5112664219   1.99615373979           84 
/work/00115/gebhardt/maverick/vdrp/shifts/20170621v008/xy_exp01.dat  215.419753  53.032336           84  -14.2234244929  -9.05467747972           84  215.419861  53.032237           84  -14.5899811576  -9.27222047468           84 
/work/00115/gebhardt/maverick/vdrp/shifts/20170621v008/xy_exp02.dat  215.420037  53.032424           84  -15.8536189398  -7.78514066554           84  215.419861  53.032237           84  -15.8068910523   -8.5572779518           84 
/work/00115/gebhardt/maverick/vdrp/shifts/20170625v005/xy_exp01.dat  214.681235  52.740643           84   3.79696677006  -21.9598846593           84  214.681266   52.74049           84   3.49912117417  -22.4281094762           84 
/work/00115/gebhardt/maverick/vdrp/shifts/20170625v005/xy_exp03.dat  214.680809   52.74031           84   2.64219275985  -24.2130801896           84  214.681266   52.74049           84   2.02157689796  -23.1997409465           84 
/work/00115/gebhardt/maverick/vdrp/shifts/20170625v006/xy_exp01.dat  215.421977  52.535409           84  -15.5577151918    9.97022241772           84  215.421934  52.535382           84  -15.5135383512   9.84230651687           84 
/work/00115/gebhardt/maverick/vdrp/shifts/20170625v006/xy_exp01.dat   215.42274   52.53979           84  -10.3967113479    24.9668734727           84   215.42267  52.539916           84  -10.0658744576   25.3129831723           84 
/work/00115/gebhardt/maverick/vdrp/shifts/20170625v006/xy_exp01.dat  215.403799  52.537259           84   23.3267983201  -0.836402909211           84  215.403996  52.537147           84   22.7653728122  -1.01929870997           84 
/work/00115/gebhardt/maverick/vdrp/shifts/20170625v006/xy_exp01.dat  215.410526    52.5427           84   18.2664340237    23.1430603928           84   215.41041  52.542573           84   18.3031343485   22.6213442295           84 
/work/00115/gebhardt/maverick/vdrp/shifts/20170625v006/xy_exp02.dat  215.403994  52.537332           84   21.6151315839  -0.0254799579662           84  215.403996  52.537147           84   21.3294521058  -0.627114234345           84 
/work/00115/gebhardt/maverick/vdrp/shifts/20170625v006/xy_exp02.dat  215.422019  52.535367           84  -17.1408522625     10.2646941839           84  215.421934  52.535382           84  -16.9493582846     10.234846314           84 
/work/00115/gebhardt/maverick/vdrp/shifts/20170625v006/xy_exp03.dat  215.422029  52.535412           84  -17.0923853635   9.22884171972           84  215.421934  52.535382           84  -16.9496117316   9.04294986562           84 
/work/00115/gebhardt/maverick/vdrp/shifts/20170625v006/xy_exp03.dat  215.423091  52.540063           84  -12.1130580464   25.3831902121           84   215.42267  52.539916           84  -11.5018536768   24.5135931224           84 
/work/00115/gebhardt/maverick/vdrp/shifts/20170625v006/xy_exp03.dat  215.404175  52.537239           84   21.1141629644  -1.35298433603           84  215.403996  52.537147           84   21.3292329783  -1.81888867567           84 
/work/00115/gebhardt/maverick/vdrp/shifts/20170626v003/xy_exp02.dat  214.678796  52.731108           84  0.521921965302   -1.3997134469           84  214.678666  52.730912           84  0.475215421184   -2.15866518271           84 
/work/00115/gebhardt/maverick/vdrp/shifts/20170628v005/xy_exp01.dat  215.074693  53.016759           84   24.6998081483   17.5796175019           84  215.074877  53.016726           84   24.2895710017   17.6475267327           84 
/work/00115/gebhardt/maverick/vdrp/shifts/20170628v005/xy_exp01.dat  215.090273  53.008923           84  -17.9970603119   7.02224029982           84  215.090092  53.009051           84  -17.4426240608   7.26441724173           84 
/work/00115/gebhardt/maverick/vdrp/shifts/20170628v005/xy_exp01.dat  215.090792   53.01212           84  -13.9597508506    17.858566964           84  215.090383  53.012156           84   -13.106788745   17.5865246502           84 
/work/00115/gebhardt/maverick/vdrp/shifts/20170628v005/xy_exp02.dat  215.090081  53.008995           84   -18.8927391973   7.54746426348           84  215.090092  53.009051           84   -18.8257361203   7.73909149557           84 
/work/00115/gebhardt/maverick/vdrp/shifts/20170628v005/xy_exp02.dat  215.090494  53.012102           84   -14.7911259488   17.9918937922           84  215.090383  53.012156           84   -14.4898044744   18.0611584548           84 
/work/00115/gebhardt/maverick/vdrp/shifts/20170628v005/xy_exp03.dat  215.089854  53.008984           84   -18.4583745932   6.12974519205           84  215.090092  53.009051           84   -18.8158958425   6.57260551201           84 
/work/00115/gebhardt/maverick/vdrp/shifts/20170628v005/xy_exp03.dat   215.09068  53.012157           84   -15.0565321848    17.180048622           84  215.090383  53.012156           84   -14.4799987409   16.8946868168           84 
/work/00115/gebhardt/maverick/vdrp/shifts/20170629v004/xy_exp01.dat  215.110141  53.012864           84  -6.40788066735   -13.0701215608           84  215.109769  53.012806           84  -5.77513323302  -13.6108614545           84 
/work/00115/gebhardt/maverick/vdrp/shifts/20170629v004/xy_exp02.dat  215.109908   53.01278           84   -7.29660849323    -12.7329983377           84  215.109769  53.012806           84   -6.98497729018   -12.7807854717           84 
/work/00115/gebhardt/maverick/vdrp/shifts/20170629v004/xy_exp03.dat  215.097416  53.014706           84   19.8691693973  -19.5413499034           84  215.097693  53.014531           84   19.0538966879  -19.8449020291           84 
/work/00115/gebhardt/maverick/vdrp/shifts/20170629v004/xy_exp03.dat  215.104932  53.016646           84   8.29610643157  -6.13215756587           84  215.104636  53.016637           84   8.85815628206  -6.44214382713           84 
/work/00115/gebhardt/maverick/vdrp/shifts/20170629v004/xy_exp03.dat  215.110037  53.012785           84  -7.73273089052  -13.7819645379           84  215.109769  53.012806           84  -7.17783957931  -13.9683624137           84 
/work/00115/gebhardt/maverick/vdrp/shifts/20170629v005/xy_exp01.dat  215.413815  52.699038           84   -7.2972415579  -15.2302192717           84  215.413833  52.698881           84  -7.57569903502  -15.7236312071           84 
/work/00115/gebhardt/maverick/vdrp/shifts/20170629v005/xy_exp01.dat  215.408919   52.70385           84   9.79337102753  -4.18126581293           84  215.408849  52.703827           84    9.8956438404   -4.3216657299           84 
/work/00115/gebhardt/maverick/vdrp/shifts/20170629v005/xy_exp03.dat  215.408749   52.70394           84   9.06633845084  -4.59268351672           84  215.408849  52.703827           84   8.69450955251  -4.86620410091           84 
/work/00115/gebhardt/maverick/vdrp/shifts/20170630v008/xy_exp03.dat  215.100007    52.9991           84   1.61860997521  -8.40571853357           84  215.100043  52.998874           84   1.19261891444  -9.10325844147           84 
/work/00115/gebhardt/maverick/vdrp/shifts/20170630v009/xy_exp01.dat  214.859916  52.530358           84   -11.9753808248    -15.1390517134           84  214.859772  52.530577           84   -11.3556429349   -14.5585734534           84 
/work/00115/gebhardt/maverick/vdrp/shifts/20170630v009/xy_exp02.dat  214.859882  52.530414           84   -12.9991473644  -14.0400665309           84  214.859772  52.530577           84     -12.53227976  -13.6106440589           84 
/work/00115/gebhardt/maverick/vdrp/shifts/20170630v009/xy_exp03.dat  214.860132   52.53048           84   -13.2074453608    -15.468826884           84  214.859772  52.530577           84   -12.3453489429  -15.4866253634           84 
/work/00115/gebhardt/maverick/vdrp/shifts/20170701v008/xy_exp01.dat  215.133298  52.868063           84    4.70821771671  -3.73049841954           84  215.133523  52.868397           84    4.79362826842  -2.43529403986           84 
/work/00115/gebhardt/maverick/vdrp/shifts/20170701v008/xy_exp03.dat   215.13466   52.87302           84   8.35741550145   13.0949213972           84  215.134284  52.873398           84     9.6868105712   13.9620963833           84 
/work/00115/gebhardt/maverick/vdrp/shifts/20170701v008/xy_exp03.dat  215.133709  52.868385           84   2.92707327142  -2.81750969183           84  215.133523  52.868397           84    3.30954090981  -2.95522233414           84 
/work/00115/gebhardt/maverick/vdrp/shifts/20170701v009/xy_exp01.dat  215.427402   53.20501           84  -13.7278039705      22.3326304239           84  215.427419   53.20511           84  -13.6012488523   22.6716406186           84 
/work/00115/gebhardt/maverick/vdrp/shifts/20170701v009/xy_exp02.dat   215.40107  53.198662           84   25.4152733099   -22.5579128945           84   215.40126  53.198927           84   25.4699932464  -21.5210838721           84 
/work/00115/gebhardt/maverick/vdrp/shifts/20170701v009/xy_exp03.dat  215.401283  53.198947           84     25.43013965    -22.4648874362           84   215.40126  53.198927           84   25.4427581566   -22.5514032727           84 
/work/00115/gebhardt/maverick/vdrp/shifts/20170701v009/xy_exp03.dat  215.427722  53.205001           84   -16.043963063     22.3162241483           84  215.427419   53.20511           84  -15.2844084118     22.378721653           84 
/work/00115/gebhardt/maverick/vdrp/shifts/20170720v002/xy_exp01.dat  215.074324  53.016823           84    24.8878460334    17.701682388           84  215.074877  53.016726           84    23.6583360425     17.9127772925           84 
/work/00115/gebhardt/maverick/vdrp/shifts/20170720v002/xy_exp01.dat  215.090007  53.008796           84   -18.3105354378   6.62220752759           84  215.090092  53.009051           84   -18.0734371829     7.52797259234           84 
/work/00115/gebhardt/maverick/vdrp/shifts/20170720v002/xy_exp01.dat  215.090549  53.012066           84   -14.2032335676   17.7167434587           84  215.090383  53.012156           84   -13.7380211969     17.8502561453           84 
/work/00115/gebhardt/maverick/vdrp/shifts/20170720v002/xy_exp02.dat  215.090046  53.009085           84  -19.2187268358   8.26307225766           84  215.090092  53.009051           84  -19.3619512167   8.19676506259           84 
/work/00115/gebhardt/maverick/vdrp/shifts/20170720v002/xy_exp02.dat  215.090831  53.012161           84  -15.8905952463   18.9607179668           84  215.090383  53.012156           84  -15.0264388914   18.5190081985           84 
/work/00115/gebhardt/maverick/vdrp/shifts/20170720v002/xy_exp03.dat  215.090161  53.008936           84   -19.7931102548   6.66466075278           84  215.090092  53.009051           84   -19.4772354079   6.97118607681           84 
/work/00115/gebhardt/maverick/vdrp/shifts/20170720v002/xy_exp03.dat  215.090667   53.01211           84   -15.7671928225   17.4143695815           84  215.090383  53.012156           84   -15.1417518796   17.2934411294           84 
/work/00115/gebhardt/maverick/vdrp/shifts/20170720v002/xy_exp03.dat  215.075222  53.016717           84    21.5688457175   17.6541119514           84  215.074877  53.016726           84    22.2546055037   17.3557171428           84 
/work/00115/gebhardt/maverick/vdrp/shifts/20170720v003/xy_exp01.dat   215.14163  52.534293           84   -15.313233941  -2.51581779314           84  215.141478  52.534119           84  -15.2771536349  -3.22424498326           84 
/work/00115/gebhardt/maverick/vdrp/shifts/20170720v003/xy_exp01.dat  215.141355  52.536504           84  -11.3951433709   4.43879288333           84  215.141375  52.536469           84  -11.4882005327   4.34321901926           84 
/work/00115/gebhardt/maverick/vdrp/shifts/20170720v003/xy_exp02.dat  215.141422  52.536347           84  -13.1987403436   4.85723650643           84  215.141375  52.536469           84  -12.9194180345     5.211451379           84 
/work/00115/gebhardt/maverick/vdrp/shifts/20170720v003/xy_exp02.dat  215.141806  52.534077           84  -17.4231181061  -2.18857645703           84  215.141478  52.534119           84  -16.7084507538  -2.35597280389           84 
/work/00115/gebhardt/maverick/vdrp/shifts/20170720v003/xy_exp03.dat  215.141367  52.534002           84  -16.5561807452  -4.36275256385           84  215.141478  52.534119           84  -16.5978819143    -3.87823693743           84 
/work/00115/gebhardt/maverick/vdrp/shifts/20170720v003/xy_exp03.dat  215.141562  52.536312           84   -13.419276337   3.35075662466           84  215.141375  52.536469           84  -12.8088848489     3.68920494333           84 
/work/00115/gebhardt/maverick/vdrp/shifts/20171220v015/xy_exp01.dat  150.015923  2.109892           84  -8.48922714614   0.404072432123           84  150.016001  2.109955           84  -8.53623691558   0.046342816474           84 
/work/00115/gebhardt/maverick/vdrp/shifts/20171220v015/xy_exp01.dat  150.014222  2.107004           84  -2.81449178372    11.0501509167           84  150.014185  2.107055           84  -3.04057420061    11.0678721874           84 
/work/00115/gebhardt/maverick/vdrp/shifts/20171220v015/xy_exp02.dat  150.014237  2.107154           84  -4.62409554213    11.5245598524           84  150.014185  2.107055           84  -4.41771982034    11.8701419559           84 
/work/00115/gebhardt/maverick/vdrp/shifts/20171220v015/xy_exp02.dat  150.016246  2.109932           84  -9.38274255176   0.139984781459           84  150.016001  2.109955           84  -9.91337973325   0.848611132303           84 
/work/00115/gebhardt/maverick/vdrp/shifts/20171220v015/xy_exp03.dat  150.014067  2.107083           84  -4.36659275039     10.6277487616           84  150.014185  2.107055           84  -4.05905410381    10.3182457133           84 
/work/00115/gebhardt/maverick/vdrp/shifts/20171220v015/xy_exp03.dat    150.0159  2.109972           84  -9.79655693263   -0.425281745371           84  150.016001  2.109955           84  -9.55471699126  -0.703283405215           84 
/work/00115/gebhardt/maverick/vdrp/shifts/20171221v016/xy_exp01.dat  150.015988  2.109999           84   -8.67733691994    0.110960312934           84  150.016001  2.109955           84   -8.51779644321    0.15367700248           84 
/work/00115/gebhardt/maverick/vdrp/shifts/20171221v016/xy_exp01.dat  150.014203  2.107052           84   -2.97502440861     11.1235349005           84  150.014185  2.107055           84   -3.01801496529    11.1731516896           84 
/work/00115/gebhardt/maverick/vdrp/shifts/20171221v016/xy_exp02.dat  150.014165  2.107132           84  -4.51364236632   11.7768207811           84  150.014185  2.107055           84  -4.23960675784   11.8600162205           84 
/work/00115/gebhardt/maverick/vdrp/shifts/20171221v016/xy_exp02.dat  150.016005  2.109928           84  -9.64894906746  0.878960789978           84  150.016001  2.109955           84  -9.73938579259  0.840540268642           84 
/work/00115/gebhardt/maverick/vdrp/shifts/20171221v016/xy_exp03.dat  150.016031  2.109925           84  -9.59285165235   -0.503482197862           84  150.016001  2.109955           84  -9.74129032277  -0.467730472761           84 
/work/00115/gebhardt/maverick/vdrp/shifts/20171221v016/xy_exp03.dat  150.014096   2.10711           84  -4.57744608477     10.7216499953           84  150.014185  2.107055           84  -4.24150910314    10.5517441863           84 
/work/00115/gebhardt/maverick/vdrp/shifts/20171225v015/xy_exp01.dat  150.016095  2.109942           84  -15.2038126585   -1.88764626824           84  150.016001  2.109955           84  -15.4202421759  -1.62362337115           84 
/work/00115/gebhardt/maverick/vdrp/shifts/20171225v015/xy_exp01.dat   150.01424  2.107019           84  -9.71142233174    9.29710874301           84  150.014185  2.107055           84  -9.92524529623   9.39823738877           84 
/work/00115/gebhardt/maverick/vdrp/shifts/20171225v015/xy_exp02.dat  150.016159  2.110017           84     -16.59724078    -1.57621217922           84  150.016001  2.109955           84   -16.7035450188  -0.974869036578           84 
/work/00115/gebhardt/maverick/vdrp/shifts/20171225v015/xy_exp02.dat  150.014256  2.107123           84   -11.2840359575     9.70134511563           84  150.014185  2.107055           84    -11.208550582    10.0469929801           84 
/work/00115/gebhardt/maverick/vdrp/shifts/20171225v015/xy_exp03.dat  150.016174  2.109996           84    -16.473453123  -3.08206265136           84  150.016001  2.109955           84   -16.6724085178  -2.47415011834           84 
/work/00115/gebhardt/maverick/vdrp/shifts/20171225v015/xy_exp03.dat  150.014194   2.10706           84   -11.1758650484   8.51069752017           84  150.014185  2.107055           84   -11.1774115412   8.54771040489           84 
/work/00115/gebhardt/maverick/vdrp/shifts/20180110v021/xy_exp01.dat  150.014135  2.107035           84  -3.13214676749    11.4819905035           84  150.014185  2.107055           84  -3.09967768966    11.2909772091           84 
/work/00115/gebhardt/maverick/vdrp/shifts/20180110v021/xy_exp02.dat  150.014196  2.107093           84  -4.41758101692   11.8721924275           84  150.014185  2.107055           84  -4.32154678819    11.9773483342           84 
/work/00115/gebhardt/maverick/vdrp/shifts/20180110v021/xy_exp02.dat  150.016165  2.109901           84  -9.34311484728  0.553852277099           84  150.016001  2.109955           84  -9.81687499999   0.955652099297           84 
/work/00115/gebhardt/maverick/vdrp/shifts/20180110v021/xy_exp03.dat  150.016112  2.109956           84   -9.5497241242  -0.867344059194           84  150.016001  2.109955           84  -9.75507552811  -0.524841722028           84 
/work/00115/gebhardt/maverick/vdrp/shifts/20180110v021/xy_exp03.dat  150.014144  2.107073           84  -4.39200346919    10.5888477936           84  150.014185  2.107055           84  -4.25974477601    10.4968530205           84 
/work/00115/gebhardt/maverick/vdrp/shifts/20180113v013/xy_exp01.dat  150.023818  2.100962           84   24.5252581005   -8.72829394216           84  150.023773  2.100352           84   26.3142103497  -7.44443780925           84 
/work/00115/gebhardt/maverick/vdrp/shifts/20180113v013/xy_exp01.dat  150.016026  2.110008           84  -17.8822160784   -1.80479054663           84  150.016001  2.109955           84  -17.7663695681  -1.62851415936           84 
/work/00115/gebhardt/maverick/vdrp/shifts/20180113v013/xy_exp01.dat  150.014232  2.107034           84  -12.1159363522    9.28718590969           84  150.014185  2.107055           84  -12.2686507117   9.39198901535           84 
/work/00115/gebhardt/maverick/vdrp/shifts/20180113v013/xy_exp02.dat   150.02343  2.100496           84   23.8767531961     -5.9705218955           84  150.023773  2.100352           84   24.9628165267    -6.7527564409           84 
/work/00115/gebhardt/maverick/vdrp/shifts/20180113v013/xy_exp02.dat  150.016001    2.1099           84  -18.9488506637   -0.833536961144           84  150.016001  2.109955           84  -19.1177647859  -0.936842817367           84 
/work/00115/gebhardt/maverick/vdrp/shifts/20180113v013/xy_exp02.dat  150.014237  2.107093           84  -13.6391477072     9.85269393967           84  150.014185  2.107055           84  -13.6200485145    10.0836616901           84 
/work/00115/gebhardt/maverick/vdrp/shifts/20180113v013/xy_exp03.dat  150.023801   2.10051           84   24.5916035901    -8.6159756976           84  150.023773  2.100352           84   25.0242932374  -8.23327350526           84 
/work/00115/gebhardt/maverick/vdrp/shifts/20180113v013/xy_exp03.dat  150.016178  2.109954           84  -18.7209840492   -2.95869952457           84  150.016001  2.109955           84   -19.056286343     -2.41734959           84 
/work/00115/gebhardt/maverick/vdrp/shifts/20180113v013/xy_exp03.dat  150.014085  2.107107           84  -13.9059700134    8.81239124155           84  150.014185  2.107055           84  -13.5585675308   8.60315342737           84 
/work/00115/gebhardt/maverick/vdrp/shifts/20180114v013/xy_exp01.dat  150.014123  2.107062           84  -4.26709982635     10.826732415           84  150.014185  2.107055           84  -4.12919797587    10.6496190731           84 
/work/00115/gebhardt/maverick/vdrp/shifts/20180114v013/xy_exp01.dat  150.016116  2.109889           84  -9.20655374251  -0.600679498412           84  150.016001  2.109955           84  -9.62514395801  -0.371768928794           84 
/work/00115/gebhardt/maverick/vdrp/shifts/20180114v013/xy_exp02.dat  150.015981  2.109927           84  -10.7815106847   0.607762344958           84  150.016001  2.109955           84  -10.8299447323    0.493780762578           84 
/work/00115/gebhardt/maverick/vdrp/shifts/20180114v013/xy_exp02.dat  150.014239  2.107056           84  -5.23568659141      11.34757689           84  150.014185  2.107055           84  -5.33400147471     11.5151701972           84 
/work/00115/gebhardt/maverick/vdrp/shifts/20180114v013/xy_exp03.dat  150.016021  2.109777           84  -10.3069010458  -0.788816024311           84  150.016001  2.109955           84   -10.891064981   -1.06186350478           84 
/work/00115/gebhardt/maverick/vdrp/shifts/20180114v013/xy_exp03.dat  150.014164  2.106953           84  -5.12131902037    10.2156051111           84  150.014185  2.107055           84  -5.39511918772     9.9595244226           84 
/work/00115/gebhardt/maverick/vdrp/shifts/20180120v008/xy_exp01.dat  150.016018  2.109921           84  -8.56459023823    0.2820932284           84  150.016001  2.109955           84  -8.70091767941   0.270389301059           84 
/work/00115/gebhardt/maverick/vdrp/shifts/20180120v008/xy_exp01.dat  150.014218  2.107041           84  -3.09959384865   11.2165915248           84  150.014185  2.107055           84  -3.20454092214    11.2915626263           84 
/work/00115/gebhardt/maverick/vdrp/shifts/20180120v008/xy_exp02.dat  150.015982  2.109987           84  -10.1556272719  0.978872244385           84  150.016001  2.109955           84   -10.021686935   0.980681166903           84 
/work/00115/gebhardt/maverick/vdrp/shifts/20180120v008/xy_exp02.dat    150.0142  2.107075           84  -4.55857056355   11.9182495871           84  150.014185  2.107055           84  -4.52531276597    12.0018558272           84 
/work/00115/gebhardt/maverick/vdrp/shifts/20180120v008/xy_exp03.dat  150.015994  2.109834           84  -9.52139235551  -0.244135880067           84  150.016001  2.109955           84  -9.87983410038  -0.492935957823           84 
/work/00115/gebhardt/maverick/vdrp/shifts/20180120v008/xy_exp03.dat  150.014102  2.107059           84  -4.55156469659     10.775437991           84  150.014185  2.107055           84  -4.38345731769    10.5282371782           84 
/work/00115/gebhardt/maverick/vdrp/shifts/20180123v009/xy_exp01.dat  150.016078  2.110049           84     -8.841191351  0.0701861818902           84  150.016001  2.109955           84   -8.69699108213    0.483050675799           84 
/work/00115/gebhardt/maverick/vdrp/shifts/20180123v009/xy_exp01.dat  150.014322  2.106999           84   -2.76908358642     11.187691242           84  150.014185  2.107055           84   -3.19818946903     11.5030143983           84 
/work/00115/gebhardt/maverick/vdrp/shifts/20180123v009/xy_exp02.dat  150.015905   2.10989           84    -9.818972663   1.59338931179           84  150.016001  2.109955           84  -9.83844613124    1.17667025268           84 
/work/00115/gebhardt/maverick/vdrp/shifts/20180123v009/xy_exp02.dat  150.014165  2.107081           84  -4.45703632185   12.2091929275           84  150.014185  2.107055           84  -4.33964688786     12.196635208           84 
/work/00115/gebhardt/maverick/vdrp/shifts/20180123v009/xy_exp03.dat  150.016038  2.109736           84  -9.26881490308  -0.106885892102           84  150.016001  2.109955           84  -10.0108790521  -0.404601811698           84 
/work/00115/gebhardt/maverick/vdrp/shifts/20180123v009/xy_exp03.dat  150.014028  2.107126           84  -5.02478783633    10.9639003984           84  150.014185  2.107055           84  -4.51207734829    10.6153616629           84 
/work/00115/gebhardt/maverick/vdrp/shifts/20180124v010/xy_exp01.dat  150.015993  2.109953           84  -8.60773053929      0.436233842982           84  150.016001  2.109955           84  -8.59886081153   0.407923314903           84 
/work/00115/gebhardt/maverick/vdrp/shifts/20180124v010/xy_exp01.dat  150.014312  2.107026           84  -2.77217268004       11.0922922855           84  150.014185  2.107055           84  -3.09957007438     11.427642951           84 
/work/00115/gebhardt/maverick/vdrp/shifts/20180124v010/xy_exp02.dat  150.015986  2.109841           84  -9.59063086092    1.2985151549           84  150.016001  2.109955           84   -9.9126256865    1.03839990247           84 
/work/00115/gebhardt/maverick/vdrp/shifts/20180124v010/xy_exp02.dat  150.014223  2.107159           84    -4.661456194   11.7461883788           84  150.014185  2.107055           84  -4.41333739607    12.0581207917           84 
/work/00115/gebhardt/maverick/vdrp/shifts/20180124v010/xy_exp03.dat  150.016062  2.109776           84  -9.34749182211    -0.30693416767           84  150.016001  2.109955           84  -10.0117496008  -0.455838677244           84 
/work/00115/gebhardt/maverick/vdrp/shifts/20180124v010/xy_exp03.dat  150.014001  2.107113           84  -5.03589303324     11.0197270125           84  150.014185  2.107055           84  -4.51245891769     10.563880782           84 
/work/00115/gebhardt/maverick/vdrp/shifts/20180209v009/xy_exp01.dat  150.015955  2.109969           84    -8.50434907236    0.67664853808           84  150.016001  2.109955           84   -8.37501653717     0.561759458373           84 
/work/00115/gebhardt/maverick/vdrp/shifts/20180209v009/xy_exp01.dat  150.014255  2.107061           84    -2.76373561553    11.3558466927           84  150.014185  2.107055           84   -2.87668746342       11.581958987           84 
/work/00115/gebhardt/maverick/vdrp/shifts/20180209v009/xy_exp02.dat  150.016044  2.109926           84  -9.55660220956   1.17599547265           84  150.016001  2.109955           84  -9.72637328974    1.25350518362           84 
/work/00115/gebhardt/maverick/vdrp/shifts/20180209v009/xy_exp02.dat  150.014111  2.107016           84  -4.24715427705   12.5740731275           84  150.014185  2.107055           84  -4.22804680535    12.2737060438           84 
/work/00115/gebhardt/maverick/vdrp/shifts/20180209v009/xy_exp03.dat  150.015969  2.109824           84  -9.29198581882   0.136022250895           84  150.016001  2.109955           84  -9.63426327142   -0.20822525807           84 
/work/00115/gebhardt/maverick/vdrp/shifts/20180209v009/xy_exp03.dat    150.0141  2.107103           84  -4.44288733894    10.9827057288           84  150.014185  2.107055           84  -4.13593424598    10.8119741128           84 
/work/00115/gebhardt/maverick/vdrp/shifts/20180210v006/xy_exp01.dat   150.01593  2.109937           84    -8.93928931696    0.512162424086           84  150.016001  2.109955           84  -8.86132150458   0.260442236958           84 
/work/00115/gebhardt/maverick/vdrp/shifts/20180210v006/xy_exp01.dat   150.01422  2.107024           84     -3.2018695567     11.2313262247           84  150.014185  2.107055           84   -3.3627676069    11.2805295198           84 
/work/00115/gebhardt/maverick/vdrp/shifts/20180210v006/xy_exp02.dat  150.015991  2.109898           84  -10.0870810942    1.07117750732           84  150.016001  2.109955           84  -10.2433778577  0.933436046417           84 
/work/00115/gebhardt/maverick/vdrp/shifts/20180210v006/xy_exp02.dat  150.014295  2.107203           84  -4.99293328348    11.3379563675           84  150.014185  2.107055           84  -4.74482655028    11.953524657           84 
/work/00115/gebhardt/maverick/vdrp/shifts/20180210v006/xy_exp03.dat  150.015964  2.109913           84  -10.0542079564  -0.397241076011           84  150.016001  2.109955           84  -10.1137620686  -0.589680830089           84 
/work/00115/gebhardt/maverick/vdrp/shifts/20180210v006/xy_exp03.dat  150.014014  2.107098           84  -5.06820483435    10.8744883265           84  150.014185  2.107055           84  -4.61520807772    10.4304062126           84 
/work/00115/gebhardt/maverick/vdrp/shifts/20180222v020/xy_exp01.dat  189.314602  62.275991           84    2.87788093316   -15.6025441525           84  189.314396  62.275694           84     2.2036388915   -16.5012192716           84 
/work/00115/gebhardt/maverick/vdrp/shifts/20180222v020/xy_exp01.dat  189.319339  62.278849           84    6.70497094562   -3.18700287508           84  189.319161  62.278887           84     6.9886734649   -3.35155983812           84 
/work/00115/gebhardt/maverick/vdrp/shifts/20180222v020/xy_exp01.dat   189.32505  62.281867           84    10.0631581199    10.8921321381           84  189.324881  62.281818           84    10.0822934431    10.5592219743           84 
/work/00115/gebhardt/maverick/vdrp/shifts/20180222v020/xy_exp01.dat  189.333523  62.275408           84    -17.115719369    9.07190700208           84  189.333559  62.275555           84    -16.718164546    9.42636252612           84 
/work/00115/gebhardt/maverick/vdrp/shifts/20180222v020/xy_exp02.dat  189.314791  62.275765           84  0.758759417678   -15.0110659269           84  189.314396  62.275694           84   0.931662635863  -15.6988671039           84 
/work/00115/gebhardt/maverick/vdrp/shifts/20180222v020/xy_exp02.dat  189.309272  62.282179           84   24.9505807168   -9.23696220727           84   189.30954  62.282293           84    25.0268381573  -8.63365000188           84 
/work/00115/gebhardt/maverick/vdrp/shifts/20180222v020/xy_exp02.dat  189.309272  62.282179           84   24.9505807168   -9.23696220727           84   189.30954  62.282293           84    25.0268381573  -8.63365000188           84 
/work/00115/gebhardt/maverick/vdrp/shifts/20180222v020/xy_exp02.dat  189.319499  62.278719           84   4.89632138587   -2.43583283448           84  189.319161  62.278887           84    5.71686577255  -2.54926893938           84 
/work/00115/gebhardt/maverick/vdrp/shifts/20180222v020/xy_exp02.dat  189.324989  62.281752           84   8.51226310189    11.3721452139           84  189.324881  62.281818           84    8.81066406943   11.3614733057           84 
/work/00115/gebhardt/maverick/vdrp/shifts/20180222v020/xy_exp02.dat   189.33368  62.275596           84  -17.9860958455    10.4796347183           84  189.333559  62.275555           84   -17.9898084969   10.2289575686           84 
/work/00115/gebhardt/maverick/vdrp/shifts/20180222v020/xy_exp03.dat  189.310095  62.282389           84    24.8621226372   -8.98697150547           84   189.30954  62.282293           84    25.1160798665   -9.94537921075           84 
/work/00115/gebhardt/maverick/vdrp/shifts/20180222v020/xy_exp03.dat  189.310095  62.282389           84    24.8621226372   -8.98697150547           84   189.30954  62.282293           84    25.1160798665   -9.94537921075           84 
/work/00115/gebhardt/maverick/vdrp/shifts/20180222v020/xy_exp03.dat  189.324962  62.281747           84    8.61267253056    10.0129312454           84  189.324881  62.281818           84    8.89969897815    10.0495759988           84 
/work/00115/gebhardt/maverick/vdrp/shifts/20180222v020/xy_exp03.dat  189.314396  62.275724           84    1.10918929341   -16.9485339956           84  189.314396  62.275694           84    1.02097763058   -17.0108455245           84 
/work/00115/gebhardt/maverick/vdrp/shifts/20180222v020/xy_exp03.dat  189.333551  62.275491           84   -18.0812588399    8.77296165419           84  189.333559  62.275555           84   -17.9007616576    8.91678297181           84 
