/work/00115/gebhardt/maverick/vdrp/shifts/20170103v003/xy_exp01.dat  150.438854  2.538883           85  -16.4847173267   4.23424917243           85  150.438879  2.538978           85   -16.815677448   4.35880347639           85 
/work/00115/gebhardt/maverick/vdrp/shifts/20170103v003/xy_exp02.dat  150.438778  2.538849           85  -16.9094494318    4.6061522829           85  150.438879  2.538978           85  -17.4983928257    4.5785993421           85 
/work/00115/gebhardt/maverick/vdrp/shifts/20170103v003/xy_exp03.dat  150.438858   2.53892           85   -17.7952460478    2.36829253031           85  150.438879  2.538978           85    -18.0092440655   2.42750851237           85 
/work/00115/gebhardt/maverick/vdrp/shifts/20170105v009/xy_exp01.dat  149.905091  2.069864           85  -9.94905444496  -1.98787670469           85  149.904988  2.069946           85   -10.394027778  -1.82522525288           85 
/work/00115/gebhardt/maverick/vdrp/shifts/20170105v009/xy_exp02.dat  149.904972  2.069303           85  -9.79159252753  0.0424216952915           85  149.904988  2.069946           85  -11.7378621632  -1.21203283929           85 
/work/00115/gebhardt/maverick/vdrp/shifts/20170105v009/xy_exp03.dat  149.905091  2.069952           85  -12.9540806413  -3.06198445123           85  149.904988  2.069946           85  -13.1285884649  -2.73437606736           85 
/work/00115/gebhardt/maverick/vdrp/shifts/20170106v003/xy_exp01.dat  149.941436  2.035943           85  -5.68329751456  -9.31054430708           85  149.941423  2.035802           85  -5.23609744855  -9.55520299661           85 
/work/00115/gebhardt/maverick/vdrp/shifts/20170106v003/xy_exp01.dat  149.936369  2.037325           85  0.369398773496   8.59028152159           85  149.936348  2.037184           85  0.832672050459   8.36950030005           85 
/work/00115/gebhardt/maverick/vdrp/shifts/20170106v003/xy_exp02.dat  149.941356  2.035786           85   -6.09892649309  -8.68375810489           85  149.941423  2.035802           85   -6.28131622216  -8.85155524494           85 
/work/00115/gebhardt/maverick/vdrp/shifts/20170106v003/xy_exp02.dat  149.936658  2.037149           85  -0.730829389258   8.07758575543           85  149.936348  2.037184           85  -0.212546697982    9.0731481859           85 
/work/00115/gebhardt/maverick/vdrp/shifts/20170106v003/xy_exp03.dat  149.941435  2.035736           85  -7.27249032949  -10.4915824537           85  149.941423  2.035802           85   -7.4454838131  -10.3230860371           85 
/work/00115/gebhardt/maverick/vdrp/shifts/20170106v003/xy_exp03.dat  149.936493  2.037228           85  -1.79942345121    7.2573144049           85  149.936348  2.037184           85  -1.37670865401    7.6016151614           85 
/work/00115/gebhardt/maverick/vdrp/shifts/20170107v013/xy_exp01.dat  150.106683  1.967995           85  -1.88849350016  -5.27236675592           85   150.10664  1.967899           85  -1.67211550435  -4.96163372838           85 
/work/00115/gebhardt/maverick/vdrp/shifts/20170107v013/xy_exp01.dat  150.106683  1.967995           85  -1.88849350016  -5.27236675592           85   150.10664  1.967899           85  -1.67211550435  -4.96163372838           85 
/work/00115/gebhardt/maverick/vdrp/shifts/20170127v008/xy_exp01.dat  150.104504  2.260595           85    17.9370918785   8.77261346651           85  150.104368  2.260551           85     17.813121939   9.27167064436           85 
/work/00115/gebhardt/maverick/vdrp/shifts/20170127v008/xy_exp03.dat  150.104218  2.260575           85   15.9825771627   8.30221373138           85  150.104368  2.260551           85   16.3410011696    7.8897281949           85 
/work/00115/gebhardt/maverick/vdrp/shifts/20170129v002/xy_exp01.dat  150.210172  2.466035           85     10.3631229013  -13.9183832367           85  150.210086  2.466017           85    10.2527103985   -13.6222699291           85 
/work/00115/gebhardt/maverick/vdrp/shifts/20170129v002/xy_exp01.dat  150.203009  2.466692           85    -5.39591795962   6.59932258859           85  150.202932  2.466797           85   -5.86340219189    6.63157748619           85 
/work/00115/gebhardt/maverick/vdrp/shifts/20170129v002/xy_exp01.dat  150.201498  2.461506           85     7.48549808001   21.1649850568           85  150.201297  2.461501           85    7.11461090163    21.7857906572           85 
/work/00115/gebhardt/maverick/vdrp/shifts/20170129v002/xy_exp02.dat   150.21004  2.466069           85    9.04685549741   -13.2098305681           85  150.210086  2.466017           85   9.29348245215   -13.2497262923           85 
/work/00115/gebhardt/maverick/vdrp/shifts/20170129v002/xy_exp02.dat  150.202891  2.466824           85   -6.98356727325    7.07687641409           85  150.202932  2.466797           85  -6.82263375147    7.00411850993           85 
/work/00115/gebhardt/maverick/vdrp/shifts/20170129v002/xy_exp02.dat  150.201573  2.461433           85    6.89251310249    21.4498284185           85  150.201297  2.461501           85   6.15537675016    22.1583339556           85 
/work/00115/gebhardt/maverick/vdrp/shifts/20170129v002/xy_exp03.dat  150.203922  2.456619           85   25.2152107546   22.2657887478           85  150.203545  2.456603           85   24.5397202972   23.4429225721           85 
/work/00115/gebhardt/maverick/vdrp/shifts/20170129v002/xy_exp03.dat  150.210155  2.466199           85   8.03082675598  -15.1065895291           85  150.210086  2.466017           85   8.45221555956  -14.5468504812           85 
/work/00115/gebhardt/maverick/vdrp/shifts/20170129v002/xy_exp03.dat  150.202815  2.466765           85    -7.791250142   6.12428976449           85  150.202932  2.466797           85  -7.66389775813   5.70699631594           85 
/work/00115/gebhardt/maverick/vdrp/shifts/20170129v002/xy_exp03.dat  150.201557   2.46149           85   5.84703324167   20.0917625682           85  150.201297  2.461501           85   5.31411475817   20.8612096929           85 
/work/00115/gebhardt/maverick/vdrp/shifts/20170129v008/xy_exp01.dat  189.211057  62.182969           85    16.347620091     4.71136628641           85  189.211281  62.182991           85   16.1924684825    5.06322892532           85 
/work/00115/gebhardt/maverick/vdrp/shifts/20170129v008/xy_exp01.dat  189.218847  62.176648           85  -9.77035618582     2.07170962189           85  189.218525  62.176572           85  -9.67709133993    1.47262768875           85 
/work/00115/gebhardt/maverick/vdrp/shifts/20170129v008/xy_exp02.dat  189.218469  62.176663           85   -9.99182926256    2.10243043477           85  189.218525  62.176572           85   -10.3128305917     1.9878258578           85 
/work/00115/gebhardt/maverick/vdrp/shifts/20170129v008/xy_exp02.dat  189.211675  62.183063           85    15.3812509336    6.26707078207           85  189.211281  62.182991           85    15.5567553861    5.57823939201           85 
/work/00115/gebhardt/maverick/vdrp/shifts/20170129v008/xy_exp03.dat  189.218437  62.176427           85   -11.3868391212  -0.0656597410678           85  189.218525  62.176572           85   -11.0490230574  0.358874540411           85 
/work/00115/gebhardt/maverick/vdrp/shifts/20170129v008/xy_exp03.dat  189.211615  62.182966           85    14.4201616977     4.35278068138           85  189.211281  62.182991           85    14.8205333532   3.94949947673           85 
/work/00115/gebhardt/maverick/vdrp/shifts/20170130v021/xy_exp01.dat  189.051726  62.244015           85  -5.19241545749   15.0447326645           85  189.051691  62.244031           85  -5.18322105454   14.9630229439           85 
/work/00115/gebhardt/maverick/vdrp/shifts/20170130v021/xy_exp02.dat  189.051572  62.244073           85  -6.49546016981   15.6695016882           85  189.051691  62.244031           85  -6.49156792324   15.9198018903           85 
/work/00115/gebhardt/maverick/vdrp/shifts/20170130v021/xy_exp03.dat  189.051951   62.24387           85  -7.62237125046     15.1232890288           85  189.051691  62.244031           85  -7.43458599689   14.4227993483           85 
/work/00115/gebhardt/maverick/vdrp/shifts/20170130v022/xy_exp02.dat  189.080456  62.241404           85    16.4269669565   8.15453236967           85  189.081166  62.241314           85     16.904083102   9.29230037771           85 
/work/00115/gebhardt/maverick/vdrp/shifts/20170130v022/xy_exp03.dat   189.08925  62.238165           85   15.3839662087   25.3576909048           85  189.088766  62.238114           85   14.7397786304   24.8309679177           85 
/work/00115/gebhardt/maverick/vdrp/shifts/20170130v023/xy_exp01.dat  150.137543  2.228721           85   16.7668679847   -17.6013641416           85  150.137633  2.228678           85   16.7116184007   -17.9559457078           85 
/work/00115/gebhardt/maverick/vdrp/shifts/20170130v023/xy_exp01.dat  150.133387  2.234699           85   7.46069977747    6.89459546079           85  150.133194  2.234685           85   7.89462651798    7.43889493412           85 
/work/00115/gebhardt/maverick/vdrp/shifts/20170130v023/xy_exp01.dat   150.13331   2.24122           85  -11.7503806838    20.3896439205           85  150.133411  2.241321           85  -12.2556746279    20.2953770947           85 
/work/00115/gebhardt/maverick/vdrp/shifts/20170130v023/xy_exp01.dat  150.136883  2.232408           85   7.15807451925   -8.14165179498           85   150.13698  2.232216           85   7.53113001624   -8.82013854955           85 
/work/00115/gebhardt/maverick/vdrp/shifts/20170130v023/xy_exp02.dat  150.137398  2.228442           85    16.5755545541   -17.4920695659           85  150.137633  2.228678           85    15.3968961166   -17.7093713622           85 
/work/00115/gebhardt/maverick/vdrp/shifts/20170130v023/xy_exp02.dat  150.133008  2.234751           85    6.76200031999    8.37174986462           85  150.133194  2.234685           85     6.5799067287    7.68547032866           85 
/work/00115/gebhardt/maverick/vdrp/shifts/20170130v023/xy_exp02.dat  150.136983  2.232217           85    6.20733989687    -8.5804320829           85   150.13698  2.232216           85     6.2164086071   -8.57356318462           85 
/work/00115/gebhardt/maverick/vdrp/shifts/20170130v023/xy_exp02.dat  150.133402  2.241069           85   -12.8036480083    20.0559876406           85  150.133411  2.241321           85   -13.5703932352    20.5419547249           85 
/work/00115/gebhardt/maverick/vdrp/shifts/20170130v023/xy_exp03.dat  150.137578   2.22851           85     15.117802133    -19.632950452           85  150.137633  2.228678           85    14.5070276796   -19.4543925209           85 
/work/00115/gebhardt/maverick/vdrp/shifts/20170130v023/xy_exp03.dat  150.137056  2.232226           85    5.14234328385   -10.5237879114           85   150.13698  2.232216           85    5.32654354035   -10.3185811696           85 
/work/00115/gebhardt/maverick/vdrp/shifts/20170130v023/xy_exp03.dat  150.133129  2.234851           85     5.3291589264    6.47107333832           85  150.133194  2.234685           85    5.69004752881    5.94045189451           85 
/work/00115/gebhardt/maverick/vdrp/shifts/20170130v023/xy_exp03.dat  150.133299  2.241128           85   -13.6593486506    18.7366875248           85  150.133411  2.241321           85   -14.4602476163    18.7969433767           85 
/work/00115/gebhardt/maverick/vdrp/shifts/20170130v024/xy_exp01.dat  150.235136  2.441983           85  -16.2856750695   22.1735039677           85  150.235221  2.442183           85     -17.050373344    22.3381365702           85 
/work/00115/gebhardt/maverick/vdrp/shifts/20170130v024/xy_exp01.dat  150.231513   2.43675           85   6.62000813268   21.9798076625           85  150.231465  2.436754           85     6.70764503532    22.1292502352           85 
/work/00115/gebhardt/maverick/vdrp/shifts/20170130v024/xy_exp02.dat  150.229262  2.436791           85     6.11438038895   24.1440788091           85  150.231465  2.436754           85   1.66076921547   17.5891456425           85 
/work/00115/gebhardt/maverick/vdrp/shifts/20170130v024/xy_exp02.dat  150.233839  2.443314           85     -22.563932071   24.2064912238           85  150.235221  2.442183           85  -22.0972485253   17.7980644533           85 
/work/00115/gebhardt/maverick/vdrp/shifts/20170130v024/xy_exp03.dat  150.231291  2.436738           85   6.41310296497   22.4862909801           85  150.231465  2.436754           85   6.00564843803    22.0077857522           85 
/work/00115/gebhardt/maverick/vdrp/shifts/20170130v027/xy_exp01.dat  189.142347  62.232629           85   19.5419642398    18.374707373           85  189.142251   62.23274           85   19.9609182506   18.4751158131           85 
/work/00115/gebhardt/maverick/vdrp/shifts/20170130v027/xy_exp02.dat  189.142304  62.232657           85   18.5757459236   19.2238494509           85  189.142251   62.23274           85   18.8707590637   19.3245983299           85 
/work/00115/gebhardt/maverick/vdrp/shifts/20170130v027/xy_exp03.dat  189.152429  62.229512           85   -1.33478161875   24.8902772177           85    189.1526  62.229668           85   -1.04329527882   25.4494737977           85 
/work/00115/gebhardt/maverick/vdrp/shifts/20170130v027/xy_exp03.dat  189.141908   62.23287           85    18.7438104186   17.5155371574           85  189.142251   62.23274           85    18.0290075215   17.7130618725           85 
/work/00115/gebhardt/maverick/vdrp/shifts/20170131v032/xy_exp01.dat  150.206866  2.371388           85  -11.9768221501  -13.3553806838           85     150.207  2.371399           85  -11.7539555812  -13.7845783601           85 
/work/00115/gebhardt/maverick/vdrp/shifts/20170131v032/xy_exp02.dat  150.206842  2.371395           85  -12.7316131773  -12.8780275678           85     150.207  2.371399           85  -12.4414858053   -13.366918029           85 
/work/00115/gebhardt/maverick/vdrp/shifts/20170131v033/xy_exp02.dat  189.069923  62.262039           85   12.3109931292  -2.97288312124           85  189.069882  62.262078           85   12.3796857576   -3.1132856072           85 
/work/00115/gebhardt/maverick/vdrp/shifts/20170131v033/xy_exp02.dat  189.072018  62.258411           85   4.15347045072   7.81429664848           85  189.072102  62.258326           85   3.99826576877   8.11323143458           85 
/work/00115/gebhardt/maverick/vdrp/shifts/20170131v033/xy_exp03.dat   189.07007  62.262082           85   11.4231580199   -4.60202728771           85  189.069882  62.262078           85   11.2184775915   -4.84190122719           85 
/work/00115/gebhardt/maverick/vdrp/shifts/20170131v034/xy_exp01.dat  150.230079  2.236875           85   9.79594196563   25.0971739968           85  150.230016  2.237011           85   9.52011780334   25.5608441905           85 
/work/00115/gebhardt/maverick/vdrp/shifts/20170131v034/xy_exp03.dat  150.230017  2.237106           85    7.52857697441   24.9150794905           85  150.230016  2.237011           85    7.81275121987   24.7247580552           85 
/work/00115/gebhardt/maverick/vdrp/shifts/20170131v037/xy_exp01.dat  189.110907  62.214567           85   9.24672874559    -13.14231896           85  189.110681  62.214467           85   9.17397409526   -13.6601539301           85 
/work/00115/gebhardt/maverick/vdrp/shifts/20170202v002/xy_exp01.dat  150.104397  2.466897           85  -0.78902986041   1.81616778887           85  150.104281  2.466981           85  -1.26743616016   2.00758455655           85 
/work/00115/gebhardt/maverick/vdrp/shifts/20170202v002/xy_exp02.dat   150.10419  2.467009           85   -2.65126616697   2.79719183369           85  150.104281  2.466981           85   -2.39133507127   2.57421272822           85 
/work/00115/gebhardt/maverick/vdrp/shifts/20170202v002/xy_exp03.dat  150.104216  2.466875           85  -2.95977106119   1.89653273092           85  150.104281  2.466981           85   -3.15769437547   1.49516010992           85 
/work/00115/gebhardt/maverick/vdrp/shifts/20170202v003/xy_exp01.dat  150.104383  2.260668           85   18.0454497012     10.9474042919           85  150.104368  2.260551           85    18.3745949145    11.2157039535           85 
/work/00115/gebhardt/maverick/vdrp/shifts/20170202v003/xy_exp03.dat  150.104275  2.260725           85   15.2081364184      10.8262366214           85  150.104368  2.260551           85   15.9167288243    10.8730470972           85 
/work/00115/gebhardt/maverick/vdrp/shifts/20170202v008/xy_exp01.dat  189.227429  62.190984           85    7.90442807764  0.231795844095           85  189.227606  62.190843           85   7.31855997546  0.179004993398           85 
/work/00115/gebhardt/maverick/vdrp/shifts/20170202v008/xy_exp01.dat  189.237286   62.18672           85   -14.2066295392   4.79640600538           85  189.237245  62.185934           85  -16.4704022116   3.09736882318           85 
/work/00115/gebhardt/maverick/vdrp/shifts/20170202v008/xy_exp01.dat  189.231541  62.193084           85    10.0485419827   10.2441504014           85  189.231789  62.193166           85   10.0470136711   10.7546414356           85 
/work/00115/gebhardt/maverick/vdrp/shifts/20170202v008/xy_exp02.dat  189.227535  62.190809           85    6.65416725823  0.651613930448           85  189.227606  62.190843           85     6.6845596351  0.819772867066           85 
/work/00115/gebhardt/maverick/vdrp/shifts/20170205v012/xy_exp01.dat  189.102331  62.253159           85   24.3457094751   9.43526158196           85  189.102986  62.252954           85   24.4423881442   10.7545358349           85 
/work/00115/gebhardt/maverick/vdrp/shifts/20170205v012/xy_exp01.dat  189.074988  62.249301           85   -14.858242683  -18.0677427576           85  189.074748   62.24929           85   -15.137524815  -18.3600020616           85 
/work/00115/gebhardt/maverick/vdrp/shifts/20170205v012/xy_exp02.dat  189.095027  62.242171           85  -15.2283526682   24.6472232328           85  189.095713  62.241985           85  -15.0456808304   25.9655267472           85 
/work/00115/gebhardt/maverick/vdrp/shifts/20170205v012/xy_exp02.dat  189.101597  62.248673           85   9.98806925959   18.8725194531           85  189.101424  62.248325           85   8.82326602451   19.4173538738           85 
/work/00115/gebhardt/maverick/vdrp/shifts/20170205v012/xy_exp02.dat  189.102826  62.252876           85   23.1659143368   11.1569705998           85  189.102986  62.252954           85   23.5523568043   11.1947223622           85 
/work/00115/gebhardt/maverick/vdrp/shifts/20170205v012/xy_exp03.dat   189.10162  62.248545           85   9.10246829808   17.6147466845           85  189.101424  62.248325           85   8.27648589122   17.8448916711           85 
/work/00115/gebhardt/maverick/vdrp/shifts/20170205v012/xy_exp03.dat  189.095822  62.242039           85   -15.326810735    24.416605324           85  189.095713  62.241985           85  -15.5925558618   24.3927177719           85 
/work/00115/gebhardt/maverick/vdrp/shifts/20170221v010/xy_exp01.dat  150.104369  2.467005           85   -1.98077486085  0.326339465634           85  150.104281  2.466981           85  -2.07674813528  0.640076158185           85 
/work/00115/gebhardt/maverick/vdrp/shifts/20170221v010/xy_exp02.dat  150.104207  2.466966           85  -2.85051360126   1.35951210696           85  150.104281  2.466981           85   -2.75403687676   1.10565005726           85 
/work/00115/gebhardt/maverick/vdrp/shifts/20170221v010/xy_exp03.dat  150.104313  2.466966           85  -3.61653025963  -0.596126810701           85  150.104281  2.466981           85  -3.72364818011  -0.527656084777           85 
/work/00115/gebhardt/maverick/vdrp/shifts/20170221v012/xy_exp02.dat  189.051436  62.244012           85  -7.49567780577   15.1129117623           85  189.051691  62.244031           85  -7.17925747977   15.4084275083           85 
/work/00115/gebhardt/maverick/vdrp/shifts/20170221v012/xy_exp03.dat  189.051586  62.244127           85  -7.61495142405     13.698554904           85  189.051691  62.244031           85  -7.77973071717    14.0496626135           85 
/work/00115/gebhardt/maverick/vdrp/shifts/20170221v013/xy_exp03.dat    189.0887  62.238043           85    14.6562779577   24.9138095031           85  189.088766  62.238114           85   14.9257257927   24.8432540995           85 
/work/00115/gebhardt/maverick/vdrp/shifts/20170221v014/xy_exp01.dat  189.069884  62.262186           85   13.6360337434  -3.87661022657           85  189.069882  62.262078           85   13.3268437813  -3.64085914878           85 
/work/00115/gebhardt/maverick/vdrp/shifts/20170221v014/xy_exp02.dat  189.072472  62.264261           85   21.5170792413  -4.37960435315           85  189.072521  62.264243           85    21.516232388  -4.27501928609           85 
/work/00115/gebhardt/maverick/vdrp/shifts/20170221v014/xy_exp02.dat  189.070041  62.261988           85   12.5555848868  -2.57957797437           85  189.069882  62.262078           85    12.648176238  -2.98869699117           85 
/work/00115/gebhardt/maverick/vdrp/shifts/20170221v014/xy_exp03.dat  189.069805  62.262022           85   11.4710925184   -4.52867890134           85  189.069882  62.262078           85   11.7094565535    -4.55037121307           85 
/work/00115/gebhardt/maverick/vdrp/shifts/20170221v015/xy_exp01.dat  150.137492  2.440071           85  -17.7224779958   9.53650199726           85  150.137692  2.440041           85  -18.0469436834   8.88546606307           85 
/work/00115/gebhardt/maverick/vdrp/shifts/20170221v015/xy_exp01.dat  150.130488  2.431179           85   22.9500702337    11.790680809           85  150.130667  2.431378           85   21.9938900747   11.6746891266           85 
/work/00115/gebhardt/maverick/vdrp/shifts/20170221v015/xy_exp01.dat  150.130488  2.431179           85   22.9500702337    11.790680809           85  150.130667  2.431378           85   21.9938900747   11.6746891266           85 
/work/00115/gebhardt/maverick/vdrp/shifts/20170221v015/xy_exp01.dat   150.12955  2.433761           85    17.275090989   19.8886980665           85  150.129396  2.433928           85   17.1007246144   20.6873501887           85 
/work/00115/gebhardt/maverick/vdrp/shifts/20170221v015/xy_exp02.dat  150.130594  2.431353           85   21.3221397666   12.3784110122           85  150.130667  2.431378           85   21.0977328861   12.2150670297           85 
/work/00115/gebhardt/maverick/vdrp/shifts/20170221v015/xy_exp02.dat  150.130594  2.431353           85   21.3221397666   12.3784110122           85  150.130667  2.431378           85   21.0977328861   12.2150670297           85 
/work/00115/gebhardt/maverick/vdrp/shifts/20170221v015/xy_exp02.dat  150.137712  2.440087           85  -19.1199944426   9.46199421646           85  150.137692  2.440041           85  -18.9431011254   9.42584474593           85 
/work/00115/gebhardt/maverick/vdrp/shifts/20170221v015/xy_exp03.dat  150.137705  2.440064           85  -19.8696087692   7.55844594628           85  150.137692  2.440041           85   -19.774968577    7.5492068364           85 
/work/00115/gebhardt/maverick/vdrp/shifts/20170221v015/xy_exp03.dat  150.130587  2.431374           85   20.4428187807   10.5657670871           85  150.130667  2.431378           85   20.2658661924   10.3384125834           85 
/work/00115/gebhardt/maverick/vdrp/shifts/20170221v015/xy_exp03.dat  150.130587  2.431374           85   20.4428187807   10.5657670871           85  150.130667  2.431378           85   20.2658661924   10.3384125834           85 
/work/00115/gebhardt/maverick/vdrp/shifts/20170221v015/xy_exp03.dat  150.129378  2.434008           85   15.1740333367   19.5693998361           85  150.129396  2.433928           85    15.372704563   19.3510756191           85 
/work/00115/gebhardt/maverick/vdrp/shifts/20170222v007/xy_exp03.dat  150.104418  2.260699           85   18.6646184009    9.22885450432           85  150.104368  2.260551           85   19.0221860001   9.66287246494           85 
/work/00115/gebhardt/maverick/vdrp/shifts/20170222v008/xy_exp01.dat  150.107092  2.367483           85    4.55216073035   -11.5116441385           85  150.107026  2.367497           85    4.38401703396  -11.3366429292           85 
/work/00115/gebhardt/maverick/vdrp/shifts/20170222v008/xy_exp02.dat  150.107131  2.367583           85   3.44084487995    -11.2241481378           85  150.107026  2.367497           85   3.50436848787  -10.7399398006           85 
/work/00115/gebhardt/maverick/vdrp/shifts/20170222v008/xy_exp03.dat  150.107235  2.367399           85    2.99410131716  -13.0011089953           85  150.107026  2.367497           85    2.29756979153  -12.5489443445           85 
/work/00115/gebhardt/maverick/vdrp/shifts/20170225v007/xy_exp01.dat  150.201777  2.260127           85   12.4232745871   25.1112353723           85   150.20172  2.259901           85   13.0086353128   25.7123519212           85 
/work/00115/gebhardt/maverick/vdrp/shifts/20170225v007/xy_exp01.dat  150.209779  2.264589           85   13.8336529148  -7.82206557064           85  150.210221  2.264398           85   15.2526863849  -8.81559889646           85 
/work/00115/gebhardt/maverick/vdrp/shifts/20170225v007/xy_exp01.dat  150.205655  2.264565           85   6.13054522036   4.85632753704           85  150.205852  2.264502           85   6.69517094211   4.37174856418           85 
/work/00115/gebhardt/maverick/vdrp/shifts/20170225v007/xy_exp02.dat  150.202145  2.260224           85    11.478315389     24.5380227315           85   150.20172  2.259901           85   11.6670988209   26.4494978893           85 
/work/00115/gebhardt/maverick/vdrp/shifts/20170225v007/xy_exp02.dat  150.209873  2.264598           85   12.6417905087    -7.38985595988           85  150.210221  2.264398           85   13.9111588441  -8.07845271711           85 
/work/00115/gebhardt/maverick/vdrp/shifts/20170225v007/xy_exp02.dat  150.206083  2.264504           85   5.78310955554     4.39749370782           85  150.205852  2.264502           85   5.35363992943   5.10889273124           85 
/work/00115/gebhardt/maverick/vdrp/shifts/20170225v007/xy_exp03.dat  150.205952  2.264486           85    4.76314216444   2.67567003109           85  150.205852  2.264502           85   4.52551913136   2.95180600438           85 
/work/00115/gebhardt/maverick/vdrp/shifts/20170225v007/xy_exp03.dat  150.201814  2.259967           85    10.8139066864   23.8799018925           85   150.20172  2.259901           85   10.8389838003   24.2924088567           85 
/work/00115/gebhardt/maverick/vdrp/shifts/20170225v007/xy_exp03.dat  150.209787  2.264552           85    11.7925177127   -9.1966888596           85  150.210221  2.264398           85    13.083034337  -10.2355414931           85 
/work/00115/gebhardt/maverick/vdrp/shifts/20170225v014/xy_exp01.dat  189.142188  62.232826           85    21.5112940649     22.03933783           85  189.142251   62.23274           85    21.1977180297   21.9461347414           85 
/work/00115/gebhardt/maverick/vdrp/shifts/20170225v014/xy_exp02.dat  189.142362  62.232693           85    20.163348128   22.4260331858           85  189.142251   62.23274           85   20.4091075746   22.3722844823           85 
/work/00115/gebhardt/maverick/vdrp/shifts/20170225v014/xy_exp03.dat  189.142285  62.232744           85    19.526233414    20.9671381912           85  189.142251   62.23274           85   19.5475257616    20.9123136872           85 
/work/00115/gebhardt/maverick/vdrp/shifts/20170225v015/xy_exp03.dat  189.110781  62.214691           85    7.2879994572  -10.6954222512           85  189.110681  62.214467           85   6.72875241887   -11.300143613           85 
/work/00115/gebhardt/maverick/vdrp/shifts/20170301v012/xy_exp03.dat  189.142105  62.232702           85   20.4131520631   20.4754549392           85  189.142251   62.23274           85   20.3828122521    20.7542989537           85 
/work/00115/gebhardt/maverick/vdrp/shifts/20170303v012/xy_exp03.dat   189.16733  62.218512           85  -3.64257402946   21.4108448794           85   189.16708  62.218228           85  -4.70506132328   21.7148174196           85 
/work/00115/gebhardt/maverick/vdrp/shifts/20170303v014/xy_exp01.dat  214.755836  52.815221           85     18.770740314  -12.7946333661           85   214.75574  52.815076           85      18.37540772  -12.3948505512           85 
/work/00115/gebhardt/maverick/vdrp/shifts/20170303v014/xy_exp02.dat  214.755866  52.814906           85   17.7934149383  -11.0384038236           85   214.75574  52.815076           85   17.7786723312  -11.7088417223           85 
/work/00115/gebhardt/maverick/vdrp/shifts/20170303v014/xy_exp03.dat  214.755608  52.815004           85   16.5081169211  -13.4091323168           85   214.75574  52.815076           85   16.8734848448  -13.5363271483           85 
/work/00115/gebhardt/maverick/vdrp/shifts/20170306v018/xy_exp03.dat  189.156665  62.211374           85  -9.03503046665   -15.862947528           85  189.156704  62.211335           85  -9.18738074505  -15.8909846987           85 
/work/00115/gebhardt/maverick/vdrp/shifts/20170306v018/xy_exp03.dat   189.16729  62.218232           85  0.751384126323   12.9761539907           85   189.16708  62.218228           85  0.943841672623   12.6806267704           85 
/work/00115/gebhardt/maverick/vdrp/shifts/20170306v020/xy_exp03.dat  189.151173  62.207955           85  0.743926970245    17.4678116365           85  189.151389  62.207896           85  0.360685625456    17.6401344186           85 
/work/00115/gebhardt/maverick/vdrp/shifts/20170306v020/xy_exp03.dat  189.143536  62.203626           85  -4.52279850791    -2.0126606689           85   189.14361  62.203658           85  -4.50095763899   -1.84465085912           85 
/work/00115/gebhardt/maverick/vdrp/shifts/20170306v020/xy_exp03.dat    189.1536  62.203699           85  -14.1027435367     11.906628534           85  189.153231  62.203701           85  -13.7378111482    11.4060057963           85 
/work/00115/gebhardt/maverick/vdrp/shifts/20170306v021/xy_exp01.dat  189.192722  62.195069           85   20.9722696888   23.1046891956           85  189.192265  62.194917           85   20.9742675009    22.162155181           85 
/work/00115/gebhardt/maverick/vdrp/shifts/20170306v021/xy_exp03.dat  189.207241  62.186881           85  -18.6710449285   24.7454021692           85  189.206789  62.187049           85  -17.7373204142   24.4801161094           85 
/work/00115/gebhardt/maverick/vdrp/shifts/20170321v012/xy_exp01.dat  150.136779   2.23251           85   7.46512892233   -2.57055737744           85   150.13698  2.232216           85   7.93064299238  -3.76484146472           85 
/work/00115/gebhardt/maverick/vdrp/shifts/20170321v012/xy_exp01.dat  150.133242  2.240967           85  -10.4838540624    25.1176172694           85  150.133411  2.241321           85  -11.8789738232   25.3351602628           85 
/work/00115/gebhardt/maverick/vdrp/shifts/20170321v012/xy_exp01.dat  150.137745  2.228751           85   16.6739358143   -13.0776777915           85  150.137633  2.228678           85   17.1182884752  -12.8934516656           85 
/work/00115/gebhardt/maverick/vdrp/shifts/20170321v012/xy_exp01.dat  150.133218  2.234829           85   7.80474917138    12.7158307976           85  150.133194  2.234685           85   8.28139730001   12.4944728655           85 
/work/00115/gebhardt/maverick/vdrp/shifts/20170321v012/xy_exp02.dat  150.133437  2.234814           85   6.37845440276    13.0854908945           85  150.133194  2.234685           85   7.25521971009     13.5449070267           85 
/work/00115/gebhardt/maverick/vdrp/shifts/20170321v012/xy_exp02.dat  150.137038  2.232117           85   7.08088432788   -3.08781003509           85   150.13698  2.232216           85   6.90446628165    -2.71440754136           85 
/work/00115/gebhardt/maverick/vdrp/shifts/20170321v012/xy_exp03.dat  150.133393  2.241068           85    -12.7601154022   24.6652590188           85  150.133411  2.241321           85   -13.5484877721   25.1259330451           85 
/work/00115/gebhardt/maverick/vdrp/shifts/20170321v012/xy_exp03.dat  150.136958  2.232198           85     6.35928480873  -3.94532478598           85   150.13698  2.232216           85    6.26112309349  -3.97407295488           85 
/work/00115/gebhardt/maverick/vdrp/shifts/20170322v010/xy_exp01.dat  150.130736   2.43129           85    23.861311818    14.1717248416           85  150.130667  2.431378           85   23.7451102424     14.557018859           85 
/work/00115/gebhardt/maverick/vdrp/shifts/20170322v010/xy_exp01.dat  150.130736   2.43129           85    23.861311818    14.1717248416           85  150.130667  2.431378           85   23.7451102424     14.557018859           85 
/work/00115/gebhardt/maverick/vdrp/shifts/20170322v010/xy_exp01.dat  150.143732  2.434206           85  -11.6290649646   -18.0087936166           85  150.143559  2.434366           85  -11.7418982663   -17.1684206688           85 
/work/00115/gebhardt/maverick/vdrp/shifts/20170322v010/xy_exp02.dat  150.130294  2.431363           85   22.9382488284   16.1939075286           85  150.130667  2.431378           85   22.1218556273   15.1279386869           85 
/work/00115/gebhardt/maverick/vdrp/shifts/20170322v010/xy_exp02.dat  150.130294  2.431363           85   22.9382488284   16.1939075286           85  150.130667  2.431378           85   22.1218556273   15.1279386869           85 
/work/00115/gebhardt/maverick/vdrp/shifts/20170322v010/xy_exp02.dat  150.129027  2.434117           85   17.4541165136   25.6272030218           85  150.129396  2.433928           85   17.2465440313   24.1502705903           85 
/work/00115/gebhardt/maverick/vdrp/shifts/20170322v010/xy_exp03.dat  150.130639  2.431329           85   22.3942570577    13.5198196286           85  150.130667  2.431378           85   22.1920411022   13.5390053647           85 
/work/00115/gebhardt/maverick/vdrp/shifts/20170322v010/xy_exp03.dat  150.130639  2.431329           85   22.3942570577    13.5198196286           85  150.130667  2.431378           85   22.1920411022   13.5390053647           85 
/work/00115/gebhardt/maverick/vdrp/shifts/20170322v010/xy_exp03.dat  150.137637  2.440165           85  -18.1053996654    11.2477934018           85  150.137692  2.440041           85  -17.8542377855   10.8290758457           85 
/work/00115/gebhardt/maverick/vdrp/shifts/20170322v011/xy_exp01.dat   214.96216  52.954017           85  -0.341461081834   24.7927795225           85  214.962101  52.954175           85   -0.2344326271   24.2196707122           85 
/work/00115/gebhardt/maverick/vdrp/shifts/20170322v011/xy_exp01.dat   214.95713   52.96013           85   -1.67329324435  0.266818322831           85  214.957169  52.960078           85  -1.66952302951  0.472201684088           85 
/work/00115/gebhardt/maverick/vdrp/shifts/20170322v011/xy_exp01.dat  214.963184   52.95983           85    9.96170640549   6.44315204163           85  214.962893  52.959913           85   9.49991016878   5.91946571365           85 
/work/00115/gebhardt/maverick/vdrp/shifts/20170322v011/xy_exp02.dat  214.957315  52.959994           85  -3.10604791746   1.32022328569           85  214.957169  52.960078           85   -3.27749446622   0.917368311366           85 
/work/00115/gebhardt/maverick/vdrp/shifts/20170322v011/xy_exp02.dat  214.962863  52.959856           85   7.75109949296   6.52756499089           85  214.962893  52.959913           85    7.89189322339    6.36472572244           85 
/work/00115/gebhardt/maverick/vdrp/shifts/20170322v011/xy_exp03.dat  214.957058  52.959944           85   -3.39327282835  -0.409842008183           85  214.957169  52.960078           85   -2.98161837194  -0.757967580861           85 
/work/00115/gebhardt/maverick/vdrp/shifts/20170322v011/xy_exp03.dat  214.963147  52.959971           85    8.77625500233    4.71507168569           85  214.962893  52.959913           85    8.18775553652    4.68941777438           85 
/work/00115/gebhardt/maverick/vdrp/shifts/20170322v014/xy_exp01.dat  189.156431  62.211432           85  -6.55083431673  -14.0748610637           85  189.156704  62.211335           85   -7.1009069574  -13.9036849228           85 
/work/00115/gebhardt/maverick/vdrp/shifts/20170322v014/xy_exp01.dat   189.16765  62.218232           85   2.49835408693   15.4523249111           85   189.16708  62.218228           85   3.04057239943    14.664288165           85 
/work/00115/gebhardt/maverick/vdrp/shifts/20170322v014/xy_exp02.dat  189.156414   62.21131           85  -8.06010750965    -13.2065616515           85  189.156704  62.211335           85   -8.26871016097   -12.7576886464           85 
/work/00115/gebhardt/maverick/vdrp/shifts/20170322v014/xy_exp02.dat  189.166853  62.218309           85   2.33151429032     15.6685096889           85   189.16708  62.218228           85     1.8731926131    15.8101345048           85 
/work/00115/gebhardt/maverick/vdrp/shifts/20170322v014/xy_exp03.dat   189.15667  62.211317           85  -8.58384705806  -14.1661426747           85  189.156704  62.211335           85  -8.56408607118  -14.0820897232           85 
/work/00115/gebhardt/maverick/vdrp/shifts/20170322v015/xy_exp01.dat  189.153314  62.203646           85  -13.9353624692    11.6071818008           85  189.153231  62.203701           85   -13.693248481   11.6078026938           85 
/work/00115/gebhardt/maverick/vdrp/shifts/20170322v015/xy_exp01.dat  189.151152  62.208046           85   1.09128731738    17.7940650923           85  189.151389  62.207896           85  0.420694893657    17.806881138           85 
/work/00115/gebhardt/maverick/vdrp/shifts/20170322v015/xy_exp01.dat  189.143545  62.203558           85  -4.72014799037   -1.96281468545           85   189.14361  62.203658           85  -4.48934770607    -1.665764151           85 
/work/00115/gebhardt/maverick/vdrp/shifts/20170322v015/xy_exp02.dat  189.143281  62.203498           85  -5.44443521223   -1.0641388571           85   189.14361  62.203658           85    -5.293369384  -0.280546162276           85 
/work/00115/gebhardt/maverick/vdrp/shifts/20170322v015/xy_exp02.dat    189.1533    62.2037           85  -14.5669207795   13.0856367134           85  189.153231  62.203701           85  -14.4970756419    12.9931559249           85 
/work/00115/gebhardt/maverick/vdrp/shifts/20170322v015/xy_exp03.dat  189.143539  62.203706           85   -5.47944118647  -1.77490322697           85   189.14361  62.203658           85   -5.68934745134  -1.77744381657           85 
/work/00115/gebhardt/maverick/vdrp/shifts/20170322v015/xy_exp03.dat  189.151563  62.208001           85  -0.639339186729    18.151932471           85  189.151389  62.207896           85  -0.779196632639    17.695174155           85 
/work/00115/gebhardt/maverick/vdrp/shifts/20170322v015/xy_exp03.dat  189.153368  62.203558           85   -15.4462610597   11.3865741128           85  189.153231  62.203701           85   -14.8931744909    11.496174243           85 
/work/00115/gebhardt/maverick/vdrp/shifts/20170322v019/xy_exp01.dat  215.068088  52.919639           85  -11.7218923282   12.9923073033           85  215.067918  52.919773           85  -11.1793994274    13.2653814233           85 
/work/00115/gebhardt/maverick/vdrp/shifts/20170322v019/xy_exp01.dat  215.056553  52.925377           85   19.8173036075   20.6588391562           85  215.056698  52.925312           85   19.4320621964    20.5855223363           85 
/work/00115/gebhardt/maverick/vdrp/shifts/20170322v019/xy_exp02.dat  215.056349  52.925246           85   18.5178042407    20.6445974224           85  215.056698  52.925312           85   17.9398499323    21.1887683407           85 
/work/00115/gebhardt/maverick/vdrp/shifts/20170322v019/xy_exp03.dat   215.05672  52.925178           85   17.9507526608    19.5272394484           85  215.056698  52.925312           85    18.204121552   19.9405121513           85 
/work/00115/gebhardt/maverick/vdrp/shifts/20170326v006/xy_exp01.dat  150.133388    2.2411           85  -11.2732548485   24.8661886303           85  150.133411  2.241321           85  -11.9763921728   25.2475340534           85 
/work/00115/gebhardt/maverick/vdrp/shifts/20170326v006/xy_exp01.dat  150.137649  2.228777           85   16.6646383887  -12.8496435479           85  150.137633  2.228678           85    16.991198974  -13.0035659799           85 
/work/00115/gebhardt/maverick/vdrp/shifts/20170326v006/xy_exp01.dat  150.136934  2.232333           85   7.55665579635  -3.49328443595           85   150.13698  2.232216           85   7.81063934765  -3.86782962793           85 
/work/00115/gebhardt/maverick/vdrp/shifts/20170326v006/xy_exp01.dat  150.132921  2.234785           85   8.43197455934   13.4048567724           85  150.133194  2.234685           85   8.17400950816   12.3912076278           85 
/work/00115/gebhardt/maverick/vdrp/shifts/20170326v006/xy_exp02.dat  150.137571  2.228598           85    16.0213752951   -12.6357044002           85  150.137633  2.228678           85     15.6577332889    -12.656954718           85 
/work/00115/gebhardt/maverick/vdrp/shifts/20170326v006/xy_exp02.dat  150.136997  2.232247           85    6.35054415644    -3.5086030784           85   150.13698  2.232216           85     6.47717440924   -3.52121745567           85 
/work/00115/gebhardt/maverick/vdrp/shifts/20170326v006/xy_exp02.dat  150.133464  2.241065           85   -12.6572622042    24.9160469322           85  150.133411  2.241321           85    -13.3098547144    25.5941482702           85 
/work/00115/gebhardt/maverick/vdrp/shifts/20170326v006/xy_exp03.dat  150.137638  2.228656           85   15.7845549817  -14.2045538839           85  150.137633  2.228678           85      15.7293783638  -14.1449576956           85 
/work/00115/gebhardt/maverick/vdrp/shifts/20170326v006/xy_exp03.dat  150.136883  2.232358           85   6.32426335562  -4.43245538794           85   150.13698  2.232216           85      6.54882158015  -5.00921857703           85 
/work/00115/gebhardt/maverick/vdrp/shifts/20170326v006/xy_exp03.dat  150.133191  2.241276           85  -12.6573213965   24.6675146121           85  150.133411  2.241321           85     -13.2382009158   24.1061509496           85 
/work/00115/gebhardt/maverick/vdrp/shifts/20170326v007/xy_exp01.dat  150.242517  2.336818           85  -14.4113958739  -7.63822920308           85  150.242735   2.33669           85   -14.477351993  -8.54535426526           85 
/work/00115/gebhardt/maverick/vdrp/shifts/20170326v007/xy_exp01.dat   150.23689  2.341354           85  -16.3600536393   18.2949803576           85  150.236948  2.341304           85  -16.3303499437   18.0210412409           85 
/work/00115/gebhardt/maverick/vdrp/shifts/20170326v007/xy_exp02.dat  150.242495  2.336785           85   -16.0178352182  -7.13303053121           85  150.242735   2.33669           85  -16.2265160184  -8.03783638225           85 
/work/00115/gebhardt/maverick/vdrp/shifts/20170326v007/xy_exp02.dat  150.236759  2.341369           85   -17.8861013387    19.221034751           85  150.236948  2.341304           85    -18.07951105   18.5285595839           85 
/work/00115/gebhardt/maverick/vdrp/shifts/20170326v007/xy_exp03.dat  150.242567  2.336916           85  -16.0766279397  -8.54330564528           85  150.242735   2.33669           85  -15.7500537299  -9.50271806311           85 
/work/00115/gebhardt/maverick/vdrp/shifts/20170326v007/xy_exp03.dat   150.23675  2.341324           85  -17.2579016285   17.6908126046           85  150.236948  2.341304           85  -17.6030438777    17.063677747           85 
/work/00115/gebhardt/maverick/vdrp/shifts/20170326v010/xy_exp03.dat  189.228412  62.190921           85     7.55261362027  3.56100582846           85  189.227606  62.190843           85     8.112687331   2.29703972632           85 
/work/00115/gebhardt/maverick/vdrp/shifts/20170328v018/xy_exp01.dat  214.699356  52.762715           85   -13.067362103   11.5344765702           85  214.699427  52.762668           85   -13.2798955166   11.4485667808           85 
/work/00115/gebhardt/maverick/vdrp/shifts/20170328v018/xy_exp01.dat  214.699356  52.762715           85   -13.067362103   11.5344765702           85  214.699427  52.762668           85   -13.2798955166   11.4485667808           85 
/work/00115/gebhardt/maverick/vdrp/shifts/20170328v018/xy_exp02.dat  214.684277  52.762732           85   15.3889754647  -1.56464822404           85  214.684229  52.762505           85   15.1308816037  -2.34704131068           85 
/work/00115/gebhardt/maverick/vdrp/shifts/20170328v018/xy_exp03.dat  214.684493  52.762298           85   13.4401762866  -4.20029662234           85  214.684229  52.762505           85    14.280435831  -3.77598876228           85 
/work/00115/gebhardt/maverick/vdrp/shifts/20170328v019/xy_exp01.dat   214.80291  52.852888           85   -9.04765018304   -17.6034536653           85  214.802899  52.853005           85    -8.8433781815  -17.2343268734           85 
/work/00115/gebhardt/maverick/vdrp/shifts/20170328v019/xy_exp02.dat   214.80321    52.8532           85   -10.4994613818   -15.6577817125           85  214.802899  52.853005           85  -10.1948669672   -16.5835874104           85 
/work/00115/gebhardt/maverick/vdrp/shifts/20170328v019/xy_exp03.dat  214.802863  52.853121           85  -9.59969836376  -17.6852598505           85  214.802899  52.853005           85  -9.85137669975  -18.0275649895           85 
/work/00115/gebhardt/maverick/vdrp/shifts/20170330v006/xy_exp02.dat  214.911283  52.913784           85   17.6213567277   25.3575595328           85  214.911483  52.913968           85   18.2810957312   24.9193541278           85 
/work/00115/gebhardt/maverick/vdrp/shifts/20170330v006/xy_exp03.dat  214.911411  52.913753           85   17.7162306431   24.1882022392           85  214.911483  52.913968           85   18.1644053079   23.5380887002           85 
/work/00115/gebhardt/maverick/vdrp/shifts/20170331v006/xy_exp01.dat  150.140534  2.333057           85  -2.64919700583  -15.2945297867           85  150.140539  2.333178           85     -3.0176328095    -15.061449821           85 
/work/00115/gebhardt/maverick/vdrp/shifts/20170331v006/xy_exp01.dat  150.136185  2.327864           85    21.625453879  -13.0684944065           85  150.136408  2.328035           85     20.6627960532   -13.3778149098           85 
/work/00115/gebhardt/maverick/vdrp/shifts/20170331v006/xy_exp01.dat  150.134056   2.34335           85   -19.860956895   24.9518876171           85  150.133823  2.343311           85    -19.2686035329     25.561182782           85 
/work/00115/gebhardt/maverick/vdrp/shifts/20170331v006/xy_exp02.dat  150.140504   2.33314           85  -4.28149906863  -14.4711431204           85  150.140539  2.333178           85  -4.46563044496  -14.4968260469           85 
/work/00115/gebhardt/maverick/vdrp/shifts/20170331v006/xy_exp02.dat  150.136278  2.327999           85   19.5874561536  -12.5024107534           85  150.136408  2.328035           85    19.214798676  -12.8131929599           85 
/work/00115/gebhardt/maverick/vdrp/shifts/20170331v006/xy_exp02.dat  150.131464  2.332867           85   15.0297352377   11.7090280449           85  150.131599  2.332831           85   14.8599915342   11.2359650163           85 
/work/00115/gebhardt/maverick/vdrp/shifts/20170331v006/xy_exp02.dat  150.134086  2.343131           85  -20.7220374295   24.9791561026           85  150.133823  2.343311           85  -20.7165985004   26.1258081891           85 
/work/00115/gebhardt/maverick/vdrp/shifts/20170331v006/xy_exp03.dat  150.133779  2.343377           85   -20.547873794   24.8892100229           85  150.133823  2.343311           85  -20.4425486258   24.6238625363           85 
/work/00115/gebhardt/maverick/vdrp/shifts/20170331v006/xy_exp03.dat  150.140556  2.333233           85  -4.38920398526  -15.9363905034           85  150.140539  2.333178           85  -4.19158929483  -15.9987743153           85 
/work/00115/gebhardt/maverick/vdrp/shifts/20170331v006/xy_exp03.dat  150.136257  2.328125           85   19.5314762996  -13.6841370162           85  150.136408  2.328035           85   19.4888399698  -14.3151461613           85 
/work/00115/gebhardt/maverick/vdrp/shifts/20170331v007/xy_exp01.dat  214.808117  52.839495           85     20.397676359   24.1602278379           85  214.808351  52.839634           85    21.0613336505   23.8977598736           85 
/work/00115/gebhardt/maverick/vdrp/shifts/20170331v008/xy_exp03.dat  214.987095  52.977528           85  -5.22921081125    15.2510439269           85  214.987925  52.977539           85   -3.5606392694    15.9251474527           85 
/work/00115/gebhardt/maverick/vdrp/shifts/20170331v013/xy_exp01.dat  214.824648  52.864059           85  -3.75411308377   4.83455853223           85  214.824913  52.864229           85  -4.00432422196   5.63683246707           85 
/work/00115/gebhardt/maverick/vdrp/shifts/20170331v013/xy_exp01.dat  214.815455  52.870663           85   24.6099632478   17.4768165521           85  214.815367  52.870995           85   25.3046034514   18.4680526176           85 
/work/00115/gebhardt/maverick/vdrp/shifts/20170331v013/xy_exp02.dat   214.81516  52.870754           85   24.1686729273   17.9355906012           85  214.815367  52.870995           85   24.1435635169    18.9125419682           85 
/work/00115/gebhardt/maverick/vdrp/shifts/20170331v013/xy_exp02.dat  214.824949  52.864279           85  -5.15708574362   6.27764456487           85  214.824913  52.864229           85  -5.16546598097    6.08155421435           85 
/work/00115/gebhardt/maverick/vdrp/shifts/20170331v013/xy_exp03.dat  214.815173  52.871052           85    24.750222581    17.4046108234           85  214.815367  52.870995           85   24.2813707929   17.4044242346           85 
/work/00115/gebhardt/maverick/vdrp/shifts/20170331v013/xy_exp03.dat  214.824681  52.864242           85  -4.55370477353    4.39481772762           85  214.824913  52.864229           85  -5.02759422139   4.57328999764           85 
/work/00115/gebhardt/maverick/vdrp/shifts/20170418v003/xy_exp01.dat  189.504245   62.18654           85  -12.8503029448   6.54584826096           85  189.503934  62.186587           85   -13.0402950982      6.03064647519           85 
/work/00115/gebhardt/maverick/vdrp/shifts/20170418v003/xy_exp02.dat   189.50387  62.186787           85   -11.684371965   4.55184794037           85  189.503934  62.186587           85     -12.1838108   5.08148858738           85 
/work/00115/gebhardt/maverick/vdrp/shifts/20170418v003/xy_exp03.dat  189.503942  62.186549           85    -13.97780946   4.47777353183           85  189.503934  62.186587           85  -13.8785945828   4.38263532674           85 
/work/00115/gebhardt/maverick/vdrp/shifts/20170418v004/xy_exp01.dat  150.129207   1.93943           85    10.0862233499   13.2158162129           85  150.129291  1.939434           85    9.90677439854    12.9722044622           85 
/work/00115/gebhardt/maverick/vdrp/shifts/20170418v004/xy_exp01.dat  150.128326  1.942252           85    3.38548374585   21.4836626514           85  150.128355  1.942289           85    3.21678656341    21.4706092201           85 
/work/00115/gebhardt/maverick/vdrp/shifts/20170418v004/xy_exp02.dat  150.128885  1.939429           85   11.2719819811    12.3919279938           85  150.129291  1.939434           85   10.4476000088   11.1858800885           85 
/work/00115/gebhardt/maverick/vdrp/shifts/20170418v004/xy_exp03.dat  150.129007  1.939377           85   9.60672359987   12.5409058427           85  150.129291  1.939434           85   8.86972381572   11.8039897423           85 
/work/00115/gebhardt/maverick/vdrp/shifts/20170418v004/xy_exp03.dat  150.128154  1.942215           85     2.802215287   20.7568055028           85  150.128355  1.942289           85   2.17973812853    20.302396084           85 
/work/00115/gebhardt/maverick/vdrp/shifts/20170418v013/xy_exp02.dat  189.333579  62.275348           85  17.2039610819    6.5024046574           85  189.333559  62.275555           85   17.832759871   6.90372514904           85 
/work/00115/gebhardt/maverick/vdrp/shifts/20170419v006/xy_exp03.dat  214.545149  52.621819           85  -4.90417738017    15.3183462688           85  214.544787  52.622106           85  -5.23934009238   14.0609408108           85 
/work/00115/gebhardt/maverick/vdrp/shifts/20170420v017/xy_exp01.dat  215.183435  52.360791           85    -12.268356756   21.9931617247           85  215.183535  52.360536           85   -12.8510275571   21.2504947983           85 
/work/00115/gebhardt/maverick/vdrp/shifts/20170420v017/xy_exp02.dat  215.183604  52.360521           85   -12.7563975649   19.7613407729           85  215.183535  52.360536           85   -12.5960030554   19.7471559701           85 
/work/00115/gebhardt/maverick/vdrp/shifts/20170420v017/xy_exp03.dat  215.172603  52.356016           85    1.02081272345  -4.20455291724           85  215.172488  52.356064           85    1.32268454064  -4.15290642564           85 
/work/00115/gebhardt/maverick/vdrp/shifts/20170420v017/xy_exp03.dat  215.183335  52.360579           85   -13.5755226237   20.5649859286           85  215.183535  52.360536           85   -14.0397155687    20.607670056           85 
/work/00115/gebhardt/maverick/vdrp/shifts/20170421v016/xy_exp01.dat  214.070658  53.192089           85    8.20698577484   11.3449004731           85  214.070802  53.192134           85     8.00090699218    11.628171821           85 
/work/00115/gebhardt/maverick/vdrp/shifts/20170421v016/xy_exp02.dat   214.07588  53.190496           85  -4.03208577793      9.695614105           85  214.076463  53.190657           85  -4.90032066316     10.7742401827           85 
/work/00115/gebhardt/maverick/vdrp/shifts/20170421v016/xy_exp02.dat  214.070584  53.192246           85    9.0010764805    10.2549767685           85  214.070802  53.192134           85   8.40058850404     10.1030803772           85 
/work/00115/gebhardt/maverick/vdrp/shifts/20170421v016/xy_exp03.dat  214.070697  53.192179           85   7.29137032481   10.7546362484           85  214.070802  53.192134           85   7.01647092276   10.7103172598           85 
/work/00115/gebhardt/maverick/vdrp/shifts/20170421v017/xy_exp01.dat  214.070647  53.192099           85    8.43784111031   11.1946184645           85  214.070802  53.192134           85   8.19438096216   11.4560971997           85 
/work/00115/gebhardt/maverick/vdrp/shifts/20170421v017/xy_exp02.dat  214.070684  53.191953           85    7.21638308861    11.7766574303           85  214.070802  53.192134           85    7.27805659897    12.4734767064           85 
/work/00115/gebhardt/maverick/vdrp/shifts/20170421v017/xy_exp03.dat  214.070718  53.192101           85   6.69409608453   10.9828905679           85  214.070802  53.192134           85   6.58461370126   11.1698469194           85 
/work/00115/gebhardt/maverick/vdrp/shifts/20170423v008/xy_exp01.dat  214.019704  52.384467           85  0.310504789551   -11.2228206385           85  214.019556  52.384729           85  0.361014908772  -12.2192301795           85 
/work/00115/gebhardt/maverick/vdrp/shifts/20170423v008/xy_exp02.dat  214.019772  52.384644           85  -0.0426353392563   -10.887638228           85  214.019556  52.384729           85  -0.368660918045  -11.3487260426           85 
/work/00115/gebhardt/maverick/vdrp/shifts/20170423v015/xy_exp02.dat  215.172459  52.685908           85   1.21503095133   -13.2722126911           85  215.172387  52.685915           85   1.36779847595   -13.3167634239           85 
/work/00115/gebhardt/maverick/vdrp/shifts/20170423v016/xy_exp01.dat  215.723652  52.356441           85   9.47043391306  -3.35876434118           85  215.723675   52.35649           85   9.49799156032    -3.1773395904           85 
/work/00115/gebhardt/maverick/vdrp/shifts/20170423v016/xy_exp01.dat  215.720368  52.358423           85   19.0076253488  0.117798268009           85  215.720325  52.358362           85   19.0020406066  -0.121222355796           85 
/work/00115/gebhardt/maverick/vdrp/shifts/20170423v016/xy_exp02.dat   215.72382  52.356517           85   7.61999101646  -2.60529756369           85  215.723675   52.35649           85   7.86927068316  -2.82653803666           85 
/work/00115/gebhardt/maverick/vdrp/shifts/20170423v016/xy_exp02.dat  215.720428  52.358408           85   17.2365197604  0.474395710065           85  215.720325  52.358362           85   17.3733510043   0.22948200356           85 
/work/00115/gebhardt/maverick/vdrp/shifts/20170423v016/xy_exp03.dat  215.723662  52.356513           85   8.45482238264  -4.31089699687           85  215.723675   52.35649           85   8.39432855201  -4.37424789164           85 
/work/00115/gebhardt/maverick/vdrp/shifts/20170423v016/xy_exp03.dat  215.720349  52.358417           85   17.9329428713  -1.11618494307           85  215.720325  52.358362           85   17.8983872598  -1.31816094404           85 
/work/00115/gebhardt/maverick/vdrp/shifts/20170424v008/xy_exp03.dat  214.031939   52.71449           85   16.9885479315   8.74217496674           85  214.031955  52.714482           85   17.0096691567   8.78218602695           85 
/work/00115/gebhardt/maverick/vdrp/shifts/20170424v008/xy_exp03.dat  214.020996   52.71152           85  -9.15388124339   9.42336298424           85  214.020794  52.711527           85  -9.55077542247   9.23048450945           85 
/work/00115/gebhardt/maverick/vdrp/shifts/20170425v003/xy_exp01.dat  215.401737  52.712778           85  -13.2042017334   2.94970028256           85   215.40175   52.71278           85   -13.1752601317   2.95394979113           85 
/work/00115/gebhardt/maverick/vdrp/shifts/20170427v004/xy_exp01.dat  214.418116  52.662852           85   -12.743890878   -2.77879374033           85   214.41803  52.662747           85  -13.0622214239   -2.5016491069           85 
/work/00115/gebhardt/maverick/vdrp/shifts/20170427v004/xy_exp02.dat  214.432414  52.661265           85   12.4825672441    14.6923473079           85  214.432235  52.661239           85   12.0856861259    14.6290479097           85 
/work/00115/gebhardt/maverick/vdrp/shifts/20170427v004/xy_exp02.dat  214.418034  52.662761           85  -14.4541084213   -2.31538319343           85   214.41803  52.662747           85  -14.4814953871   -2.27218135405           85 
/work/00115/gebhardt/maverick/vdrp/shifts/20170427v004/xy_exp03.dat  214.418109  52.662658           85  -14.0910824776  -3.67314669157           85   214.41803  52.662747           85  -14.1275720906  -4.03519359749           85 
/work/00115/gebhardt/maverick/vdrp/shifts/20170427v004/xy_exp03.dat  214.432303  52.661166           85   12.4760227958    13.165729337           85  214.432235  52.661239           85   12.4395715937   12.8660943996           85 
/work/00115/gebhardt/maverick/vdrp/shifts/20170427v005/xy_exp01.dat  214.303934  52.544678           85   7.42128859507   14.8074587217           85  214.303818  52.544764           85   7.30360443766   14.4247070767           85 
/work/00115/gebhardt/maverick/vdrp/shifts/20170427v005/xy_exp01.dat  214.306586  52.544096           85   12.0003278398   18.9466756444           85    214.3066  52.543823           85   11.6562660126   19.8677945653           85 
/work/00115/gebhardt/maverick/vdrp/shifts/20170427v005/xy_exp02.dat  214.303801  52.544682           85   5.58618158145   15.1685197291           85  214.303818  52.544764           85   5.73250067741   14.9094459046           85 
/work/00115/gebhardt/maverick/vdrp/shifts/20170427v005/xy_exp03.dat  214.303867  52.544784           85   6.29124557111   13.3098755336           85  214.303818  52.544764           85   6.16468482872   13.3358481379           85 
/work/00115/gebhardt/maverick/vdrp/shifts/20170427v013/xy_exp01.dat  214.337014  53.185939           85    18.324817297   -19.5284691154           85  214.336933  53.185967           85   18.5261520928  -19.5159612808           85 
/work/00115/gebhardt/maverick/vdrp/shifts/20170427v013/xy_exp01.dat  214.342178  53.194057           85   21.3568364906    11.5997961722           85  214.342223  53.194084           85   21.3131876876   11.7300359628           85 
/work/00115/gebhardt/maverick/vdrp/shifts/20170427v013/xy_exp02.dat  214.353768  53.185567           85  -15.9572451864  -4.34423262762           85  214.353774  53.185394           85  -16.2461321828   -4.89613169428           85 
/work/00115/gebhardt/maverick/vdrp/shifts/20170427v013/xy_exp02.dat  214.337035  53.185955           85   16.9875425206  -19.1613876251           85  214.336933  53.185967           85   17.2038112132   -19.2206236769           85 
/work/00115/gebhardt/maverick/vdrp/shifts/20170427v013/xy_exp02.dat    214.3422  53.194147           85   20.1364826056   12.2063659258           85  214.342223  53.194084           85   19.9911129485    12.0253499424           85 
/work/00115/gebhardt/maverick/vdrp/shifts/20170427v013/xy_exp03.dat  214.336987  53.186011           85   17.3569642888  -20.4464633577           85  214.336933  53.185967           85   17.3907890448  -20.6401539765           85 
/work/00115/gebhardt/maverick/vdrp/shifts/20170427v013/xy_exp03.dat  214.353705  53.185462           85  -15.8169532714  -6.16291076495           85  214.353774  53.185394           85  -16.0592280529  -6.31583507338           85 
/work/00115/gebhardt/maverick/vdrp/shifts/20170427v013/xy_exp03.dat   214.34217  53.194154           85   20.3924553415    10.780617393           85  214.342223  53.194084           85   20.1779293615    10.605833529           85 
/work/00115/gebhardt/maverick/vdrp/shifts/20170427v014/xy_exp01.dat  214.350244  52.690663           85  -8.56652055162   9.03107481485           85  214.350096  52.690588           85  -8.39027073071   8.64880947104           85 
/work/00115/gebhardt/maverick/vdrp/shifts/20170427v014/xy_exp03.dat  214.350689  52.687382           85   -15.7713373341  -2.17928912886           85  214.350398  52.687375           85   -15.2082541353  -2.47394122398           85 
/work/00115/gebhardt/maverick/vdrp/shifts/20170428v005/xy_exp01.dat  214.582206  52.386417           85   18.5636376696  -9.95366496916           85  214.582103  52.386442           85   18.3874228802  -10.1217878679           85 
/work/00115/gebhardt/maverick/vdrp/shifts/20170428v005/xy_exp01.dat  214.573615  52.382074           85  -4.79193778557  -2.51668903904           85  214.573394  52.382128           85  -5.16954681287   -2.8786810782           85 
/work/00115/gebhardt/maverick/vdrp/shifts/20170428v005/xy_exp01.dat  214.578085  52.379225           85  0.479911260637   10.6699909818           85  214.578145  52.379275           85   0.66953167291   10.5523920086           85 
/work/00115/gebhardt/maverick/vdrp/shifts/20170428v005/xy_exp02.dat  214.582039   52.38632           85    16.9406621751   -9.26131191362           85  214.582103  52.386442           85     17.2353688344   -9.61602214878           85 
/work/00115/gebhardt/maverick/vdrp/shifts/20170428v005/xy_exp02.dat  214.578261  52.379304           85  -0.207174269268    11.0566128809           85  214.578145  52.379275           85   -0.482636908047     11.058059924           85 
/work/00115/gebhardt/maverick/vdrp/shifts/20170428v005/xy_exp02.dat  214.577605  52.375783           85    -6.2864706677     22.272311391           85  214.577634  52.375809           85    -6.19234616973    22.2093541955           85 
/work/00115/gebhardt/maverick/vdrp/shifts/20170428v005/xy_exp02.dat  214.573501  52.382151           85   -6.07261609603   -2.36185000526           85  214.573394  52.382128           85     -6.3216410778   -2.37304554262           85 
/work/00115/gebhardt/maverick/vdrp/shifts/20170428v005/xy_exp03.dat  214.582217  52.386513           85    17.6482110467  -10.9672948406           85  214.582103  52.386442           85     17.3203015635  -10.8239514099           85 
/work/00115/gebhardt/maverick/vdrp/shifts/20170428v005/xy_exp03.dat  214.573434  52.382206           85   -6.05014126379  -3.80854095469           85  214.573394  52.382128           85    -6.23672521078  -3.58103033161           85 
/work/00115/gebhardt/maverick/vdrp/shifts/20170428v005/xy_exp03.dat  214.578154  52.379206           85  -0.472345121097   10.0878488469           85  214.578145  52.379275           85   -0.397752659303   9.85008867854           85 
/work/00115/gebhardt/maverick/vdrp/shifts/20170428v007/xy_exp01.dat  215.689696  52.716457           85   17.6822778784   2.24333217123           85   215.68968  52.716397           85   17.5668728749   2.42922261123           85 
/work/00115/gebhardt/maverick/vdrp/shifts/20170428v007/xy_exp02.dat  215.689639  52.716444           85    16.3621131752   2.87427869892           85   215.68968  52.716397           85    16.3794444934   3.06486349626           85 
/work/00115/gebhardt/maverick/vdrp/shifts/20170428v007/xy_exp03.dat  215.689708  52.716506           85    16.9409832658   1.31362514646           85   215.68968  52.716397           85    16.7334752079   1.65222077758           85 
/work/00115/gebhardt/maverick/vdrp/shifts/20170501v011/xy_exp01.dat  214.891099  53.187938           85   19.7895822467   -11.0362204422           85  214.891209  53.187938           85     19.57716528   -10.9304803085           85 
/work/00115/gebhardt/maverick/vdrp/shifts/20170501v011/xy_exp01.dat  214.907382  53.187235           85  -12.7804803243    2.35439891016           85  214.907382  53.187155           85  -12.9088812856    2.09660557963           85 
/work/00115/gebhardt/maverick/vdrp/shifts/20170501v011/xy_exp01.dat  214.914207  53.192073           85   -18.191871655    24.5081336086           85  214.914304  53.192283           85  -18.0420187003    25.2781037696           85 
/work/00115/gebhardt/maverick/vdrp/shifts/20170501v011/xy_exp01.dat  214.889152  53.186516           85   21.2682291022   -17.4906233805           85  214.889177  53.186515           85   21.2183460594   -17.4698149031           85 
/work/00115/gebhardt/maverick/vdrp/shifts/20170501v011/xy_exp02.dat  214.900844  53.193683           85    8.84007883192     17.2777582103           85  214.901149  53.194036           85    8.81770695467    18.7085513868           85 
/work/00115/gebhardt/maverick/vdrp/shifts/20170501v011/xy_exp02.dat   214.90751  53.187236           85   -14.3771832188     2.91240363999           85  214.907382  53.187155           85   -14.2600404818     2.5282854526           85 
/work/00115/gebhardt/maverick/vdrp/shifts/20170501v011/xy_exp02.dat  214.914442  53.191877           85   -20.3111590254     24.5343304483           85  214.914304  53.192283           85   -19.3929675527    25.7098304459           85 
/work/00115/gebhardt/maverick/vdrp/shifts/20170501v011/xy_exp02.dat  214.891183  53.187909           85     18.229570386    -10.6175494009           85  214.891209  53.187938           85    18.2258880345   -10.4990956161           85 
/work/00115/gebhardt/maverick/vdrp/shifts/20170501v011/xy_exp03.dat  214.914463  53.192314           85  -19.4318792674   24.3657441628           85  214.914304  53.192283           85   -19.1746868779   24.1129265153           85 
/work/00115/gebhardt/maverick/vdrp/shifts/20170501v011/xy_exp03.dat   214.89128  53.187981           85    18.376260213  -11.8889479181           85  214.891209  53.187938           85    18.4443806043  -12.0957781732           85 
/work/00115/gebhardt/maverick/vdrp/shifts/20170501v011/xy_exp03.dat  214.907389  53.187391           85  -13.6763547635   1.69863331039           85  214.907382  53.187155           85   -14.0416239716  0.931412097631           85 
/work/00115/gebhardt/maverick/vdrp/shifts/20170501v011/xy_exp03.dat  214.900974  53.193986           85   9.29365591986   16.7824383532           85  214.901149  53.194036           85    9.03602836982   17.1118130818           85 
/work/00115/gebhardt/maverick/vdrp/shifts/20170501v011/xy_exp03.dat  214.889112  53.186419           85   20.0570619994  -19.0069904666           85  214.889177  53.186515           85    20.0855403692  -18.6351179696           85 
/work/00115/gebhardt/maverick/vdrp/shifts/20170501v012/xy_exp02.dat  215.738399   52.52304           85  -19.0687651842    10.903357751           85  215.738346  52.523016           85  -18.9999873357     10.776032503           85 
/work/00115/gebhardt/maverick/vdrp/shifts/20170502v009/xy_exp01.dat  214.632487  53.020987           85   -16.4328452823   4.44932033026           85  214.632419   53.02089           85   -16.4546503142   4.07096992361           85 
/work/00115/gebhardt/maverick/vdrp/shifts/20170502v009/xy_exp02.dat  214.632172  53.020867           85   -17.1578204327   4.32415739899           85  214.632419   53.02089           85   -17.6013843436   4.63431708865           85 
/work/00115/gebhardt/maverick/vdrp/shifts/20170502v009/xy_exp03.dat  214.632369  53.020951           85   -17.2634322376   3.10857946677           85  214.632419   53.02089           85    -17.457440635   2.95921977735           85 
/work/00115/gebhardt/maverick/vdrp/shifts/20170502v010/xy_exp01.dat   214.89605  53.018356           85   2.52656454063    -15.1797795169           85  214.896277  53.018457           85   2.24474821663   -14.6371473131           85 
/work/00115/gebhardt/maverick/vdrp/shifts/20170502v010/xy_exp02.dat  214.896368  53.018656           85   1.64443892088   -13.3455753213           85  214.896277  53.018457           85   1.50665634102   -14.0757005511           85 
/work/00115/gebhardt/maverick/vdrp/shifts/20170502v010/xy_exp03.dat  214.896035   53.01854           85    1.89048791747  -15.3735878479           85  214.896277  53.018457           85   1.28842023634  -15.4117023414           85 
/work/00115/gebhardt/maverick/vdrp/shifts/20170502v010/xy_exp03.dat  214.893475  53.020591           85    10.1148354051  -11.1769640158           85  214.893515  53.020587           85   10.0306976683  -11.1518394492           85 
/work/00115/gebhardt/maverick/vdrp/shifts/20170502v011/xy_exp01.dat  215.458807  53.357721           85   2.30048620188   11.1438803515           85  215.459077  53.357694           85   1.73884335473   11.3186067428           85 
/work/00115/gebhardt/maverick/vdrp/shifts/20170502v011/xy_exp01.dat  215.458807  53.357721           85   2.30048620188   11.1438803515           85  215.459077  53.357694           85   1.73884335473   11.3186067428           85 
/work/00115/gebhardt/maverick/vdrp/shifts/20170502v011/xy_exp02.dat  215.459098  53.357674           85  0.432700533065   11.9781894911           85  215.459077  53.357694           85  0.505431616472   12.0221208523           85 
/work/00115/gebhardt/maverick/vdrp/shifts/20170502v011/xy_exp02.dat  215.459098  53.357674           85  0.432700533065   11.9781894911           85  215.459077  53.357694           85  0.505431616472   12.0221208523           85 
/work/00115/gebhardt/maverick/vdrp/shifts/20170502v011/xy_exp03.dat  215.459237   53.35774           85   0.364481551303   10.7866109545           85  215.459077  53.357694           85   0.596694164204   10.4838294581           85 
/work/00115/gebhardt/maverick/vdrp/shifts/20170502v011/xy_exp03.dat  215.459237   53.35774           85   0.364481551303   10.7866109545           85  215.459077  53.357694           85   0.596694164204   10.4838294581           85 
/work/00115/gebhardt/maverick/vdrp/shifts/20170502v012/xy_exp03.dat  215.456351  52.356069           85  -9.76264993825    2.8207692551           85  215.456345  52.356107           85  -9.69374388902   2.93968215442           85 
/work/00115/gebhardt/maverick/vdrp/shifts/20170503v008/xy_exp02.dat  214.346161   52.35417           85  -9.46829667797   -4.00537934265           85  214.345934  52.354091           85   -9.13355369959  -4.47224226363           85 
/work/00115/gebhardt/maverick/vdrp/shifts/20170519v002/xy_exp01.dat  215.693923  53.053347           85   25.1385625192  -17.0565657571           85   215.69408  53.053205           85    25.2477921298   -16.4525715411           85 
/work/00115/gebhardt/maverick/vdrp/shifts/20170519v002/xy_exp01.dat  215.682794   53.04586           85   -7.6582185498  -1.86213750394           85  215.682757  53.045713           85    -7.9416008358   -1.40808879198           85 
/work/00115/gebhardt/maverick/vdrp/shifts/20170519v002/xy_exp01.dat  215.689428  53.044341           85   3.35403074392   8.85139485184           85  215.689098  53.044508           85     2.9367269448     8.0162828419           85 
/work/00115/gebhardt/maverick/vdrp/shifts/20170519v002/xy_exp02.dat  215.689132  53.044333           85   1.61684223495     9.0736112969           85  215.689098  53.044508           85   1.79908711737    8.46607277302           85 
/work/00115/gebhardt/maverick/vdrp/shifts/20170519v002/xy_exp02.dat  215.694009  53.053406           85   24.2561107321    -16.727873015           85   215.69408  53.053205           85   24.1102890473   -16.0026573227           85 
/work/00115/gebhardt/maverick/vdrp/shifts/20170519v002/xy_exp03.dat  215.694269  53.053407           85   24.8711847838  -17.8778634935           85   215.69408  53.053205           85   24.2074320817    -17.3723841892           85 
/work/00115/gebhardt/maverick/vdrp/shifts/20170519v002/xy_exp03.dat  215.689043  53.044544           85   1.83826722039   6.93010395879           85  215.689098  53.044508           85   1.89615862905     7.09628009725           85 
/work/00115/gebhardt/maverick/vdrp/shifts/20170519v002/xy_exp03.dat  215.689967   53.04359           85   2.31242511502    10.875945016           85  215.689956   53.04352           85   2.19065090639     11.0978505284           85 
/work/00115/gebhardt/maverick/vdrp/shifts/20170519v008/xy_exp01.dat  215.175616   53.36463           85   23.7384645471   19.4711252071           85  215.175426  53.364701           85    24.2180244864   19.5152348384           85 
/work/00115/gebhardt/maverick/vdrp/shifts/20170519v008/xy_exp02.dat  215.175185  53.364744           85    23.394493518   20.0240123334           85  215.175426  53.364701           85   22.8625954912   20.1192766974           85 
/work/00115/gebhardt/maverick/vdrp/shifts/20170519v008/xy_exp03.dat  215.175238   53.36488           85   23.4834456386    19.1159589911           85  215.175426  53.364701           85   22.8324141819   18.7228781811           85 
/work/00115/gebhardt/maverick/vdrp/shifts/20170525v013/xy_exp01.dat   214.63235   53.02093           85    -16.680186352   -4.45138081814           85  214.632419   53.02089           85   -16.8777438314    -4.5148865592           85 
/work/00115/gebhardt/maverick/vdrp/shifts/20170525v013/xy_exp02.dat   214.63243  53.020972           85  -18.0316482176  -3.41978074396           85  214.632419   53.02089           85   -18.1402347743  -3.69531591111           85 
/work/00115/gebhardt/maverick/vdrp/shifts/20170525v013/xy_exp03.dat  214.632381  53.020905           85   -18.1344064243  -5.20175580713           85  214.632419   53.02089           85   -18.2320652564  -5.21400958886           85 
/work/00115/gebhardt/maverick/vdrp/shifts/20170529v008/xy_exp01.dat  215.183419  53.187312           85  -11.0624477231   -7.6675145422           85  215.183454  53.187315           85  -11.1252016538  -7.62417006652           85 
/work/00115/gebhardt/maverick/vdrp/shifts/20170529v008/xy_exp01.dat  215.183419  53.187312           85  -11.0624477231   -7.6675145422           85  215.183454  53.187315           85  -11.1252016538  -7.62417006652           85 
/work/00115/gebhardt/maverick/vdrp/shifts/20170529v008/xy_exp02.dat  215.183444  53.187382           85  -12.1468231921  -6.96614740769           85  215.183454  53.187315           85  -12.2737246783  -7.17239701067           85 
/work/00115/gebhardt/maverick/vdrp/shifts/20170529v008/xy_exp02.dat  215.183444  53.187382           85  -12.1468231921  -6.96614740769           85  215.183454  53.187315           85  -12.2737246783  -7.17239701067           85 
/work/00115/gebhardt/maverick/vdrp/shifts/20170529v008/xy_exp03.dat  215.183311  53.187345           85  -11.8863614386   -8.49173296682           85  215.183454  53.187315           85  -12.2106155476  -8.45079077292           85 
/work/00115/gebhardt/maverick/vdrp/shifts/20170529v008/xy_exp03.dat  215.183311  53.187345           85  -11.8863614386   -8.49173296682           85  215.183454  53.187315           85  -12.2106155476  -8.45079077292           85 
/work/00115/gebhardt/maverick/vdrp/shifts/20170617v008/xy_exp01.dat   214.70692  52.747594           85   17.7281430468   19.7989058718           85  214.706904  52.747671           85   17.8790563029   20.0340248656           85 
/work/00115/gebhardt/maverick/vdrp/shifts/20170617v008/xy_exp01.dat  214.709165  52.738072           85  -1.45895287324  -9.02575732858           85  214.709103  52.737911           85  -1.58678068946   -9.6070142783           85 
/work/00115/gebhardt/maverick/vdrp/shifts/20170617v008/xy_exp02.dat  214.709436  52.737965           85   -3.61512742076  -8.78195541053           85  214.709103  52.737911           85   -3.04393603997   -9.27017500369           85 
/work/00115/gebhardt/maverick/vdrp/shifts/20170617v008/xy_exp03.dat  214.708833  52.737881           85    -2.6250824364  -11.0260982466           85  214.709103  52.737911           85   -3.10959835557   -10.6750253431           85 
/work/00115/gebhardt/maverick/vdrp/shifts/20170617v008/xy_exp03.dat  214.706805  52.747515           85     16.309087673   18.3661503311           85  214.706904  52.747671           85    16.3564114074    18.9658998051           85 
/work/00115/gebhardt/maverick/vdrp/shifts/20170617v009/xy_exp01.dat  215.451214  52.851257           85  -0.0937596162056  -25.3116458521           85  215.450896  52.851215           85   0.463227893356   -25.748181807           85 
/work/00115/gebhardt/maverick/vdrp/shifts/20170617v009/xy_exp01.dat  215.458962  52.863677           85     4.16499037078   22.2769501047           85  215.459199  52.863436           85    3.32405720728   21.7193832604           85 
/work/00115/gebhardt/maverick/vdrp/shifts/20170617v009/xy_exp02.dat  215.445005  52.857404           85    20.3221141947  -10.7496427002           85  215.444807  52.857297           85     20.5424532786  -11.2835583503           85 
/work/00115/gebhardt/maverick/vdrp/shifts/20170617v009/xy_exp02.dat   215.45059  52.851318           85  -0.131287746586  -25.2096083389           85  215.450896  52.851215           85   -0.891562556369  -25.2545658797           85 
/work/00115/gebhardt/maverick/vdrp/shifts/20170621v007/xy_exp01.dat  214.689562  52.723432           85     15.6645171193  -25.3991284074           85  214.689673  52.723353           85    15.3236885175  -25.5517541519           85 
/work/00115/gebhardt/maverick/vdrp/shifts/20170621v007/xy_exp01.dat  214.688917  52.728704           85     25.0984533465  -8.87069141778           85  214.688325  52.728901           85     26.568644554  -8.78565336546           85 
/work/00115/gebhardt/maverick/vdrp/shifts/20170621v007/xy_exp01.dat  214.689604  52.725834           85     19.3017236964  -17.5535346388           85  214.689666  52.725844           85    19.1951807143  -17.4628851733           85 
/work/00115/gebhardt/maverick/vdrp/shifts/20170621v007/xy_exp02.dat  214.689345  52.723205           85    14.4254644947  -25.1955015586           85  214.689673  52.723353           85     14.009059409  -24.4068623641           85 
/work/00115/gebhardt/maverick/vdrp/shifts/20170621v007/xy_exp02.dat  214.688256  52.728572           85    24.8804928297  -8.77480514852           85  214.688325  52.728901           85    25.2541946903  -7.64088160066           85 
/work/00115/gebhardt/maverick/vdrp/shifts/20170621v007/xy_exp02.dat   214.68965  52.725849           85    17.9198728793  -16.3167923736           85  214.689666  52.725844           85    17.8806380702  -16.3180346772           85 
/work/00115/gebhardt/maverick/vdrp/shifts/20170621v007/xy_exp03.dat  214.688503  52.728954           85    24.8680109855  -8.92039439334           85  214.688325  52.728901           85    25.1362535951  -9.25957210072           85 
/work/00115/gebhardt/maverick/vdrp/shifts/20170621v007/xy_exp03.dat  214.689459  52.725841           85    18.1655036509  -18.1406530267           85  214.689666  52.725844           85    17.7627295456  -17.9367526462           85 
/work/00115/gebhardt/maverick/vdrp/shifts/20170625v005/xy_exp01.dat  214.721532   52.73638           85   17.8996703853   2.00690770558           85  214.721542  52.736314           85   17.7777076799   1.80183667992           85 
/work/00115/gebhardt/maverick/vdrp/shifts/20170625v005/xy_exp01.dat  214.737626  52.738739           85  -10.1043255845   24.7773126591           85  214.737626  52.738606           85  -10.3105492119   24.3451993096           85 
/work/00115/gebhardt/maverick/vdrp/shifts/20170625v005/xy_exp01.dat  214.736368  52.730794           85  -19.9484111184  -2.21695521193           85   214.73635  52.730957           85  -19.6602659577  -1.70426893909           85 
/work/00115/gebhardt/maverick/vdrp/shifts/20170625v005/xy_exp02.dat   214.72149  52.736271           85   16.3996945363   2.44715155236           85  214.721542  52.736314           85   16.3640337077   2.63566926409           85 
/work/00115/gebhardt/maverick/vdrp/shifts/20170625v005/xy_exp02.dat  214.732521  52.731603           85  -12.5389910617  -2.36614242004           85  214.732473  52.731557           85  -12.5158688436  -2.56066276213           85 
/work/00115/gebhardt/maverick/vdrp/shifts/20170625v005/xy_exp03.dat  214.721458  52.736329           85   16.4888279161   1.00066626934           85  214.721542  52.736314           85   16.3003183365   1.03075295082           85 
/work/00115/gebhardt/maverick/vdrp/shifts/20170625v005/xy_exp03.dat  214.737711  52.738864           85  -11.5549480436   24.4923249999           85  214.737626  52.738606           85   -11.787794565   23.5742949893           85 
/work/00115/gebhardt/maverick/vdrp/shifts/20170625v006/xy_exp01.dat  215.450712  52.521433           85   6.11883067127   -8.93628303025           85  215.450825  52.521452           85   5.92357989803  -8.76947879196           85 
/work/00115/gebhardt/maverick/vdrp/shifts/20170625v006/xy_exp02.dat  215.450805  52.521425           85   4.48610050971    -8.48281639389           85  215.450825  52.521452           85   4.48758689136   -8.37620996841           85 
/work/00115/gebhardt/maverick/vdrp/shifts/20170625v006/xy_exp03.dat  215.450958  52.521446           85   4.21433686256  -9.46452150212           85  215.450825  52.521452           85   4.48739333226   -9.5683562213           85 
/work/00115/gebhardt/maverick/vdrp/shifts/20170626v003/xy_exp01.dat  214.722948  52.718399           85   -4.81928525373  -2.24118654386           85  214.722965  52.718312           85   -4.98729628003   -2.50809666472           85 
/work/00115/gebhardt/maverick/vdrp/shifts/20170626v003/xy_exp02.dat  214.709909  52.718346           85   19.5256311642  -13.7509169686           85  214.709987  52.718234           85   19.1988881809   -14.0420188159           85 
/work/00115/gebhardt/maverick/vdrp/shifts/20170627v005/xy_exp01.dat  215.127606  53.016568           85    21.2825572351   19.7731936407           85  215.127506  53.016536           85    21.4264354407   19.5745155158           85 
/work/00115/gebhardt/maverick/vdrp/shifts/20170627v005/xy_exp02.dat  215.127264  53.016595           85    20.8295646397   19.8225606423           85  215.127506  53.016536           85   20.2654503781    19.862187754           85 
/work/00115/gebhardt/maverick/vdrp/shifts/20170627v005/xy_exp03.dat  215.120828  53.004999           85   15.0363487068  -25.0613972175           85  215.121152  53.005196           85   14.7176209119  -24.1158777952           85 
/work/00115/gebhardt/maverick/vdrp/shifts/20170627v005/xy_exp03.dat  215.127688   53.01664           85   20.1115471094   19.1118509315           85  215.127506  53.016536           85   20.3009833615   18.6022917681           85 
/work/00115/gebhardt/maverick/vdrp/shifts/20170629v005/xy_exp01.dat  215.463294  52.692916           85  -14.2353114531   11.3510170544           85  215.463289  52.692964           85  -14.1510638877   11.5022826639           85 
/work/00115/gebhardt/maverick/vdrp/shifts/20170629v005/xy_exp02.dat  215.463233  52.692917           85  -15.1433496583   12.0275035054           85  215.463289  52.692964           85  -15.1807785264   12.2328265115           85 
/work/00115/gebhardt/maverick/vdrp/shifts/20170629v005/xy_exp03.dat  215.463274  52.692963           85  -15.3241228158    10.941075039           85  215.463289  52.692964           85  -15.3521123471   10.9584161283           85 
/work/00115/gebhardt/maverick/vdrp/shifts/20170630v008/xy_exp03.dat  215.144493  52.994572           85   7.81126904064   19.1520424712           85  215.144205  52.994566           85   8.36282759244   18.8593362273           85 
/work/00115/gebhardt/maverick/vdrp/shifts/20170701v008/xy_exp03.dat  215.176962  52.860554           85   6.05017727754   12.9467742053           85  215.177258  52.860792           85    5.84637062945   13.9986711333           85 
/work/00115/gebhardt/maverick/vdrp/shifts/20170701v009/xy_exp01.dat  215.459807  53.195593           85   8.59762884458       22.929807236           85  215.459357   53.19514           85   8.74477682224   21.0377755116           85 
/work/00115/gebhardt/maverick/vdrp/shifts/20170720v002/xy_exp01.dat  215.113808  52.999804           85    21.1473173918   0.18029153679           85  215.113404  52.999846           85    22.0001748705  -0.0679377888795           85 
/work/00115/gebhardt/maverick/vdrp/shifts/20171220v015/xy_exp01.dat  150.008646   2.13023           85   15.3864708259   -15.4473351402           85  150.008518  2.130099           85   15.5484166285   -14.8084106842           85 
/work/00115/gebhardt/maverick/vdrp/shifts/20171220v015/xy_exp01.dat  150.004869  2.131213           85   5.27625393769   -5.70385789259           85   150.00484  2.131217           85   5.20952083596   -5.62238171059           85 
/work/00115/gebhardt/maverick/vdrp/shifts/20171220v015/xy_exp02.dat  150.004805  2.131171           85   3.90792047529   -4.62630241831           85   150.00484  2.131217           85   3.83237906075   -4.82013484165           85 
/work/00115/gebhardt/maverick/vdrp/shifts/20171220v015/xy_exp03.dat  150.004836  2.131149           85   4.39234517367    -6.23196693048           85   150.00484  2.131217           85   4.19104101332   -6.37200567447           85 
/work/00115/gebhardt/maverick/vdrp/shifts/20171221v016/xy_exp01.dat  150.004841  2.131222           85    5.21235637042    -5.49527145521           85   150.00484  2.131217           85    5.22583745127   -5.48281339895           85 
/work/00115/gebhardt/maverick/vdrp/shifts/20171221v016/xy_exp02.dat  150.004782  2.131207           85   3.92613072609  -4.59916737189           85   150.00484  2.131217           85   4.00424900993  -4.79596881872           85 
/work/00115/gebhardt/maverick/vdrp/shifts/20171221v016/xy_exp03.dat  150.004916   2.13113           85    4.4121738822    -6.17413196028           85   150.00484  2.131217           85   4.00234398229   -6.10422191956           85 
/work/00115/gebhardt/maverick/vdrp/shifts/20171225v015/xy_exp01.dat  150.004881  2.131183           85  -1.49274751266   -7.35947643778           85   150.00484  2.131217           85   -1.6741393875  -7.29755352908           85 
/work/00115/gebhardt/maverick/vdrp/shifts/20171225v015/xy_exp02.dat  150.004874  2.131155           85   -2.70321457081    -6.63664681821           85   150.00484  2.131217           85   -2.95744132957   -6.64881783561           85 
/work/00115/gebhardt/maverick/vdrp/shifts/20171225v015/xy_exp03.dat  150.004901  2.131182           85    -2.7042875106    -8.269493642           85   150.00484  2.131217           85   -2.92630543001  -8.14807846806           85 
/work/00115/gebhardt/maverick/vdrp/shifts/20180110v021/xy_exp01.dat   150.00477  2.131179           85   5.13617206214   -5.11583612015           85   150.00484  2.131217           85   5.15092103015   -5.40204080774           85 
/work/00115/gebhardt/maverick/vdrp/shifts/20180110v021/xy_exp02.dat  150.004828  2.131179           85   4.02321146377  -4.60746506919           85   150.00484  2.131217           85   3.92905529092   -4.71568963198           85 
/work/00115/gebhardt/maverick/vdrp/shifts/20180110v021/xy_exp03.dat  150.004896  2.131128           85   4.36930024514   -6.20077711503           85   150.00484  2.131217           85   3.99085415821   -6.19616300183           85 
/work/00115/gebhardt/maverick/vdrp/shifts/20180113v013/xy_exp01.dat  150.004793  2.131164           85  -3.94712142855   -7.03734695958           85   150.00484  2.131217           85  -4.02167299755  -7.28114178817           85 
/work/00115/gebhardt/maverick/vdrp/shifts/20180113v013/xy_exp01.dat  150.008583  2.130225           85   6.05054831826   -16.9052535152           85  150.008518  2.130099           85   6.31550876754  -16.4691000948           85 
/work/00115/gebhardt/maverick/vdrp/shifts/20180113v013/xy_exp02.dat  150.008551  2.130087           85    5.0629117515    -15.8561847688           85  150.008518  2.130099           85   4.96411673255    -15.777446213           85 
/work/00115/gebhardt/maverick/vdrp/shifts/20180113v013/xy_exp02.dat  150.004873  2.131179           85  -5.19442216965     -6.6193923719           85   150.00484  2.131217           85  -5.37306728195   -6.58949018285           85 
/work/00115/gebhardt/maverick/vdrp/shifts/20180113v013/xy_exp03.dat   150.00485   2.13121           85  -5.27132127899   -8.08751866162           85   150.00484  2.131217           85  -5.31158944281  -8.06997652788           85 
/work/00115/gebhardt/maverick/vdrp/shifts/20180114v013/xy_exp01.dat    150.0049  2.131146           85   4.45114808888    -6.0890045783           85   150.00484  2.131217           85   4.12046753896   -6.03827596062           85 
/work/00115/gebhardt/maverick/vdrp/shifts/20180114v013/xy_exp02.dat  150.004868  2.131142           85   3.19855155089   -5.11776126964           85   150.00484  2.131217           85   2.91566773482    -5.17274723849           85 
/work/00115/gebhardt/maverick/vdrp/shifts/20180114v013/xy_exp03.dat  150.004842  2.131193           85    2.9320023144   -6.68941715486           85   150.00484  2.131217           85   2.85454691694   -6.72837099121           85 
/work/00115/gebhardt/maverick/vdrp/shifts/20180120v008/xy_exp01.dat  150.004867  2.131219           85   5.08901845507  -5.47936249086           85   150.00484  2.131217           85   5.04447093792   -5.39274748544           85 
/work/00115/gebhardt/maverick/vdrp/shifts/20180120v008/xy_exp02.dat  150.004822  2.131178           85   3.80967571479  -4.55396827178           85   150.00484  2.131217           85     3.723702657   -4.68247538928           85 
/work/00115/gebhardt/maverick/vdrp/shifts/20180120v008/xy_exp03.dat  150.008545  2.130002           85   14.5524245756   -15.2433966301           85  150.008518  2.130099           85   14.2038554203   -15.3427704154           85 
/work/00115/gebhardt/maverick/vdrp/shifts/20180120v008/xy_exp03.dat  150.004891  2.131127           85   4.23768450077   -6.14349887672           85   150.00484  2.131217           85    3.8655548493   -6.15607153729           85 
/work/00115/gebhardt/maverick/vdrp/shifts/20180123v009/xy_exp01.dat  150.008701  2.130156           85    15.5517959945   -15.0187957409           85  150.008518  2.130099           85    15.3834259383    -14.3500823137           85 
/work/00115/gebhardt/maverick/vdrp/shifts/20180123v009/xy_exp01.dat  150.004835  2.131153           85    5.23432883671   -5.02557037934           85   150.00484  2.131217           85    5.04714685514    -5.16110897172           85 
/work/00115/gebhardt/maverick/vdrp/shifts/20180123v009/xy_exp02.dat  150.008469  2.130117           85   14.0947312447  -13.5398910335           85  150.008518  2.130099           85   14.2419738181   -13.6564788059           85 
/work/00115/gebhardt/maverick/vdrp/shifts/20180123v009/xy_exp02.dat  150.004002   2.13598           85  -12.2957583119  -10.8404703138           85   150.00378  2.136191           85  -13.3604385433   -10.5553674878           85 
/work/00115/gebhardt/maverick/vdrp/shifts/20180123v009/xy_exp02.dat  150.004793  2.131214           85   3.82670134479  -4.31762046972           85   150.00484  2.131217           85   3.90569267485   -4.46750755464           85 
/work/00115/gebhardt/maverick/vdrp/shifts/20180123v009/xy_exp03.dat  150.008683  2.129978           85   14.7508262655   -15.5169165003           85  150.008518  2.130099           85     14.06953817   -15.2377330837           85 
/work/00115/gebhardt/maverick/vdrp/shifts/20180123v009/xy_exp03.dat  150.004993  2.131092           85   4.40431268906   -6.28359846163           85   150.00484  2.131217           85   3.73325924111   -6.04875960986           85 
/work/00115/gebhardt/maverick/vdrp/shifts/20180124v010/xy_exp01.dat  150.008598  2.130257           85   15.1457368654      -14.9640870878           85  150.008518  2.130099           85      15.4808966    -14.421840232           85 
/work/00115/gebhardt/maverick/vdrp/shifts/20180124v010/xy_exp01.dat  150.004893  2.131231           85   5.20148385055      -5.42137110955           85   150.00484  2.131217           85   5.14502539511   -5.23240812667           85 
/work/00115/gebhardt/maverick/vdrp/shifts/20180124v010/xy_exp02.dat  150.008469   2.13004           85   14.2563969974  -13.5301902101           85  150.008518  2.130099           85     14.16713478   -13.7913801263           85 
/work/00115/gebhardt/maverick/vdrp/shifts/20180124v010/xy_exp02.dat  150.003988  2.135933           85  -12.2523876549  -10.8429638042           85   150.00378  2.136191           85  -13.4351399126    -10.689043824           85 
/work/00115/gebhardt/maverick/vdrp/shifts/20180124v010/xy_exp02.dat  150.004781  2.131199           85   3.77582918761  -4.38705992823           85   150.00484  2.131217           85    3.8312614555   -4.60195017451           85 
/work/00115/gebhardt/maverick/vdrp/shifts/20180124v010/xy_exp03.dat  150.008588  2.129961           85   14.6232243479    -15.2413075037           85  150.008518  2.130099           85   14.0680081983   -15.2856014647           85 
/work/00115/gebhardt/maverick/vdrp/shifts/20180124v010/xy_exp03.dat  150.004956   2.13112           85   4.24774712331    -6.27005435541           85   150.00484  2.131217           85   3.73213702344   -6.09616935418           85 
/work/00115/gebhardt/maverick/vdrp/shifts/20180209v009/xy_exp01.dat  150.008688  2.130279           85     15.4722727255   -15.1344464577           85  150.008518  2.130099           85    15.7060378541     -14.2746288444           85 
/work/00115/gebhardt/maverick/vdrp/shifts/20180209v009/xy_exp01.dat   150.00483  2.131142           85     5.58094053557   -4.91454692215           85   150.00484  2.131217           85    5.36936475403     -5.08609874991           85 
/work/00115/gebhardt/maverick/vdrp/shifts/20180209v009/xy_exp02.dat  150.008559  2.130161           85   14.2412164402  -13.8251795697           85  150.008518  2.130099           85   14.3546843277   -13.5829005921           85 
/work/00115/gebhardt/maverick/vdrp/shifts/20180209v009/xy_exp02.dat  150.004822   2.13127           85   3.82144931237  -4.43866982574           85   150.00484  2.131217           85   4.01800898279   -4.39437277812           85 
/work/00115/gebhardt/maverick/vdrp/shifts/20180209v009/xy_exp03.dat  150.008605  2.130078           85    14.674572475   -15.2721873154           85  150.008518  2.130099           85    14.446791467   -15.0446128832           85 
/work/00115/gebhardt/maverick/vdrp/shifts/20180209v009/xy_exp03.dat  150.004874  2.131151           85    4.3766338438   -5.83647611618           85   150.00484  2.131217           85   4.11011839395   -5.85608278418           85 
/work/00115/gebhardt/maverick/vdrp/shifts/20180210v006/xy_exp01.dat  150.008574  2.130181           85     15.0726824301    -14.9002726752           85  150.008518  2.130099           85   15.2194297214   -14.5743969742           85 
/work/00115/gebhardt/maverick/vdrp/shifts/20180210v006/xy_exp01.dat  150.004862  2.131261           85     4.78909627096    -5.53581316321           85   150.00484  2.131217           85   4.88294410675   -5.38565598184           85 
/work/00115/gebhardt/maverick/vdrp/shifts/20180210v006/xy_exp02.dat  150.008497  2.130163           85   13.6014013134   -13.9571643848           85  150.008518  2.130099           85   13.8373766004  -13.9014206205           85 
/work/00115/gebhardt/maverick/vdrp/shifts/20180210v006/xy_exp02.dat  150.004817  2.131134           85   3.71264021321   -4.48621049004           85   150.00484  2.131217           85   3.50088874122  -4.71268190843           85 
/work/00115/gebhardt/maverick/vdrp/shifts/20180210v006/xy_exp03.dat  150.004843   2.13122           85   3.62692032967   -6.25061898121           85   150.00484  2.131217           85   3.63050387952   -6.23577723343           85 
/work/00115/gebhardt/maverick/vdrp/shifts/20180222v020/xy_exp01.dat   189.35455  62.250782           85   -9.86937210068   -13.2300041838           85   189.35459  62.250767           85    -9.9521465137    -13.206346654           85 
/work/00115/gebhardt/maverick/vdrp/shifts/20180222v020/xy_exp01.dat  189.360655  62.255016           85   -3.31197474345    3.91735541731           85  189.360711  62.255015           85   -3.36901084637    3.99197523214           85 
/work/00115/gebhardt/maverick/vdrp/shifts/20180222v020/xy_exp01.dat  189.350167  62.260078           85    21.7102964494  0.0601907447666           85  189.350225  62.259775           85    20.7629826301  -0.489253337973           85 
/work/00115/gebhardt/maverick/vdrp/shifts/20180222v020/xy_exp02.dat  189.354698  62.250656           85  -11.6549615319   -12.4849784931           85   189.35459  62.250767           85   -11.2240814437  -12.4025562127           85 
/work/00115/gebhardt/maverick/vdrp/shifts/20180222v020/xy_exp02.dat  189.360415  62.255028           85  -4.31655856053    4.41726573536           85  189.360711  62.255015           85    -4.6407253051   4.79568143425           85 
/work/00115/gebhardt/maverick/vdrp/shifts/20180222v020/xy_exp02.dat   189.35023  62.259834           85   19.6599327849   0.443437450633           85  189.350225  62.259775           85    19.4912109112   0.31414332511           85 
/work/00115/gebhardt/maverick/vdrp/shifts/20180222v020/xy_exp03.dat  189.354767   62.25072           85   -11.4440808996   -13.5708013474           85   189.35459  62.250767           85   -11.1347994206   -13.7156950926           85 
/work/00115/gebhardt/maverick/vdrp/shifts/20180222v020/xy_exp03.dat  189.360659  62.255007           85   -4.52492603382     3.3947941139           85  189.360711  62.255015           85   -4.55162124582    3.48261040934           85 
/work/00115/gebhardt/maverick/vdrp/shifts/20180222v020/xy_exp03.dat  189.350432  62.259716           85    19.2068415764  -0.837706903326           85  189.350225  62.259775           85    19.5803611398   -0.99867793359           85 
