/work/00115/gebhardt/maverick/vdrp/shifts/20170103v002/xy_exp01.dat  149.850637  1.965394           86  -15.7931306171   20.1210547713           86  149.850804  1.964963           86  -14.8336621022   18.7616754512           86 
/work/00115/gebhardt/maverick/vdrp/shifts/20170103v002/xy_exp02.dat  149.850552  1.964773           86   -14.901296253   19.8954240518           86  149.850804  1.964963           86  -15.9728657013   19.5190699369           86 
/work/00115/gebhardt/maverick/vdrp/shifts/20170103v002/xy_exp03.dat  149.850707   1.96501           86  -16.4970001343   18.2559903094           86  149.850804  1.964963           86   -16.5493110725   17.8716856904           86 
/work/00115/gebhardt/maverick/vdrp/shifts/20170103v003/xy_exp01.dat  150.455899  2.553482           86   5.13413812364  -15.5528811325           86  150.455807  2.553575           86   5.05252730118  -15.0893003326           86 
/work/00115/gebhardt/maverick/vdrp/shifts/20170103v003/xy_exp01.dat  150.455899  2.553482           86   5.13413812364  -15.5528811325           86  150.455807  2.553575           86   5.05252730118  -15.0893003326           86 
/work/00115/gebhardt/maverick/vdrp/shifts/20170103v003/xy_exp02.dat  150.455894  2.553382           86   4.75544058599  -15.5267207916           86  150.455807  2.553575           86   4.36981069542  -14.8695006993           86 
/work/00115/gebhardt/maverick/vdrp/shifts/20170103v003/xy_exp02.dat  150.455894  2.553382           86   4.75544058599  -15.5267207916           86  150.455807  2.553575           86   4.36981069542  -14.8695006993           86 
/work/00115/gebhardt/maverick/vdrp/shifts/20170103v003/xy_exp02.dat  150.444386   2.55475           86   24.6865751662   21.0785397767           86  150.443972   2.55433           86    26.781277932   21.4180305075           86 
/work/00115/gebhardt/maverick/vdrp/shifts/20170103v003/xy_exp03.dat  150.455885  2.553462           86    4.02841900853    -17.484733988           86  150.455807  2.553575           86     3.85895181882  -17.0205571981           86 
/work/00115/gebhardt/maverick/vdrp/shifts/20170103v003/xy_exp03.dat  150.455885  2.553462           86    4.02841900853    -17.484733988           86  150.455807  2.553575           86     3.85895181882  -17.0205571981           86 
/work/00115/gebhardt/maverick/vdrp/shifts/20170103v003/xy_exp03.dat  150.444573  2.554423           86    24.7467170407      17.69780647           86  150.443972   2.55433           86     26.2704347278   19.2669634145           86 
/work/00115/gebhardt/maverick/vdrp/shifts/20170105v009/xy_exp01.dat  149.896263  2.085773           86   24.5717785283  -4.89485550438           86  149.896681  2.085926           86    24.884572806  -6.46551537526           86 
/work/00115/gebhardt/maverick/vdrp/shifts/20170105v009/xy_exp01.dat  149.897797  2.088483           86   19.1163131289  -14.6863910862           86  149.897817  2.088689           86   18.5206452752  -15.1339717469           86 
/work/00115/gebhardt/maverick/vdrp/shifts/20170105v009/xy_exp01.dat  149.895175  2.090229           86   8.83830037187  -9.90604932795           86   149.89528  2.090381           86   8.56782923992  -10.5134768489           86 
/work/00115/gebhardt/maverick/vdrp/shifts/20170105v009/xy_exp02.dat  149.897676  2.088231           86   18.3203263545   -13.2291906257           86  149.897817  2.088689           86    17.176813065  -14.5207943058           86 
/work/00115/gebhardt/maverick/vdrp/shifts/20170105v009/xy_exp02.dat  149.896639  2.085221           86   25.6288512982   -4.40179419951           86  149.896681  2.085926           86   23.5407387764  -5.85233650897           86 
/work/00115/gebhardt/maverick/vdrp/shifts/20170105v009/xy_exp03.dat  149.897864  2.088524           86   16.3812512218  -15.8781898081           86  149.897817  2.088689           86   15.7860855398  -16.0431295502           86 
/work/00115/gebhardt/maverick/vdrp/shifts/20170106v003/xy_exp01.dat  149.953549  2.062355           86  -8.94163135215   7.43571608926           86  149.953525  2.062436           86  -9.13531138365   7.67018206291           86 
/work/00115/gebhardt/maverick/vdrp/shifts/20170106v003/xy_exp02.dat  149.953549  2.062319           86   -9.87934121353   8.06699171288           86  149.953525  2.062436           86   -10.1805311675   8.37383064139           86 
/work/00115/gebhardt/maverick/vdrp/shifts/20170106v003/xy_exp03.dat  149.953554  2.062383           86    -11.24467706   6.70923476965           86  149.953525  2.062436           86  -11.3446929381   6.90233296247           86 
/work/00115/gebhardt/maverick/vdrp/shifts/20170107v012/xy_exp03.dat  149.887572  1.993361           86  -17.3133006982   7.25872265833           86  149.887655   1.99304           86  -16.1677039117   7.59367968982           86 
/work/00115/gebhardt/maverick/vdrp/shifts/20170129v002/xy_exp02.dat  150.194846  2.490223           86    6.30056346913   -13.6498728404           86  150.194991  2.490164           86   6.75866300595   -13.9773316036           86 
/work/00115/gebhardt/maverick/vdrp/shifts/20170129v003/xy_exp01.dat   189.10226  62.194355           86   9.81717881149   -11.064864869           86   189.10179   62.19439           86   9.42739813055  -11.7626475334           86 
/work/00115/gebhardt/maverick/vdrp/shifts/20170129v008/xy_exp01.dat  189.243405   62.15977           86   16.7531916864  -0.0170960964758           86  189.243135  62.159835           86   17.2079119371  -0.249560299329           86 
/work/00115/gebhardt/maverick/vdrp/shifts/20170129v008/xy_exp02.dat  189.243084  62.159797           86    16.5109760724   0.116761068425           86  189.243135  62.159835           86    16.5721612149   0.266168093307           86 
/work/00115/gebhardt/maverick/vdrp/shifts/20170129v008/xy_exp03.dat   189.24336  62.159955           86    15.9665323671   -0.804208640507           86  189.243135  62.159835           86    15.8359816464  -1.36338049753           86 
/work/00115/gebhardt/maverick/vdrp/shifts/20170130v021/xy_exp01.dat  189.012323  62.227122           86   6.14841617745  0.262225022422           86  189.012607  62.226992           86   6.07308671409  0.925786850993           86 
/work/00115/gebhardt/maverick/vdrp/shifts/20170130v021/xy_exp02.dat  189.012837  62.227018           86   5.07609793107   2.12885842919           86  189.012607  62.226992           86   4.76474522817   1.88252517901           86 
/work/00115/gebhardt/maverick/vdrp/shifts/20170130v021/xy_exp03.dat  189.012392  62.227066           86    3.8097363706  -0.0641303258408           86  189.012607  62.226992           86   3.82195204851  0.384084159004           86 
/work/00115/gebhardt/maverick/vdrp/shifts/20170130v022/xy_exp01.dat  189.026709   62.21464           86   -13.999901108  -4.24518200173           86  189.026478  62.214777           86  -13.8491526939  -4.85411682298           86 
/work/00115/gebhardt/maverick/vdrp/shifts/20170130v022/xy_exp02.dat  189.026784   62.21487           86   -14.3100848562  -4.29182260636           86  189.026478  62.214777           86   -14.8898145364  -4.49109009633           86 
/work/00115/gebhardt/maverick/vdrp/shifts/20170130v022/xy_exp03.dat  189.026541  62.214916           86  -15.3555441402  -6.31286169716           86  189.026478  62.214777           86  -15.8152435468  -6.08868492851           86 
/work/00115/gebhardt/maverick/vdrp/shifts/20170130v024/xy_exp02.dat  150.258171  2.457289           86     -14.135243436  -18.5743381908           86  150.258467  2.458868           86  -19.3956906062  -16.1715009603           86 
/work/00115/gebhardt/maverick/vdrp/shifts/20170130v027/xy_exp01.dat  189.174755  62.201603           86  -3.04796708189  -2.21814454743           86   189.17469  62.201537           86    -3.178446502  -2.44472376893           86 
/work/00115/gebhardt/maverick/vdrp/shifts/20170130v027/xy_exp01.dat  189.178747  62.204398           86    1.2729950348   9.07294067796           86  189.178843  62.204567           86   1.67563834915   9.55667839394           86 
/work/00115/gebhardt/maverick/vdrp/shifts/20170130v027/xy_exp02.dat  189.174655   62.20122           86  -5.16511908791   -2.3026201855           86   189.17469  62.201537           86  -4.26885956599  -1.59373941443           86 
/work/00115/gebhardt/maverick/vdrp/shifts/20170130v027/xy_exp02.dat  189.179099  62.204519           86  0.195609608846   10.6578785433           86  189.178843  62.204567           86  0.585371683474   10.4076036825           86 
/work/00115/gebhardt/maverick/vdrp/shifts/20170130v027/xy_exp03.dat  189.174873  62.201492           86   -5.42046772563  -3.04957844221           86   189.17469  62.201537           86   -5.11045369717  -3.20620605535           86 
/work/00115/gebhardt/maverick/vdrp/shifts/20170130v027/xy_exp03.dat  189.178976   62.20454           86  -0.464860853387   8.92089718559           86  189.178843  62.204567           86  -0.256313183867   8.79517354356           86 
/work/00115/gebhardt/maverick/vdrp/shifts/20170131v032/xy_exp01.dat  150.185749  2.388678           86  -5.13489306133   17.6494143678           86  150.185833  2.388484           86  -4.38278529143   17.7651073372           86 
/work/00115/gebhardt/maverick/vdrp/shifts/20170131v032/xy_exp01.dat  150.185749  2.388678           86  -5.13489306133   17.6494143678           86  150.185833  2.388484           86  -4.38278529143   17.7651073372           86 
/work/00115/gebhardt/maverick/vdrp/shifts/20170131v033/xy_exp03.dat  189.038091  62.240997           86   18.5503174156  -0.563421873258           86  189.038174  62.241145           86   19.0565030991  -0.780263309084           86 
/work/00115/gebhardt/maverick/vdrp/shifts/20170131v034/xy_exp01.dat  150.254273  2.255818           86   4.30297574289  -8.35890457841           86  150.254251  2.255784           86   4.44867949905  -8.36279671452           86 
/work/00115/gebhardt/maverick/vdrp/shifts/20170131v034/xy_exp02.dat  150.254151  2.255897           86     3.21595923006  -7.21299132053           86  150.254251  2.255784           86     3.34824628989  -7.73966640766           86 
/work/00115/gebhardt/maverick/vdrp/shifts/20170131v034/xy_exp03.dat  150.254197  2.255791           86    2.83030002885  -9.02435773923           86  150.254251  2.255784           86     2.7413022745   -9.1988494081           86 
/work/00115/gebhardt/maverick/vdrp/shifts/20170131v037/xy_exp01.dat  189.153562  62.192949           86   4.26120970127  -0.22004198913           86  189.153532  62.192975           86   4.36667434736  -0.206757079384           86 
/work/00115/gebhardt/maverick/vdrp/shifts/20170131v037/xy_exp01.dat  189.173221  62.191965           86  -17.7788438242   24.6157286507           86  189.173469  62.192161           86  -17.4456646398    25.3642851972           86 
/work/00115/gebhardt/maverick/vdrp/shifts/20170131v037/xy_exp03.dat  189.173446  62.192084           86  -19.7067571833    24.4620443579           86  189.173469  62.192161           86  -19.5033589136    24.6542973683           86 
/work/00115/gebhardt/maverick/vdrp/shifts/20170131v037/xy_exp03.dat  189.153377  62.193018           86   2.58595770181   -1.03903402808           86  189.153532  62.192975           86   2.30883419085  -0.916869739841           86 
/work/00115/gebhardt/maverick/vdrp/shifts/20170202v003/xy_exp01.dat  150.094455  2.288205           86   14.9603490221    -11.2922599257           86  150.094325  2.288174           86     14.808100265   -10.8362439812           86 
/work/00115/gebhardt/maverick/vdrp/shifts/20170202v003/xy_exp03.dat  150.094385  2.288025           86   12.9197042679     -11.0788446073           86  150.094325  2.288174           86   12.3502376233    -11.178919584           86 
/work/00115/gebhardt/maverick/vdrp/shifts/20170202v008/xy_exp01.dat  189.268675  62.167748           86  -0.482281790059   7.90078860537           86  189.268733   62.16766           86  -0.79686361195   7.79636540317           86 
/work/00115/gebhardt/maverick/vdrp/shifts/20170202v008/xy_exp02.dat  189.268902  62.167779           86   -1.24670606038   8.91793696126           86  189.268733   62.16766           86   -1.43080074547   8.43801772208           86 
/work/00115/gebhardt/maverick/vdrp/shifts/20170202v008/xy_exp02.dat  189.266349  62.169116           86    5.16317418413   8.21605594605           86  189.266234  62.169308           86    5.83826200392   8.45972056281           86 
/work/00115/gebhardt/maverick/vdrp/shifts/20170202v008/xy_exp02.dat  189.267886  62.166698           86   -3.42533853532   5.26904454579           86   189.26801   62.16641           86    -4.3906922314   4.83719963239           86 
/work/00115/gebhardt/maverick/vdrp/shifts/20170205v012/xy_exp01.dat  189.058555   62.22437           86  -2.55421211339   15.3812719074           86  189.058794  62.224241           86  -2.67264723547   15.9832751523           86 
/work/00115/gebhardt/maverick/vdrp/shifts/20170205v012/xy_exp01.dat  189.060162  62.221821           86  -8.11679047458   23.1615858037           86  189.060186  62.221947           86  -7.73483664545   22.9136210797           86 
/work/00115/gebhardt/maverick/vdrp/shifts/20170205v012/xy_exp02.dat  189.058541  62.224503           86  -3.08175774052   15.5075375108           86  189.058794  62.224241           86  -3.56268947093   16.4232267806           86 
/work/00115/gebhardt/maverick/vdrp/shifts/20170205v012/xy_exp02.dat  189.059957  62.221891           86  -9.02049904428   23.1753631334           86  189.060186  62.221947           86  -8.62489179102   23.3535634106           86 
/work/00115/gebhardt/maverick/vdrp/shifts/20170205v012/xy_exp03.dat   189.05314  62.232329           86    12.969380807  -10.5684748582           86  189.052902  62.232346           86    12.771499921   -10.920508164           86 
/work/00115/gebhardt/maverick/vdrp/shifts/20170205v012/xy_exp03.dat  189.058322  62.224465           86  -3.96270036446   13.7285190122           86  189.058794  62.224241           86  -4.10942818501   14.8491331282           86 
/work/00115/gebhardt/maverick/vdrp/shifts/20170205v012/xy_exp03.dat  189.060529  62.221807           86  -9.21373966245   22.5432204752           86  189.060186  62.221947           86  -9.17173110654   21.7793961156           86 
/work/00115/gebhardt/maverick/vdrp/shifts/20170221v012/xy_exp01.dat  189.012637  62.226974           86   5.00542823024  0.808725765104           86  189.012607  62.226992           86   5.02574105578  0.729233399144           86 
/work/00115/gebhardt/maverick/vdrp/shifts/20170221v012/xy_exp02.dat  189.012874  62.227016           86    4.4642317512   1.39135757259           86  189.012607  62.226992           86   4.12127742067   1.09060315978           86 
/work/00115/gebhardt/maverick/vdrp/shifts/20170221v012/xy_exp03.dat  189.012753  62.227018           86   3.74513509285  -0.133310799997           86  189.012607  62.226992           86   3.52099224419  -0.269339390209           86 
/work/00115/gebhardt/maverick/vdrp/shifts/20170221v013/xy_exp03.dat  189.026555   62.21491           86   -15.2282397807  -6.03201697999           86  189.026478  62.214777           86  -15.6849910517  -5.83881738025           86 
/work/00115/gebhardt/maverick/vdrp/shifts/20170221v014/xy_exp03.dat  189.038225  62.241094           86   19.4519502923  -0.370434737379           86  189.038174  62.241145           86    19.544644613    -0.55051577432           86 
/work/00115/gebhardt/maverick/vdrp/shifts/20170221v014/xy_exp03.dat  189.040771  62.239611           86   17.8488981855    6.27468097522           86  189.040554   62.23959           86    17.566182181       6.033467414           86 
/work/00115/gebhardt/maverick/vdrp/shifts/20170221v015/xy_exp01.dat  150.146022  2.456998           86   14.7223766573    19.191895285           86  150.146085  2.456939           86   14.7662379053   18.8844313827           86 
/work/00115/gebhardt/maverick/vdrp/shifts/20170221v015/xy_exp02.dat  150.143306  2.455354           86   24.2797293634    24.334203229           86  150.143505  2.455326           86   23.9514344008   23.6902532103           86 
/work/00115/gebhardt/maverick/vdrp/shifts/20170221v015/xy_exp02.dat  150.146106  2.456989           86   13.6793313978   19.4662833003           86  150.146085  2.456939           86   13.8700800835   19.4248115044           86 
/work/00115/gebhardt/maverick/vdrp/shifts/20170222v008/xy_exp01.dat   150.09248  2.385258           86    22.4125286167  -0.862300867562           86  150.093005   2.38509           86    23.9231928397  -2.14666965379           86 
/work/00115/gebhardt/maverick/vdrp/shifts/20170222v008/xy_exp01.dat  150.091135  2.391361           86    1.19948353229   -8.35416289035           86  150.090898  2.391228           86     1.1560151037  -7.37741004956           86 
/work/00115/gebhardt/maverick/vdrp/shifts/20170222v008/xy_exp01.dat  150.090016  2.383533           86    23.0069425069    9.94320558776           86  150.089933  2.383625           86      22.56804317   10.0218716799           86 
/work/00115/gebhardt/maverick/vdrp/shifts/20170222v008/xy_exp01.dat  150.084261  2.386349           86    3.46808994804    22.1701578715           86  150.084159  2.386219           86    3.67182649949   22.7288336776           86 
/work/00115/gebhardt/maverick/vdrp/shifts/20170222v008/xy_exp02.dat  150.092437    2.3852           86   21.6285390174  -0.0240186286909           86  150.093005   2.38509           86   23.0435418734  -1.54998185238           86 
/work/00115/gebhardt/maverick/vdrp/shifts/20170222v008/xy_exp02.dat  150.091032  2.391305           86  0.295433882791    -7.33640814047           86  150.090898  2.391228           86  0.276364967667  -6.78072666055           86 
/work/00115/gebhardt/maverick/vdrp/shifts/20170222v008/xy_exp02.dat  150.084208  2.386426           86   2.25236801622      22.782378027           86  150.084159  2.386219           86   2.79217040508   23.3255178583           86 
/work/00115/gebhardt/maverick/vdrp/shifts/20170222v008/xy_exp02.dat  150.090121  2.383399           86   22.7363759973     10.4738570565           86  150.089933  2.383625           86   21.6883897771   10.6185593409           86 
/work/00115/gebhardt/maverick/vdrp/shifts/20170222v008/xy_exp03.dat  150.091066  2.391209           86  -0.553292588986  -9.06677757228           86  150.090898  2.391228           86  -0.930432477485  -8.58971178906           86 
/work/00115/gebhardt/maverick/vdrp/shifts/20170222v008/xy_exp03.dat  150.084225  2.386336           86    1.35301803364   21.0925334107           86  150.084159  2.386219           86    1.58537862559   21.5165317212           86 
/work/00115/gebhardt/maverick/vdrp/shifts/20170222v010/xy_exp01.dat   189.08759  62.201004           86     15.16466636   6.70403470451           86  189.087375  62.201111           86    15.246083196   6.18244945379           86 
/work/00115/gebhardt/maverick/vdrp/shifts/20170222v010/xy_exp02.dat  189.087599  62.201159           86   15.1025951694   6.77077580345           86  189.087375  62.201111           86   14.7349287795   6.58072893093           86 
/work/00115/gebhardt/maverick/vdrp/shifts/20170222v010/xy_exp03.dat  189.087428  62.201198           86   14.2251588792   4.83418515659           86  189.087375  62.201111           86   13.9235418422   4.95682176992           86 
/work/00115/gebhardt/maverick/vdrp/shifts/20170224v005/xy_exp02.dat  189.102207  62.194463           86   13.9979394953  -9.20703101643           86   189.10179   62.19439           86   13.3573700995  -9.59318135755           86 
/work/00115/gebhardt/maverick/vdrp/shifts/20170224v005/xy_exp03.dat  189.101984  62.194403           86   12.8725519654   -10.9777843628           86   189.10179   62.19439           86   12.6337273276  -11.2042551199           86 
/work/00115/gebhardt/maverick/vdrp/shifts/20170225v007/xy_exp01.dat  150.196885  2.287707           86   18.6005078486  -12.1523448645           86  150.196958  2.287789           86   18.4867780154   -12.530713413           86 
/work/00115/gebhardt/maverick/vdrp/shifts/20170225v014/xy_exp01.dat   189.17427  62.201595           86   -1.37262963174  0.628119665923           86   189.17469  62.201537           86   -1.95105633033   1.08226119485           86 
/work/00115/gebhardt/maverick/vdrp/shifts/20170225v014/xy_exp01.dat  189.179067  62.204559           86    2.66735493291    13.371439588           86  189.178843  62.204567           86    2.90848448577   13.0814556458           86 
/work/00115/gebhardt/maverick/vdrp/shifts/20170225v014/xy_exp02.dat  189.174689  62.201703           86  -2.25153581353   1.85386281131           86   189.17469  62.201537           86  -2.73982062839   1.50932362588           86 
/work/00115/gebhardt/maverick/vdrp/shifts/20170225v014/xy_exp02.dat  189.179024  62.204478           86   1.68266443259   13.5708304456           86  189.178843  62.204567           86   2.11980912733   13.5084821377           86 
/work/00115/gebhardt/maverick/vdrp/shifts/20170225v014/xy_exp03.dat  189.174598  62.201444           86  -3.78487573631  -0.271172917505           86   189.17469  62.201537           86  -3.60127106647  0.0485746113228           86 
/work/00115/gebhardt/maverick/vdrp/shifts/20170225v014/xy_exp03.dat  189.178889  62.204427           86  0.802584130239    11.8190311991           86  189.178843  62.204567           86   1.25828278715    12.0477636825           86 
/work/00115/gebhardt/maverick/vdrp/shifts/20170225v015/xy_exp01.dat  189.158566   62.18785           86   -16.337554295  -0.597681024247           86   189.15884  62.187795           86  -16.7657298667  -0.337524176922           86 
/work/00115/gebhardt/maverick/vdrp/shifts/20170225v015/xy_exp01.dat  189.153498  62.193033           86    3.7997130906    3.28734073324           86  189.153532  62.192975           86   3.59649457249    3.21277491949           86 
/work/00115/gebhardt/maverick/vdrp/shifts/20170225v015/xy_exp02.dat  189.153458  62.193014           86     2.94490476635     3.8115769391           86  189.153532  62.192975           86   2.75845588679   3.83140498617           86 
/work/00115/gebhardt/maverick/vdrp/shifts/20170225v015/xy_exp03.dat  189.153462  62.193077           86   2.29544549538   2.32151073606           86  189.153532  62.192975           86   1.92812085211   2.20434288027           86 
/work/00115/gebhardt/maverick/vdrp/shifts/20170301v012/xy_exp03.dat   189.17876  62.204685           86    2.5211051545   12.0154562891           86  189.178843  62.204567           86   2.09405047906    11.8831912989           86 
/work/00115/gebhardt/maverick/vdrp/shifts/20170301v013/xy_exp01.dat  189.153426  62.193008           86   3.20905021274        3.6394558481           86  189.153532  62.192975           86   3.00913919437    3.71586468944           86 
/work/00115/gebhardt/maverick/vdrp/shifts/20170301v013/xy_exp02.dat  189.153507  62.192986           86   1.78945245333     4.19660515586           86  189.153532  62.192975           86   1.73285951709      4.2079238073           86 
/work/00115/gebhardt/maverick/vdrp/shifts/20170301v013/xy_exp03.dat  189.153443  62.193013           86    2.2785751931    2.68018411564           86  189.153532  62.192975           86   2.08050929448   2.72289274588           86 
/work/00115/gebhardt/maverick/vdrp/shifts/20170301v014/xy_exp02.dat  189.153529  62.192933           86   5.14450661222   6.21212585441           86  189.153532  62.192975           86   5.26492297262   6.30370516801           86 
/work/00115/gebhardt/maverick/vdrp/shifts/20170301v014/xy_exp03.dat  189.153497  62.192967           86   5.55426378084   4.72584399819           86  189.153532  62.192975           86   5.54375099736   4.79044923597           86 
/work/00115/gebhardt/maverick/vdrp/shifts/20170303v012/xy_exp01.dat  189.126685  62.202552           86   10.7361197792   4.31517366789           86  189.126566  62.202418           86    10.233570464   4.45683607961           86 
/work/00115/gebhardt/maverick/vdrp/shifts/20170303v012/xy_exp02.dat  189.126236  62.202429           86   9.28990283424   4.70760261893           86  189.126566  62.202418           86   9.60170843372   5.16726284133           86 
/work/00115/gebhardt/maverick/vdrp/shifts/20170303v012/xy_exp03.dat  189.126452  62.202596           86   8.83669338299   2.81213321453           86  189.126566  62.202418           86   8.45183464412   3.35907011688           86 
/work/00115/gebhardt/maverick/vdrp/shifts/20170303v014/xy_exp03.dat  214.708757  52.791418           86  -10.5016579634   24.9527123131           86  214.708576  52.791321           86  -11.0005462841    25.120984924           86 
/work/00115/gebhardt/maverick/vdrp/shifts/20170305v009/xy_exp01.dat  214.929506  52.965006           86   8.67119829787  -14.2182086779           86  214.929391  52.965076           86   8.54173992762  -14.5482417228           86 
/work/00115/gebhardt/maverick/vdrp/shifts/20170305v009/xy_exp01.dat  214.937892  52.964078           86   24.0546034865  -3.96388906744           86   214.93796  52.963961           86   24.0236339954  -3.51870188281           86 
/work/00115/gebhardt/maverick/vdrp/shifts/20170306v021/xy_exp01.dat  189.215308  62.165187           86    11.367832442  -8.86548211421           86  189.215149  62.165172           86   11.4794706114  -9.11424915488           86 
/work/00115/gebhardt/maverick/vdrp/shifts/20170306v021/xy_exp02.dat   189.21521   62.16524           86   11.0129556673  -8.35107684041           86  189.215149  62.165172           86   10.8735622063  -8.57693162794           86 
/work/00115/gebhardt/maverick/vdrp/shifts/20170306v021/xy_exp03.dat  189.215065  62.165163           86   10.0546654319  -10.2719093605           86  189.215149  62.165172           86    9.9988349542  -10.1382319691           86 
/work/00115/gebhardt/maverick/vdrp/shifts/20170321v012/xy_exp01.dat  150.154537  2.252253           86   12.6917055189    -15.379778164           86  150.154532  2.252169           86    12.951473019  -15.5356319029           86 
/work/00115/gebhardt/maverick/vdrp/shifts/20170321v012/xy_exp02.dat  150.154553  2.252118           86   12.0342056835   -14.6511975408           86  150.154532  2.252169           86   11.9252959714    -14.4852026412           86 
/work/00115/gebhardt/maverick/vdrp/shifts/20170321v012/xy_exp03.dat  150.154508  2.252182           86     11.2920531084  -15.6471616718           86  150.154532  2.252169           86     11.281950167  -15.7448429395           86 
/work/00115/gebhardt/maverick/vdrp/shifts/20170322v010/xy_exp01.dat  150.146055  2.456941           86   16.5885591086    22.0713244923           86  150.146085  2.456939           86   16.5323367356    21.9789476428           86 
/work/00115/gebhardt/maverick/vdrp/shifts/20170322v010/xy_exp02.dat  150.146305  2.457392           86   13.1200743827   22.8415667021           86  150.146085  2.456939           86   14.9090817837   22.5498787575           86 
/work/00115/gebhardt/maverick/vdrp/shifts/20170322v011/xy_exp01.dat  214.919663  52.951849           86    11.8572633078  -4.65673888762           86  214.919784  52.952029           86   12.3545364793   -5.1481665325           86 
/work/00115/gebhardt/maverick/vdrp/shifts/20170322v011/xy_exp02.dat  214.920076  52.952033           86   11.3340236659  -4.46652526841           86  214.919784  52.952029           86    10.7466095574    -4.7037180874           86 
/work/00115/gebhardt/maverick/vdrp/shifts/20170322v011/xy_exp03.dat  214.919758   52.95191           86    10.8213114499   -6.00807849409           86  214.919784  52.952029           86    11.0425001907    -6.3792696999           86 
/work/00115/gebhardt/maverick/vdrp/shifts/20170322v014/xy_exp03.dat  189.192246  62.195015           86   8.93812030147  0.341132860411           86  189.192265  62.194917           86   8.63196879586  0.162926960092           86 
/work/00115/gebhardt/maverick/vdrp/shifts/20170322v016/xy_exp01.dat  189.215479  62.165178           86   12.1900026035  -9.37067021286           86  189.215149  62.165172           86   12.4952641029  -9.83433150685           86 
/work/00115/gebhardt/maverick/vdrp/shifts/20170322v016/xy_exp02.dat  189.215162  62.165372           86   11.5059851001  -8.76127156113           86  189.215149  62.165172           86   10.9331896214  -9.19805962185           86 
/work/00115/gebhardt/maverick/vdrp/shifts/20170322v018/xy_exp02.dat  215.104733  52.918097           86   24.7684575464  -4.87566383632           86  215.104504  52.917896           86   24.8994188217  -5.74372798078           86 
/work/00115/gebhardt/maverick/vdrp/shifts/20170322v018/xy_exp03.dat  215.104677  52.917936           86     23.855414202  -7.43783662149           86  215.104504  52.917896           86    24.1302793038  -7.73143999357           86 
/work/00115/gebhardt/maverick/vdrp/shifts/20170326v006/xy_exp01.dat  150.154578  2.252159           86   12.7587077927   -15.721815811           86  150.154532  2.252169           86   12.8225198682  -15.5649556902           86 
/work/00115/gebhardt/maverick/vdrp/shifts/20170326v006/xy_exp02.dat   150.15448  2.252058           86    11.9244355928   -15.2898367934           86  150.154532  2.252169           86     11.4890532196   -15.2183346717           86 
/work/00115/gebhardt/maverick/vdrp/shifts/20170326v006/xy_exp03.dat  150.154602  2.252066           86    11.724309736  -17.1236044803           86  150.154532  2.252169           86       11.560698657  -16.7063148012           86 
/work/00115/gebhardt/maverick/vdrp/shifts/20170326v007/xy_exp01.dat  150.254148  2.351199           86   19.1708939333  -12.8781237869           86  150.254821  2.351447           86   17.0613960503  -14.3637891825           86 
/work/00115/gebhardt/maverick/vdrp/shifts/20170326v007/xy_exp02.dat  150.254449  2.351307           86    16.4869011847  -13.0410290649           86  150.254821  2.351447           86   15.3122306503  -13.8562630699           86 
/work/00115/gebhardt/maverick/vdrp/shifts/20170326v010/xy_exp03.dat  189.269801  62.174934           86     20.2348060796  26.3955584758           86  189.269569  62.174561           86   19.3695443315   25.2971853901           86 
/work/00115/gebhardt/maverick/vdrp/shifts/20170327v011/xy_exp01.dat  214.729552  52.757373           86  -16.6105424687  -8.57023025409           86  214.729493   52.75735           86  -16.5302204639  -8.70033613727           86 
/work/00115/gebhardt/maverick/vdrp/shifts/20170327v011/xy_exp01.dat  214.720123   52.76737           86   17.4308213743   15.0586502995           86  214.720041  52.767162           86    17.269461514   14.3059427611           86 
/work/00115/gebhardt/maverick/vdrp/shifts/20170327v011/xy_exp02.dat  214.722329   52.75978           86  -0.152277040446  -6.62615879287           86  214.722286  52.759984           86  0.248639357652  -6.00375516824           86 
/work/00115/gebhardt/maverick/vdrp/shifts/20170327v011/xy_exp02.dat  214.720267   52.76714           86    15.3154351025   15.3503321122           86  214.720041  52.767162           86   15.7938107833   15.2097507624           86 
/work/00115/gebhardt/maverick/vdrp/shifts/20170327v011/xy_exp03.dat  214.729431   52.75736           86  -17.4351428227  -9.34537338881           86  214.729493   52.75735           86  -17.5725510869   -9.3196573724           86 
/work/00115/gebhardt/maverick/vdrp/shifts/20170327v011/xy_exp03.dat   214.71997  52.767156           86   16.3574942495   13.6003641422           86  214.720041  52.767162           86   16.2272301051   13.6864757277           86 
/work/00115/gebhardt/maverick/vdrp/shifts/20170328v018/xy_exp01.dat  214.726828  52.746504           86   7.70319033604  -15.4735051027           86  214.726652  52.746523           86    8.07867242995   -15.577422881           86 
/work/00115/gebhardt/maverick/vdrp/shifts/20170328v018/xy_exp01.dat  214.740546  52.749966           86  -13.8761224786   8.67793497814           86  214.740489  52.750074           86   -13.5961532975   8.97493714265           86 
/work/00115/gebhardt/maverick/vdrp/shifts/20170328v018/xy_exp01.dat  214.729605  52.757317           86   19.0545031324   22.2499936799           86  214.729493   52.75735           86    19.3258940398   22.2517737386           86 
/work/00115/gebhardt/maverick/vdrp/shifts/20170328v018/xy_exp02.dat  214.729956  52.757681           86   17.7255604595   24.7781650392           86  214.729493   52.75735           86   18.1208050362   23.2677879737           86 
/work/00115/gebhardt/maverick/vdrp/shifts/20170328v018/xy_exp02.dat  214.726596  52.746703           86   7.26309649501  -14.0295190274           86  214.726652  52.746523           86   6.87321572747  -14.5612998553           86 
/work/00115/gebhardt/maverick/vdrp/shifts/20170328v018/xy_exp03.dat  214.730002  52.757305           86   16.2002043801   22.1717123673           86  214.729493   52.75735           86   17.2703849472   21.8389348596           86 
/work/00115/gebhardt/maverick/vdrp/shifts/20170328v018/xy_exp03.dat   214.74075  52.750055           86  -16.1942846435   8.74644236298           86  214.740489  52.750074           86  -15.6518047386   8.56245063365           86 
/work/00115/gebhardt/maverick/vdrp/shifts/20170328v019/xy_exp02.dat  214.844148  52.844728           86   -3.96549054958   -4.69776255777           86  214.844023  52.844712           86  -3.74569530595   -4.86769715582           86 
/work/00115/gebhardt/maverick/vdrp/shifts/20170331v006/xy_exp01.dat  150.159819  2.358099           86  -16.3005538415  -21.2374682476           86  150.159752   2.35826           86    -16.6400290333   -20.7094784901           86 
/work/00115/gebhardt/maverick/vdrp/shifts/20170331v006/xy_exp02.dat  150.159673  2.358249           86  -17.8937666845  -19.9337128799           86  150.159752   2.35826           86  -18.0880282462  -20.1448459723           86 
/work/00115/gebhardt/maverick/vdrp/shifts/20170331v006/xy_exp03.dat  150.159724  2.358061           86  -17.1675728734  -21.9716132583           86  150.159752   2.35826           86  -17.8139871606  -21.6467706215           86 
/work/00115/gebhardt/maverick/vdrp/shifts/20170331v007/xy_exp02.dat  214.755498  52.836651           86   9.70265177923  -10.7096709423           86  214.755219  52.836834           86    9.40132634841  -11.5530945617           86 
/work/00115/gebhardt/maverick/vdrp/shifts/20170331v008/xy_exp01.dat  214.942594  52.974018           86    2.09204752862  -10.4953914455           86  214.942529  52.973973           86   1.89855910016  -10.4023222887           86 
/work/00115/gebhardt/maverick/vdrp/shifts/20170331v008/xy_exp01.dat  214.942594  52.974018           86    2.09204752862  -10.4953914455           86  214.942529  52.973973           86   1.89855910016  -10.4023222887           86 
/work/00115/gebhardt/maverick/vdrp/shifts/20170331v008/xy_exp01.dat    214.9422  52.972023           86   -1.53272919192  -4.23664665457           86  214.942409  52.971895           86  -1.29879883586  -3.63422351148           86 
/work/00115/gebhardt/maverick/vdrp/shifts/20170331v008/xy_exp01.dat  214.943971  52.963682           86   -9.88066700471   24.8617469988           86  214.944263  52.963732           86  -9.22793552768   24.9467992928           86 
/work/00115/gebhardt/maverick/vdrp/shifts/20170331v008/xy_exp01.dat  214.954236  52.969871           86    19.3716942808   13.1966499347           86  214.954436  52.969903           86   19.8155246813   13.2622456805           86 
/work/00115/gebhardt/maverick/vdrp/shifts/20170331v008/xy_exp02.dat  214.944234   52.96392           86  -10.3923245703   24.8060747085           86  214.944263  52.963732           86  -10.6022098381   25.4525750821           86 
/work/00115/gebhardt/maverick/vdrp/shifts/20170331v008/xy_exp02.dat  214.942657  52.973995           86  0.810710752951  -9.85947755638           86  214.942529  52.973973           86  0.524526598594  -9.89647093871           86 
/work/00115/gebhardt/maverick/vdrp/shifts/20170331v008/xy_exp02.dat  214.942657  52.973995           86  0.810710752951  -9.85947755638           86  214.942529  52.973973           86  0.524526598594  -9.89647093871           86 
/work/00115/gebhardt/maverick/vdrp/shifts/20170331v008/xy_exp02.dat  214.954472  52.969891           86   18.4959447747   13.8387553434           86  214.954436  52.969903           86   18.4413306163   13.7682195895           86 
/work/00115/gebhardt/maverick/vdrp/shifts/20170331v008/xy_exp03.dat  214.942987  52.973926           86   1.76801038174   -10.8230481391           86  214.942529  52.973973           86  0.922992524675   -11.3711070691           86 
/work/00115/gebhardt/maverick/vdrp/shifts/20170331v008/xy_exp03.dat  214.942987  52.973926           86   1.76801038174   -10.8230481391           86  214.942529  52.973973           86  0.922992524675   -11.3711070691           86 
/work/00115/gebhardt/maverick/vdrp/shifts/20170331v008/xy_exp03.dat  214.954323  52.969842           86   18.5279173104    12.3984706307           86  214.954436  52.969903           86    18.839763446    12.2936080486           86 
/work/00115/gebhardt/maverick/vdrp/shifts/20170331v008/xy_exp03.dat  214.944342  52.963573           86  -10.2728125851    24.5714068234           86  214.944263  52.963732           86  -10.2037928964    23.9779227231           86 
/work/00115/gebhardt/maverick/vdrp/shifts/20170418v003/xy_exp01.dat  189.466554   62.16906           86  -1.50703453554  -4.54897937385           86  189.466755  62.169234           86  -0.805767753243     -4.67033417989           86 
/work/00115/gebhardt/maverick/vdrp/shifts/20170418v004/xy_exp01.dat  150.146764  1.957176           86    21.8568904374  -4.17032923238           86  150.146873  1.957201           86    21.5646675262   -4.44692323797           86 
/work/00115/gebhardt/maverick/vdrp/shifts/20170418v004/xy_exp01.dat  150.151396  1.965484           86    -12.275046149  -1.47091663804           86  150.151341  1.965418           86   -11.9676082397   -1.43784374429           86 
/work/00115/gebhardt/maverick/vdrp/shifts/20170418v004/xy_exp01.dat  150.151396  1.965484           86    -12.275046149  -1.47091663804           86  150.151341  1.965418           86   -11.9676082397   -1.43784374429           86 
/work/00115/gebhardt/maverick/vdrp/shifts/20170418v004/xy_exp02.dat  150.146201   1.95713           86   23.6579642218   -4.36216885125           86  150.146873  1.957201           86   22.1054909339  -6.23323074029           86 
/work/00115/gebhardt/maverick/vdrp/shifts/20170418v004/xy_exp02.dat  150.150949  1.965428           86  -10.6752616233    -2.0301357394           86  150.151341  1.965418           86  -11.4267837714  -3.22414505047           86 
/work/00115/gebhardt/maverick/vdrp/shifts/20170418v004/xy_exp02.dat  150.150949  1.965428           86  -10.6752616233    -2.0301357394           86  150.151341  1.965418           86  -11.4267837714  -3.22414505047           86 
/work/00115/gebhardt/maverick/vdrp/shifts/20170418v004/xy_exp03.dat  150.146301  1.960654           86   11.3199206276   2.98599552681           86  150.146544  1.960696           86   10.7096103743   2.34197397908           86 
/work/00115/gebhardt/maverick/vdrp/shifts/20170418v004/xy_exp03.dat  150.146432  1.957129           86   21.6225616804  -4.43791066208           86  150.146873  1.957201           86   20.5276128919   -5.6151153567           86 
/work/00115/gebhardt/maverick/vdrp/shifts/20170418v004/xy_exp03.dat  150.151112   1.96545           86  -12.6440263509   -1.8563270366           86  150.151341  1.965418           86  -13.0046621285  -2.60602739335           86 
/work/00115/gebhardt/maverick/vdrp/shifts/20170418v004/xy_exp03.dat  150.151112   1.96545           86  -12.6440263509   -1.8563270366           86  150.151341  1.965418           86  -13.0046621285  -2.60602739335           86 
/work/00115/gebhardt/maverick/vdrp/shifts/20170418v006/xy_exp01.dat   214.23961  52.218074           86    21.1201720149      19.900908188           86  214.239496  52.218401           86    21.3201945599    18.7138885418           86 
/work/00115/gebhardt/maverick/vdrp/shifts/20170418v006/xy_exp01.dat   214.23961  52.218074           86    21.1201720149      19.900908188           86  214.239496  52.218401           86    21.3201945599    18.7138885418           86 
/work/00115/gebhardt/maverick/vdrp/shifts/20170418v006/xy_exp01.dat  214.227114  52.220997           86  -0.621525056718  -0.0384066629715           86  214.227251  52.221057           86  -0.261035784842  -0.127816523129           86 
/work/00115/gebhardt/maverick/vdrp/shifts/20170418v006/xy_exp01.dat  214.218717  52.223709           86    -14.235824292    -15.9412957734           86  214.218715  52.223741           86   -14.1974452653   -16.0500045255           86 
/work/00115/gebhardt/maverick/vdrp/shifts/20170418v006/xy_exp02.dat  214.218811  52.223814           86   -13.9943113032  -17.7238556363           86  214.218715  52.223741           86   -14.2880058192  -17.5576396293           86 
/work/00115/gebhardt/maverick/vdrp/shifts/20170418v006/xy_exp02.dat  214.227275  52.221118           86  -0.221505670556  -1.82001940538           86  214.227251  52.221057           86  -0.351660125056  -1.63539608888           86 
/work/00115/gebhardt/maverick/vdrp/shifts/20170418v006/xy_exp02.dat  214.239656  52.218325           86    21.4567386221   17.5907751197           86  214.239496  52.218401           86    21.2294946705   17.2063950525           86 
/work/00115/gebhardt/maverick/vdrp/shifts/20170418v006/xy_exp02.dat  214.239656  52.218325           86    21.4567386221   17.5907751197           86  214.239496  52.218401           86    21.2294946705   17.2063950525           86 
/work/00115/gebhardt/maverick/vdrp/shifts/20170418v006/xy_exp03.dat  214.239359  52.218391           86   19.1927384186   17.7544564155           86  214.239496  52.218401           86   19.4869029234    17.832331223           86 
/work/00115/gebhardt/maverick/vdrp/shifts/20170418v006/xy_exp03.dat  214.239359  52.218391           86   19.1927384186   17.7544564155           86  214.239496  52.218401           86   19.4869029234    17.832331223           86 
/work/00115/gebhardt/maverick/vdrp/shifts/20170418v006/xy_exp03.dat  214.218563  52.223865           86  -16.1772655122  -17.4705613124           86  214.218715  52.223741           86  -16.0302956001  -16.9320125643           86 
/work/00115/gebhardt/maverick/vdrp/shifts/20170418v006/xy_exp03.dat  214.227284  52.221174           86  -1.87116318569  -1.37435489679           86  214.227251  52.221057           86  -2.09408823805  -1.00964769861           86 
/work/00115/gebhardt/maverick/vdrp/shifts/20170419v006/xy_exp02.dat  214.499697  52.612211           86  -8.32969943693      8.81537872246           86  214.499415  52.612064           86  -9.10196006312    9.06769423853           86 
/work/00115/gebhardt/maverick/vdrp/shifts/20170419v006/xy_exp02.dat  214.503986  52.609095           86  -3.97258399191       22.770924611           86  214.504387  52.609177           86  -3.04977211075    22.8344447157           86 
/work/00115/gebhardt/maverick/vdrp/shifts/20170419v006/xy_exp03.dat   214.50429  52.608745           86  -5.47804814302    24.3676980387           86  214.504387  52.609177           86  -4.68583142484   23.0127008606           86 
/work/00115/gebhardt/maverick/vdrp/shifts/20170420v016/xy_exp01.dat  214.108616  53.348971           86     20.3652379852    15.4719337024           86  214.108803   53.34905           86    20.1351576024    15.9071788643           86 
/work/00115/gebhardt/maverick/vdrp/shifts/20170420v016/xy_exp02.dat   214.11528  53.339272           86  -7.90540348462    -10.8039303751           86  214.115055  53.339181           86  -7.62192172673   -11.3146756347           86 
/work/00115/gebhardt/maverick/vdrp/shifts/20170420v016/xy_exp02.dat  214.109083  53.349248           86   20.1994622727     15.2209518013           86  214.108803   53.34905           86   20.4143583126    14.3132265547           86 
/work/00115/gebhardt/maverick/vdrp/shifts/20170420v016/xy_exp03.dat  214.109312  53.349087           86    17.8218561812    15.3714782259           86  214.108803   53.34905           86    18.7375904519   14.7585827964           86 
/work/00115/gebhardt/maverick/vdrp/shifts/20170420v017/xy_exp01.dat  215.210191  52.350718           86    19.0918205953   13.3820039018           86  215.210317  52.350591           86    18.6492076255   13.0821794967           86 
/work/00115/gebhardt/maverick/vdrp/shifts/20170420v017/xy_exp02.dat  215.210476  52.350712           86    18.7683625824   12.1202493345           86  215.210317  52.350591           86    18.9042757402   11.5784720453           86 
/work/00115/gebhardt/maverick/vdrp/shifts/20170420v017/xy_exp03.dat  215.210685  52.350652           86    16.8167758474   12.9770297177           86  215.210317  52.350591           86    17.4604787907   12.4397050702           86 
/work/00115/gebhardt/maverick/vdrp/shifts/20170421v016/xy_exp01.dat  214.123555  53.178183           86   -16.3049008184   17.1276469589           86  214.123411  53.178078           86    -16.1951854364   16.6508060351           86 
/work/00115/gebhardt/maverick/vdrp/shifts/20170421v016/xy_exp02.dat  214.112463  53.184285           86   15.3055157095    24.6074247427           86  214.112432  53.184602           86   15.8737232456     25.5993691645           86 
/work/00115/gebhardt/maverick/vdrp/shifts/20170421v016/xy_exp02.dat  214.121397  53.175864           86  -15.4565275703    6.05316847559           86   214.12117  53.176043           86  -14.7309213508     6.41184549401           86 
/work/00115/gebhardt/maverick/vdrp/shifts/20170421v016/xy_exp02.dat  214.121397  53.175864           86  -15.4565275703    6.05316847559           86   214.12117  53.176043           86  -14.7309213508     6.41184549401           86 
/work/00115/gebhardt/maverick/vdrp/shifts/20170421v016/xy_exp02.dat  214.123403  53.178225           86  -15.5442869909    15.5909556511           86  214.123411  53.178078           86  -15.7955374893     15.1248820919           86 
/work/00115/gebhardt/maverick/vdrp/shifts/20170421v016/xy_exp03.dat  214.123504  53.177998           86  -17.4875689859   15.5649130978           86  214.123411  53.178078           86  -17.1796053457   15.7333335588           86 
/work/00115/gebhardt/maverick/vdrp/shifts/20170421v016/xy_exp03.dat  214.112211  53.184125           86    14.151686635   24.4577131699           86  214.112432  53.184602           86   14.4897581782   26.2075109434           86 
/work/00115/gebhardt/maverick/vdrp/shifts/20170421v016/xy_exp03.dat  214.120974  53.176078           86  -15.6803241368   6.94466042529           86   214.12117  53.176043           86  -16.1150743338    7.0202864345           86 
/work/00115/gebhardt/maverick/vdrp/shifts/20170421v016/xy_exp03.dat  214.120974  53.176078           86  -15.6803241368   6.94466042529           86   214.12117  53.176043           86  -16.1150743338    7.0202864345           86 
/work/00115/gebhardt/maverick/vdrp/shifts/20170421v017/xy_exp01.dat  214.112261  53.183883           86    14.8390528967   24.4298140693           86  214.112432  53.184602           86   15.6606570697   26.9119275208           86 
/work/00115/gebhardt/maverick/vdrp/shifts/20170421v017/xy_exp01.dat  214.123519  53.177992           86   -16.3505028364   16.2500952525           86  214.123411  53.178078           86   -16.004018643   16.4235870375           86 
/work/00115/gebhardt/maverick/vdrp/shifts/20170421v017/xy_exp02.dat  214.123279  53.178095           86   -16.6380340523    17.3700000232           86  214.123411  53.178078           86   -16.9203017899    17.4419901195           86 
/work/00115/gebhardt/maverick/vdrp/shifts/20170421v017/xy_exp03.dat  214.123353  53.177973           86  -17.6699691541    15.744208651           86  214.123411  53.178078           86  -17.6137426477   16.1383954637           86 
/work/00115/gebhardt/maverick/vdrp/shifts/20170424v008/xy_exp03.dat  213.989023  52.710208           86   24.6286275577  -13.2805324104           86  213.988978  52.710146           86   24.4520366628  -13.1124045852           86 
/work/00115/gebhardt/maverick/vdrp/shifts/20170424v009/xy_exp01.dat   214.26247  52.365709           86    8.64667852735   24.3867142441           86  214.262508  52.365854           86    8.9194700437   23.9338922827           86 
/work/00115/gebhardt/maverick/vdrp/shifts/20170424v009/xy_exp02.dat   214.26249  52.365665           86    7.31305890641   24.9899076162           86  214.262508  52.365854           86    7.60435554302   24.3737435499           86 
/work/00115/gebhardt/maverick/vdrp/shifts/20170427v003/xy_exp03.dat  213.978366  52.869467           86  -6.96449199094   4.79364197355           86  213.978544   52.86954           86   -6.5056700328   4.70327002305           86 
/work/00115/gebhardt/maverick/vdrp/shifts/20170427v004/xy_exp03.dat  214.389026  52.646669           86   5.13142045957   24.9267929338           86  214.389168  52.646867           86   5.69135052768   24.3875681809           86 
/work/00115/gebhardt/maverick/vdrp/shifts/20170427v005/xy_exp01.dat  214.253908  52.530001           86  -14.0213102495   21.9476359005           86  214.254168   52.53003           86  -13.4548900236    22.067209914           86 
/work/00115/gebhardt/maverick/vdrp/shifts/20170427v005/xy_exp03.dat  214.254105  52.530083           86  -14.6490938081   20.7483349682           86  214.254168   52.53003           86  -14.5938823195   20.9772301188           86 
/work/00115/gebhardt/maverick/vdrp/shifts/20170427v013/xy_exp01.dat  214.393095  53.171847           86  -12.6499858305   -11.2608902242           86  214.393055  53.171756           86  -12.7187383019   -11.592621542           86 
/work/00115/gebhardt/maverick/vdrp/shifts/20170427v013/xy_exp02.dat  214.392896  53.171785           86  -13.6873383914  -11.3556444805           86  214.393055  53.171756           86  -14.0410110053   -11.2961654445           86 
/work/00115/gebhardt/maverick/vdrp/shifts/20170427v013/xy_exp03.dat  214.392972  53.171727           86  -13.7402776913   -12.889662536           86  214.393055  53.171756           86  -13.8540739796  -12.7163738302           86 
/work/00115/gebhardt/maverick/vdrp/shifts/20170427v014/xy_exp01.dat  214.385042  52.676044           86  0.221061985358  -6.19421256325           86  214.385004  52.676126           86  0.422517402309  -5.96304430462           86 
/work/00115/gebhardt/maverick/vdrp/shifts/20170427v014/xy_exp02.dat  214.385043  52.676068           86  -0.966605175463  -5.53521857324           86  214.385004  52.676126           86  -0.800204864957    -5.383050423           86 
/work/00115/gebhardt/maverick/vdrp/shifts/20170427v014/xy_exp03.dat  214.384888  52.676185           86  -0.527990364435  -6.83103659123           86  214.385004  52.676126           86  -0.847786825921  -6.91442685109           86 
/work/00115/gebhardt/maverick/vdrp/shifts/20170428v005/xy_exp01.dat  214.528984  52.373964           86  -6.71638464316     -12.3734331           86    214.5288  52.373876           86  -7.21003565309  -12.2312702794           86 
/work/00115/gebhardt/maverick/vdrp/shifts/20170428v005/xy_exp02.dat  214.528935  52.373885           86   -8.07485493838   -11.6450437881           86    214.5288  52.373876           86    -8.36208012917   -11.7261986992           86 
/work/00115/gebhardt/maverick/vdrp/shifts/20170428v005/xy_exp02.dat  214.538642  52.370739           86    7.46219247863    6.84965275568           86  214.538316  52.370962           86     7.09859620639    5.83687560186           86 
/work/00115/gebhardt/maverick/vdrp/shifts/20170428v005/xy_exp02.dat  214.547062  52.370772           86    24.6662716062    13.6718684119           86  214.547421   52.37078           86     25.4087012728    13.9406923771           86 
/work/00115/gebhardt/maverick/vdrp/shifts/20170428v005/xy_exp03.dat  214.528785  52.373919           86   -8.24969321057  -13.0902968033           86    214.5288  52.373876           86     -8.2771420116  -12.9344233417           86 
/work/00115/gebhardt/maverick/vdrp/shifts/20170428v005/xy_exp03.dat  214.547334  52.370577           86    25.0425686299   13.3385397536           86  214.547421   52.37078           86     25.4935788549   12.7325468211           86 
/work/00115/gebhardt/maverick/vdrp/shifts/20170428v005/xy_exp03.dat  214.538224  52.367898           86    2.86354049732   14.7799989308           86   214.53828  52.367869           86     2.93855761571   14.9229121548           86 
/work/00115/gebhardt/maverick/vdrp/shifts/20170428v005/xy_exp03.dat  214.538227  52.370774           86    6.74856205032   5.18290935389           86  214.538316  52.370962           86     7.18349296602    4.6286870853           86 
/work/00115/gebhardt/maverick/vdrp/shifts/20170428v007/xy_exp01.dat  215.644602   52.70659           86   13.1951774457   -3.0946771184           86  215.644695  52.706645           86   13.4587146561  -3.19909066033           86 
/work/00115/gebhardt/maverick/vdrp/shifts/20170428v007/xy_exp01.dat  215.643856  52.698767           86   0.82873279662   22.2601229298           86  215.643781  52.698741           86  0.641667288814     22.28335162           86 
/work/00115/gebhardt/maverick/vdrp/shifts/20170428v007/xy_exp02.dat  215.643597  52.698745           86  -0.910656059942   22.7502049007           86  215.643781  52.698741           86  -0.545870882429   22.9183600015           86 
/work/00115/gebhardt/maverick/vdrp/shifts/20170428v007/xy_exp02.dat  215.644865  52.706592           86    12.5398085076  -2.24492822592           86  215.644695  52.706645           86    12.2713148249   -2.5640131941           86 
/work/00115/gebhardt/maverick/vdrp/shifts/20170428v007/xy_exp03.dat  215.643589  52.698703           86  -0.631087959698    21.470159283           86  215.643781  52.698741           86  -0.191866781555   21.5055542088           86 
/work/00115/gebhardt/maverick/vdrp/shifts/20170428v019/xy_exp02.dat  214.119331  52.679258           86  -14.9000567517   15.5588246384           86  214.119412  52.679272           86  -15.0383120439   15.6799879195           86 
/work/00115/gebhardt/maverick/vdrp/shifts/20170428v019/xy_exp02.dat  214.109749  52.675913           86  -1.14296411647  -4.26963420082           86   214.10972  52.675938           86  -1.04726308458  -4.21533653832           86 
/work/00115/gebhardt/maverick/vdrp/shifts/20170428v019/xy_exp02.dat  214.122352  52.681124           86  -17.9872493527   24.4509421969           86  214.122197  52.681156           86  -17.6321918959   24.4103936541           86 
/work/00115/gebhardt/maverick/vdrp/shifts/20170501v011/xy_exp01.dat  214.933333  53.178662           86   23.3000540978  -0.499506459598           86  214.933571  53.178575           86   22.7007580601  -0.550701221952           86 
/work/00115/gebhardt/maverick/vdrp/shifts/20170501v011/xy_exp01.dat  214.940855  53.178355           86   8.28288668219    5.75303591204           86  214.941124  53.178287           86   7.65425028149    5.79296533572           86 
/work/00115/gebhardt/maverick/vdrp/shifts/20170501v011/xy_exp02.dat  214.940899  53.178319           86    6.78896993903     6.11181720024           86  214.941124  53.178287           86    6.30312572048    6.22536643296           86 
/work/00115/gebhardt/maverick/vdrp/shifts/20170501v011/xy_exp02.dat  214.933523  53.178627           86    21.5257829744  0.00289057574841           86  214.933571  53.178575           86    21.3495761007  -0.118436867231           86 
/work/00115/gebhardt/maverick/vdrp/shifts/20170501v011/xy_exp03.dat  214.933523  53.178641           86   21.7667005606  -1.54925357584           86  214.933571  53.178575           86    21.5680076211  -1.71568760513           86 
/work/00115/gebhardt/maverick/vdrp/shifts/20170501v011/xy_exp03.dat  214.940952  53.178282           86   6.84558962348   4.44631002601           86  214.941124  53.178287           86    6.52152023423   4.62802731079           86 
/work/00115/gebhardt/maverick/vdrp/shifts/20170501v012/xy_exp01.dat  215.767722  52.510809           86   5.47834783672   -2.62681615631           86  215.767811  52.510609           86   4.99745513077  -3.19705142606           86 
/work/00115/gebhardt/maverick/vdrp/shifts/20170501v012/xy_exp03.dat  215.767557  52.510638           86  4.29473799408  -4.26364029778           86  215.767811  52.510609           86   3.74621060807   -4.1231800177           86 
/work/00115/gebhardt/maverick/vdrp/shifts/20170502v012/xy_exp02.dat  215.481108  52.343843           86   21.7203696359   -13.2580871402           86  215.481278  52.343869           86   21.4193958734  -13.0173272678           86 
/work/00115/gebhardt/maverick/vdrp/shifts/20170502v012/xy_exp03.dat  215.481238  52.343856           86   22.1314107192  -14.5826590038           86  215.481278  52.343869           86   22.0709078845  -14.5034828306           86 
/work/00115/gebhardt/maverick/vdrp/shifts/20170503v007/xy_exp01.dat  214.946922  53.348767           86     5.09333094889   24.4559751328           86  214.947083  53.348858           86     4.9328164994   24.9046010872           86 
/work/00115/gebhardt/maverick/vdrp/shifts/20170503v007/xy_exp01.dat  214.950596  53.342564           86    -12.0453383252   8.10732442673           86  214.950485  53.342564           86   -11.8325410714   7.99946067868           86 
/work/00115/gebhardt/maverick/vdrp/shifts/20170503v007/xy_exp01.dat  214.940707  53.349232           86     17.7635362826   19.9118198739           86    214.9406  53.349335           86    18.1362473657   20.1386494472           86 
/work/00115/gebhardt/maverick/vdrp/shifts/20170503v007/xy_exp02.dat  214.950599  53.342354           86   -13.6625979487   8.92710081414           86  214.950485  53.342564           86  -13.1022398545    9.4906358926           86 
/work/00115/gebhardt/maverick/vdrp/shifts/20170503v007/xy_exp02.dat  214.940781  53.349362           86    16.5636662218   21.8919905898           86    214.9406  53.349335           86   16.8666917502   21.6294724347           86 
/work/00115/gebhardt/maverick/vdrp/shifts/20170503v007/xy_exp03.dat  214.934429   53.34286           86    17.4347240526  -6.64607794223           86  214.934496  53.342638           86    16.9450838014  -7.29392922142           86 
/work/00115/gebhardt/maverick/vdrp/shifts/20170503v007/xy_exp03.dat  214.950547  53.342579           86   -13.9237089956    8.1109791881           86  214.950485  53.342564           86   -13.8292649657   8.00256413209           86 
/work/00115/gebhardt/maverick/vdrp/shifts/20170503v007/xy_exp03.dat  214.940822   53.34923           86    15.5432515987   20.0198624453           86    214.9406  53.349335           86    16.1396648778   20.1414045379           86 
/work/00115/gebhardt/maverick/vdrp/shifts/20170503v008/xy_exp01.dat   214.38457   52.35076           86   10.1742987966   19.4594128709           86  214.384261   52.35065           86    10.625973351   18.8155910164           86 
/work/00115/gebhardt/maverick/vdrp/shifts/20170503v008/xy_exp02.dat  214.390976  52.344313           86  -13.8758559162    4.74234965309           86   214.39112  52.344365           86    -14.085245132   5.04483646787           86 
/work/00115/gebhardt/maverick/vdrp/shifts/20170503v008/xy_exp02.dat  214.384335  52.350603           86   8.85918284167     19.204745137           86  214.384261   52.35065           86    9.07774572602   19.2904089425           86 
/work/00115/gebhardt/maverick/vdrp/shifts/20170503v008/xy_exp03.dat  214.391271  52.344471           86    -13.788517431   3.90157663303           86   214.39112  52.344365           86    -13.646439464   3.41606768893           86 
/work/00115/gebhardt/maverick/vdrp/shifts/20170503v008/xy_exp03.dat  214.384507  52.350575           86    8.91216810999   17.6427032825           86  214.384261   52.35065           86    9.51645477818    17.661796652           86 
/work/00115/gebhardt/maverick/vdrp/shifts/20170503v009/xy_exp01.dat  214.656229     52.509           86   11.8012671961    -12.94531005           86  214.656627  52.508751           86   10.6317561774  -13.3883266303           86 
/work/00115/gebhardt/maverick/vdrp/shifts/20170503v009/xy_exp01.dat  214.669552  52.510387           86  -12.5312215173   3.93683406686           86  214.669399  52.510476           86  -12.0918610897   4.08514349931           86 
/work/00115/gebhardt/maverick/vdrp/shifts/20170503v009/xy_exp01.dat  214.655141  52.515243           86   23.4738180918   6.40802542185           86  214.655162  52.515029           86    23.106055038   5.72950893563           86 
/work/00115/gebhardt/maverick/vdrp/shifts/20170503v009/xy_exp02.dat  214.669585   52.51037           86  -14.0576406296   4.46354422889           86  214.669399  52.510476           86  -13.5268620692   4.63667453374           86 
/work/00115/gebhardt/maverick/vdrp/shifts/20170503v009/xy_exp02.dat  214.656591  52.508674           86   9.15071548715  -13.1215472917           86  214.656627  52.508751           86   9.19658625028  -12.8370161344           86 
/work/00115/gebhardt/maverick/vdrp/shifts/20170503v009/xy_exp02.dat   214.65532  52.515057           86   21.4001273926   6.51853757273           86  214.655162  52.515029           86   21.6710704466   6.28069868212           86 
/work/00115/gebhardt/maverick/vdrp/shifts/20170503v009/xy_exp03.dat  214.655118  52.515074           86   21.8802025488   4.89161195296           86  214.655162  52.515029           86   21.7242990822     4.78563962275           86 
/work/00115/gebhardt/maverick/vdrp/shifts/20170503v010/xy_exp01.dat  215.764921  52.843317           86    13.4606691409  -7.98977906335           86  215.764944  52.843242           86    13.2984434935  -8.21132837436           86 
/work/00115/gebhardt/maverick/vdrp/shifts/20170503v010/xy_exp02.dat  215.779918   52.84365           86  -16.5809285141   8.49468710876           86  215.779579  52.843684           86  -15.8637682878   8.28492877382           86 
/work/00115/gebhardt/maverick/vdrp/shifts/20170503v010/xy_exp02.dat  215.764794   52.84339           86   12.6386419564   -6.6228257981           86  215.764944  52.843242           86   12.1135781867  -6.96129854792           86 
/work/00115/gebhardt/maverick/vdrp/shifts/20170503v010/xy_exp03.dat  215.764843  52.843166           86   11.6169018877  -8.70401005471           86  215.764944  52.843242           86   11.5377789204  -8.36221016782           86 
/work/00115/gebhardt/maverick/vdrp/shifts/20170518v006/xy_exp03.dat  214.543117  52.540696           86    23.449674914    -10.8791633889           86  214.542962  52.540739           86   23.1944257209   -11.1511670581           86 
/work/00115/gebhardt/maverick/vdrp/shifts/20170522v005/xy_exp01.dat  215.767556  52.510619           86   4.29551296391   -12.6572304423           86  215.767811  52.510609           86   3.77450768452  -12.4522788839           86 
/work/00115/gebhardt/maverick/vdrp/shifts/20170522v005/xy_exp02.dat  215.767929  52.510747           86    2.78001802273    -10.919204496           86  215.767811  52.510609           86   2.80280659005  -11.4787886103           86 
/work/00115/gebhardt/maverick/vdrp/shifts/20170523v008/xy_exp01.dat  215.480761  52.343824           86   24.1376264917  -23.8992612131           86  215.481278  52.343869           86   23.1728425798   -23.276111754           86 
/work/00115/gebhardt/maverick/vdrp/shifts/20170523v008/xy_exp02.dat  215.503979  52.348471           86   -16.067270675   13.2638076078           86  215.504248  52.348562           86  -16.4671604591   13.8091037257           86 
/work/00115/gebhardt/maverick/vdrp/shifts/20170523v008/xy_exp02.dat  215.481142  52.343858           86   22.5842817121  -22.8501809796           86  215.481278  52.343869           86   22.3292286979  -22.6889936138           86 
/work/00115/gebhardt/maverick/vdrp/shifts/20170525v014/xy_exp01.dat  215.765185  52.843329           86   13.2449140455   -15.9764237874           86  215.764944  52.843242           86    13.5810973005  -16.4860134697           86 
/work/00115/gebhardt/maverick/vdrp/shifts/20170525v014/xy_exp02.dat  215.764906   52.84336           86   12.4450290973   -15.4272695552           86  215.764944  52.843242           86   12.1862288352  -15.7741197032           86 
/work/00115/gebhardt/maverick/vdrp/shifts/20170525v014/xy_exp03.dat  215.764994   52.84333           86   12.1894319835  -16.6227991788           86  215.764944  52.843242           86   12.1498909847   -16.955393517           86 
/work/00115/gebhardt/maverick/vdrp/shifts/20170527v011/xy_exp01.dat  214.950438  53.342454           86   -11.8014528261    -1.4114541652           86  214.950485  53.342564           86   -11.7119569384  -1.01269165884           86 
/work/00115/gebhardt/maverick/vdrp/shifts/20170527v011/xy_exp01.dat  214.940753  53.349263           86    17.8632963932    11.0023492361           86    214.9406  53.349335           86    18.2738587847    11.084371229           86 
/work/00115/gebhardt/maverick/vdrp/shifts/20170527v011/xy_exp02.dat  214.934461  53.342846           86     18.175331075     -15.23348081           86  214.934496  53.342638           86    17.7689325125    -15.866885645           86 
/work/00115/gebhardt/maverick/vdrp/shifts/20170527v011/xy_exp02.dat  214.950479   53.34248           86   -13.1095395474  -0.802632240017           86  214.950485  53.342564           86   -12.9839318588  -0.527250654527           86 
/work/00115/gebhardt/maverick/vdrp/shifts/20170527v011/xy_exp02.dat  214.940684  53.349314           86    16.8068186628    11.5839783031           86    214.9406  53.349335           86    17.0019908441    11.5695477685           86 
/work/00115/gebhardt/maverick/vdrp/shifts/20170527v011/xy_exp03.dat  214.950345  53.342411           86  -12.9286355375  -2.22346792519           86  214.950485  53.342564           86  -12.9471175964  -1.59610576381           86 
/work/00115/gebhardt/maverick/vdrp/shifts/20170527v011/xy_exp03.dat  214.934282  53.342874           86   18.6008253369   -16.386723117           86  214.934496  53.342638           86   17.8057980418  -16.9356372752           86 
/work/00115/gebhardt/maverick/vdrp/shifts/20170527v011/xy_exp03.dat  214.940657   53.34925           86   16.7908822084   10.2835496761           86    214.9406  53.349335           86   17.0387643237   10.5007932179           86 
/work/00115/gebhardt/maverick/vdrp/shifts/20170529v007/xy_exp01.dat  214.655119   52.51518           86   23.2485749509  -2.30695187076           86  214.655162  52.515029           86   22.9326076286  -2.75921358731           86 
/work/00115/gebhardt/maverick/vdrp/shifts/20170529v007/xy_exp02.dat  214.655449  52.515048           86   20.9625607523  -1.91950612197           86  214.655162  52.515029           86   21.5028785145  -2.24824932154           86 
/work/00115/gebhardt/maverick/vdrp/shifts/20170529v009/xy_exp01.dat  214.935187  52.679741           86   14.0326895037    -5.225053656           86  214.935118  52.679741           86   14.1687194312  -5.28967175082           86 
/work/00115/gebhardt/maverick/vdrp/shifts/20170529v009/xy_exp01.dat  214.945587  52.682591           86  -2.06598893189   13.7828804154           86  214.945632  52.682592           86  -2.15314706783   13.8282843389           86 
/work/00115/gebhardt/maverick/vdrp/shifts/20170529v009/xy_exp01.dat   214.94193  52.685572           86   9.74832043584   20.0505732439           86  214.941875  52.685546           86   9.81656125335   19.9145205049           86 
/work/00115/gebhardt/maverick/vdrp/shifts/20170529v009/xy_exp02.dat  214.935187  52.679861           86   13.0351881164  -4.27294109831           86  214.935118  52.679741           86   12.9858525601  -4.72777091192           86 
/work/00115/gebhardt/maverick/vdrp/shifts/20170529v009/xy_exp02.dat  214.945667  52.682682           86  -3.26577991568   14.7157449271           86  214.945632  52.682592           86  -3.33585504414    14.390321344           86 
/work/00115/gebhardt/maverick/vdrp/shifts/20170529v009/xy_exp03.dat  214.945672  52.682565           86  -3.53526368576   13.1020047328           86  214.945632  52.682592           86  -3.41469690934    13.1523269319           86 
/work/00115/gebhardt/maverick/vdrp/shifts/20170529v009/xy_exp03.dat  214.934884  52.679627           86   13.1922902915  -6.55555996218           86  214.935118  52.679741           86   12.9070661934   -5.96571750795           86 
/work/00115/gebhardt/maverick/vdrp/shifts/20170530v006/xy_exp01.dat  214.669578  52.510417           86  -13.0093391405  -4.44997824728           86  214.669399  52.510476           86   -12.564094861   -4.4237699836           86 
/work/00115/gebhardt/maverick/vdrp/shifts/20170530v006/xy_exp01.dat   214.65502  52.515201           86   23.1784013238  -2.36125035502           86  214.655162  52.515029           86   22.6343319863  -2.79040794551           86 
/work/00115/gebhardt/maverick/vdrp/shifts/20170530v006/xy_exp02.dat  214.669537  52.510366           86  -14.3261662062   -4.11614906897           86  214.669399  52.510476           86  -13.8844929277   -3.88557717441           86 
/work/00115/gebhardt/maverick/vdrp/shifts/20170530v006/xy_exp02.dat  214.655436     52.515           86    20.725955802   -2.09285423667           86  214.655162  52.515029           86   21.3139490382   -2.25253204867           86 
/work/00115/gebhardt/maverick/vdrp/shifts/20170530v006/xy_exp03.dat  214.655208  52.515071           86   21.2997450854  -3.54938576675           86  214.655162  52.515029           86   21.3269950712  -3.72903784926           86 
/work/00115/gebhardt/maverick/vdrp/shifts/20170615v009/xy_exp01.dat  214.752972  52.731769           86    2.4649123524   12.4475956268           86  214.753669  52.731859           86   1.23487130082   13.3966346579           86 
/work/00115/gebhardt/maverick/vdrp/shifts/20170615v009/xy_exp02.dat  214.752913    52.7318           86    1.0141625729    13.1072064778           86  214.753669  52.731859           86  -0.380092941932   14.0112316616           86 
/work/00115/gebhardt/maverick/vdrp/shifts/20170615v009/xy_exp02.dat   214.74299  52.734543           86   24.7885393506    12.6615125011           86  214.743171  52.734736           86    24.7330353321   13.4585930016           86 
/work/00115/gebhardt/maverick/vdrp/shifts/20170615v009/xy_exp03.dat  214.752947  52.731521           86  0.512290344208   10.9164695208           86  214.753669  52.731859           86  -0.380912290472   12.6941363187           86 
/work/00115/gebhardt/maverick/vdrp/shifts/20170617v008/xy_exp01.dat  214.752893  52.731843           86   2.82397921473   11.6449855142           86  214.753669  52.731859           86   1.32276487843   12.4268905744           86 
/work/00115/gebhardt/maverick/vdrp/shifts/20170617v008/xy_exp02.dat  214.753075  52.731978           86    1.21881496741   12.5923415064           86  214.753669  52.731859           86  -0.134184575244    12.7646333686           86 
/work/00115/gebhardt/maverick/vdrp/shifts/20170617v008/xy_exp03.dat  214.753469  52.731778           86  0.0675651185907   10.9082563111           86  214.753669  52.731859           86   -0.19992319933    11.3594459405           86 
/work/00115/gebhardt/maverick/vdrp/shifts/20170617v009/xy_exp01.dat  215.488333   52.84295           86     14.1801640922   -17.362596491           86  215.488119   52.84267           86    14.1607769173  -18.4726499511           86 
/work/00115/gebhardt/maverick/vdrp/shifts/20170617v009/xy_exp01.dat  215.498679  52.847583           86     1.17962931913    7.4407491536           86  215.498598  52.847595           86    1.35699262047   7.40303086392           86 
/work/00115/gebhardt/maverick/vdrp/shifts/20170617v009/xy_exp02.dat  215.497812  52.853122           86    10.1974374398    25.069715268           86  215.497467  52.852896           86     10.5187890493   24.0108582187           86 
/work/00115/gebhardt/maverick/vdrp/shifts/20170617v009/xy_exp02.dat  215.498521  52.847635           86   0.215893319572   7.95438143957           86  215.498598  52.847595           86  0.00250724188925   7.89755677177           86 
/work/00115/gebhardt/maverick/vdrp/shifts/20170617v009/xy_exp03.dat  215.498567  52.847629           86  -0.03047296394    6.5700953954           86  215.498598  52.847595           86  -0.144410378221    6.48920818045           86 
/work/00115/gebhardt/maverick/vdrp/shifts/20170621v007/xy_exp02.dat  214.747217  52.721756           86   -1.75787218452    24.226088704           86  214.746831   52.72176           86  -0.992155285887   23.8764002486           86 
/work/00115/gebhardt/maverick/vdrp/shifts/20170621v007/xy_exp03.dat  214.746667  52.721799           86  -0.727019761606   22.2298423934           86  214.746831   52.72176           86    -1.1102139482   22.2572363326           86 
/work/00115/gebhardt/maverick/vdrp/shifts/20170621v008/xy_exp03.dat  215.495939  53.008884           86  -0.878121778833   -13.183237576           86  215.496179  53.008689           86  -1.65385834815  -13.5848531566           86 
/work/00115/gebhardt/maverick/vdrp/shifts/20170625v005/xy_exp02.dat   214.77713  52.720231           86  -17.9924128307   2.40338897822           86  214.777255  52.720204           86  -18.2802520508   2.43322585558           86 
/work/00115/gebhardt/maverick/vdrp/shifts/20170625v005/xy_exp03.dat   214.77703  52.720048           86  -18.1434664014  0.109499902044           86  214.777255  52.720204           86  -18.3439661723  0.827767830028           86 
/work/00115/gebhardt/maverick/vdrp/shifts/20170626v003/xy_exp03.dat  214.753951  52.713141           86     24.54472471    8.79626393211           86  214.754054  52.713103           86   24.2830970349   8.76933238838           86 
/work/00115/gebhardt/maverick/vdrp/shifts/20170627v005/xy_exp01.dat  215.180463   52.99597           86   -14.2103646529   3.35518924874           86  215.180422  52.995994           86   -14.0925622051   3.39365276949           86 
/work/00115/gebhardt/maverick/vdrp/shifts/20170627v005/xy_exp01.dat  215.171999  52.990831           86   -5.88693577412  -21.3299532126           86  215.171874  52.990825           86   -5.65322036954  -21.4685778565           86 
/work/00115/gebhardt/maverick/vdrp/shifts/20170627v005/xy_exp02.dat  215.171676  52.990854           86   -6.38329569472  -21.2750686809           86  215.171874  52.990825           86  -6.81451349523  -21.1799494089           86 
/work/00115/gebhardt/maverick/vdrp/shifts/20170627v005/xy_exp02.dat  215.180274  52.995989           86   -14.9736693913   3.52499642454           86  215.180422  52.995994           86  -15.2536684246   3.68234494543           86 
/work/00115/gebhardt/maverick/vdrp/shifts/20170627v005/xy_exp03.dat  215.171735  52.990928           86  -6.34514886722  -22.2399585655           86  215.171874  52.990825           86  -6.77882605384  -22.4403226105           86 
/work/00115/gebhardt/maverick/vdrp/shifts/20170627v005/xy_exp03.dat  215.180395  52.995945           86  -15.2432119368   2.23779935361           86  215.180422  52.995994           86  -15.2180743129   2.42193964288           86 
/work/00115/gebhardt/maverick/vdrp/shifts/20170628v005/xy_exp01.dat   215.15503  52.980869           86   11.5431398666   -22.297146367           86  215.155173  52.980835           86   11.2109292533  -22.2709126158           86 
/work/00115/gebhardt/maverick/vdrp/shifts/20170628v005/xy_exp01.dat  215.168845  52.984603           86  -9.44574953865   2.93636403014           86  215.168856  52.984676           86  -9.35164974406   3.18289522632           86 
/work/00115/gebhardt/maverick/vdrp/shifts/20170628v005/xy_exp02.dat  215.168861  52.984813           86   -10.5277430402   4.10712461915           86  215.168856  52.984676           86   -10.7347996442   3.65936139803           86 
/work/00115/gebhardt/maverick/vdrp/shifts/20170628v005/xy_exp02.dat  215.155174  52.980844           86    9.83983119859  -21.7645814873           86  215.155173  52.980835           86    9.82754212251  -21.7946387501           86 
/work/00115/gebhardt/maverick/vdrp/shifts/20170628v005/xy_exp03.dat  215.168975  52.984548           86   -11.1591508975    2.1917017682           86  215.168856  52.984676           86   -10.7249449537   2.49223413576           86 
/work/00115/gebhardt/maverick/vdrp/shifts/20170629v004/xy_exp03.dat  215.186613  52.988405           86   4.62518005974  -20.0473030954           86  215.186806  52.988478           86   4.36482612474  -19.6275220794           86 
/work/00115/gebhardt/maverick/vdrp/shifts/20170630v008/xy_exp01.dat  215.177748  52.974435           86     12.38258156  -13.5210465154           86  215.177648  52.974299           86   12.3628125745  -14.0561284281           86 
/work/00115/gebhardt/maverick/vdrp/shifts/20170630v008/xy_exp01.dat  215.183042  52.977588           86   7.04401580181   1.71181198473           86  215.183125  52.977439           86   6.64714681205   1.30858698623           86 
/work/00115/gebhardt/maverick/vdrp/shifts/20170630v008/xy_exp02.dat  215.177711  52.974372           86   11.3383124339  -13.2240350495           86  215.177648  52.974299           86   11.3458655792   -13.5201079887           86 
/work/00115/gebhardt/maverick/vdrp/shifts/20170630v008/xy_exp02.dat  215.183395  52.977485           86   5.17689299144   2.25008206963           86  215.183125  52.977439           86   5.63031313992    1.84464979209           86 
/work/00115/gebhardt/maverick/vdrp/shifts/20170630v008/xy_exp03.dat  215.177806  52.974373           86   11.0043424815   -14.779439523           86  215.177648  52.974299           86   11.1954212778  -15.1690234079           86 
/work/00115/gebhardt/maverick/vdrp/shifts/20170630v008/xy_exp03.dat  215.183024  52.977562           86   5.87071410844  0.497704856205           86  215.183125  52.977439           86   5.47981119783  0.195712603918           86 
/work/00115/gebhardt/maverick/vdrp/shifts/20170630v009/xy_exp01.dat   214.93903  52.507708           86   -3.55873347066    -15.6213797804           86  214.938772  52.507965           86   -2.65396887768   -15.0239006091           86 
/work/00115/gebhardt/maverick/vdrp/shifts/20170630v009/xy_exp01.dat  214.930329  52.514979           86    24.8169600605  -0.0198463624856           86  214.930392  52.514748           86    24.3388710565  -0.714137877003           86 
/work/00115/gebhardt/maverick/vdrp/shifts/20170630v009/xy_exp01.dat  214.945056  52.507538           86   -15.7721630269    -10.5665599036           86  214.945286  52.507668           86   -16.0295747419    -9.9287918524           86 
/work/00115/gebhardt/maverick/vdrp/shifts/20170630v009/xy_exp02.dat  214.945025  52.507509           86   -16.9316237713   -9.7401018588           86  214.945286  52.507668           86   -17.2061688744  -8.97896357517           86 
/work/00115/gebhardt/maverick/vdrp/shifts/20170630v009/xy_exp03.dat   214.94528  52.507467           86   -17.3147700213   -11.5168333525           86  214.945286  52.507668           86   -17.0192650161  -10.8561913008           86 
/work/00115/gebhardt/maverick/vdrp/shifts/20170701v008/xy_exp03.dat  215.215887  52.848521           86   10.9633978301   10.8267650447           86  215.215651  52.848487           86     11.371095012   10.4920537929           86 
/work/00115/gebhardt/maverick/vdrp/shifts/20170720v002/xy_exp01.dat  215.154896  52.980895           86    11.2155549863  -22.0840565246           86  215.155173  52.980835           86    10.5813087116    -22.0143154659           86 
/work/00115/gebhardt/maverick/vdrp/shifts/20170720v002/xy_exp01.dat  215.168906  52.984657           86   -10.1097048483    3.4248458576           86  215.168856  52.984676           86   -9.98230446207     3.43865721279           86 
/work/00115/gebhardt/maverick/vdrp/shifts/20170720v002/xy_exp02.dat  215.155079  52.981037           86   9.79504143037  -20.7801823339           86  215.155173  52.980835           86   9.29251939352  -21.3439235485           86 
/work/00115/gebhardt/maverick/vdrp/shifts/20170720v002/xy_exp02.dat  215.168973  52.984677           86  -11.4970432732   4.22392704982           86  215.168856  52.984676           86  -11.2708565848   4.10924148331           86 
/work/00115/gebhardt/maverick/vdrp/shifts/20170720v002/xy_exp03.dat  215.155353  52.980876           86    8.89168827332  -22.2659755573           86  215.155173  52.980835           86    9.17731811934  -22.5699791677           86 
/work/00115/gebhardt/maverick/vdrp/shifts/20170720v002/xy_exp03.dat  215.153956  52.989439           86     25.155016645   4.09620899864           86  215.154268  52.989328           86    24.3720788529   4.03428410998           86 
/work/00115/gebhardt/maverick/vdrp/shifts/20170720v002/xy_exp03.dat   215.16892  52.984564           86   -11.6879347545   2.58192494595           86  215.168856  52.984676           86   -11.3861285243   2.88312825296           86 
/work/00115/gebhardt/maverick/vdrp/shifts/20170720v003/xy_exp01.dat  215.221446  52.520045           86   4.57163900116   25.0244029475           86  215.221014  52.519762           86   4.99566272451   23.7001363449           86 
/work/00115/gebhardt/maverick/vdrp/shifts/20180113v013/xy_exp01.dat  149.997044  2.149578           86   24.9098464031   -18.0429505973           86   149.99679  2.149615           86   24.3194548433  -17.3329267952           86 
/work/00115/gebhardt/maverick/vdrp/shifts/20180114v013/xy_exp01.dat  149.996574  2.154278           86   17.7383192082   -24.1996897594           86  149.996356  2.154375           86   17.0311540674   -23.7129650214           86 
/work/00115/gebhardt/maverick/vdrp/shifts/20180123v009/xy_exp02.dat  149.988054  2.155996           86  -3.74718045111  0.316136095174           86  149.987413  2.155711           86  -4.07483068916    2.81870029453           86 
/work/00115/gebhardt/maverick/vdrp/shifts/20180124v010/xy_exp01.dat  149.996627  2.154606           86   17.8494652895      -24.1462360377           86  149.996356  2.154375           86   18.0504124033   -22.8806795422           86 
/work/00115/gebhardt/maverick/vdrp/shifts/20180124v010/xy_exp02.dat  149.996378  2.154361           86   16.8209357207  -22.2914733929           86  149.996356  2.154375           86   16.7366515972   -22.2502405571           86 
/work/00115/gebhardt/maverick/vdrp/shifts/20180124v010/xy_exp02.dat  149.987992     2.156           86  -3.95002386267  0.369249554853           86  149.987413  2.155711           86  -4.14892952353    2.68904778019           86 
/work/00115/gebhardt/maverick/vdrp/shifts/20180209v009/xy_exp02.dat  149.988083  2.156081           86  -3.84170426286  0.136006724991           86  149.987413  2.155711           86  -3.96283542804    2.88720457898           86 
/work/00115/gebhardt/maverick/vdrp/shifts/20180209v009/xy_exp03.dat  149.996758  2.154512           86    17.350753422   -25.0030264113           86  149.996356  2.154375           86   17.0170282894   -23.5119499859           86 
/work/00115/gebhardt/maverick/vdrp/shifts/20180222v020/xy_exp01.dat  189.393686  62.232383           86   -1.86058729746    2.03454087488           86   189.39362   62.23243           86   -1.65851413611    2.04150282951           86 
/work/00115/gebhardt/maverick/vdrp/shifts/20180222v020/xy_exp02.dat  189.393717  62.232387           86   -3.1504988742    2.89030686897           86   189.39362   62.23243           86   -2.93025209835   2.84646897945           86 
/work/00115/gebhardt/maverick/vdrp/shifts/20180222v020/xy_exp03.dat  189.393681  62.232377           86   -3.05602992169    1.50612393069           86   189.39362   62.23243           86   -2.84112912922    1.53238144545           86 
