/work/00115/gebhardt/maverick/vdrp/shifts/20170103v002/xy_exp01.dat  149.786588   1.90833           93  -16.0002224692  -1.00833847567           93  149.786938  1.907874           93  -15.3302767743   -2.9658586871           93 
/work/00115/gebhardt/maverick/vdrp/shifts/20170103v002/xy_exp01.dat  149.775598  1.904248           93   18.1282174351   23.7865710785           93  149.775814  1.903968           93   18.5374275882   22.5813262838           93 
/work/00115/gebhardt/maverick/vdrp/shifts/20170103v002/xy_exp02.dat  149.786573  1.907687           93  -15.1818187362  -1.48747736147           93  149.786938  1.907874           93  -16.4694784975  -2.20846577838           93 
/work/00115/gebhardt/maverick/vdrp/shifts/20170103v002/xy_exp02.dat   149.77534  1.903944           93   18.4143153281   24.7111754199           93  149.775814  1.903968           93   17.3982258784    23.338719091           93 
/work/00115/gebhardt/maverick/vdrp/shifts/20170103v002/xy_exp03.dat  149.786701  1.908063           93   -17.140460507  -2.76912455836           93  149.786938  1.907874           93    -17.045906299  -3.85593361176           93 
/work/00115/gebhardt/maverick/vdrp/shifts/20170103v002/xy_exp03.dat  149.775642   1.90415           93   16.6187603177   22.5693361529           93  149.775814  1.903968           93    16.8218042154   21.6912411913           93 
/work/00115/gebhardt/maverick/vdrp/shifts/20170107v012/xy_exp03.dat  149.905027  1.900846           93   2.08924626365   24.4713158036           93  149.905634  1.900677           93   3.72976996148   22.9064833711           93 
/work/00115/gebhardt/maverick/vdrp/shifts/20170107v012/xy_exp03.dat   149.91063  1.899213           93   17.4581501312   10.1614298449           93  149.911287  1.898968           93   19.4257953387     8.582079164           93 
/work/00115/gebhardt/maverick/vdrp/shifts/20170107v013/xy_exp01.dat  150.107219  1.900957           93   6.99271014736   17.9837048731           93  150.107306   1.90102           93    6.9597460299   17.5985568916           93 
/work/00115/gebhardt/maverick/vdrp/shifts/20170107v013/xy_exp01.dat  150.116772  1.904938           93   12.4319221875  -18.8570452971           93  150.116963  1.905098           93   12.2926398148  -19.7428514786           93 
/work/00115/gebhardt/maverick/vdrp/shifts/20170107v013/xy_exp01.dat  150.110139   1.90401           93   2.99122327376   3.31510595231           93  150.110357  1.904066           93   3.22284023759   2.53907060569           93 
/work/00115/gebhardt/maverick/vdrp/shifts/20170129v002/xy_exp01.dat  150.218405  2.407185           93     6.38491780302  -25.3126393519           93   150.21911  2.407505           93    6.76524222513   -28.0717291072           93 
/work/00115/gebhardt/maverick/vdrp/shifts/20170129v002/xy_exp01.dat  150.210592  2.408668           93    -13.1372185875  -4.40540680695           93  150.210697   2.40861           93   -12.7589887847   -4.61318530651           93 
/work/00115/gebhardt/maverick/vdrp/shifts/20170129v002/xy_exp02.dat  150.218407  2.407175           93    5.45995238012   -24.9269178109           93   150.21911  2.407505           93   5.80599945041   -27.6991522908           93 
/work/00115/gebhardt/maverick/vdrp/shifts/20170129v002/xy_exp02.dat  150.210638  2.408644           93   -13.9350546972   -4.12657005164           93  150.210697   2.40861           93  -13.7182355526   -4.24061169041           93 
/work/00115/gebhardt/maverick/vdrp/shifts/20170129v002/xy_exp03.dat  150.210534  2.408508           93  -14.5621630603   -4.8459843014           93  150.210697   2.40861           93  -14.5594896623  -5.53776293198           93 
/work/00115/gebhardt/maverick/vdrp/shifts/20170129v003/xy_exp01.dat  189.264053  62.238318           93   3.49038584507   4.45387632108           93  189.263717  62.238345           93   3.21657947081   3.95195175593           93 
/work/00115/gebhardt/maverick/vdrp/shifts/20170129v008/xy_exp01.dat  189.195201  62.246389           93   18.4006331302     16.7796968657           93  189.195185  62.246404           93   18.4601388438    16.7894200433           93 
/work/00115/gebhardt/maverick/vdrp/shifts/20170129v008/xy_exp01.dat  189.201139   62.24077           93  -3.83653462964     13.0634740343           93  189.201251  62.240724           93  -4.08059056435    13.1193904998           93 
/work/00115/gebhardt/maverick/vdrp/shifts/20170129v008/xy_exp02.dat  189.194678  62.246381           93    18.2538926637    16.5643842602           93  189.195185  62.246404           93     17.825232956    17.3029711951           93 
/work/00115/gebhardt/maverick/vdrp/shifts/20170129v008/xy_exp02.dat  189.200899  62.240794           93   -4.16653234907    13.3007504535           93  189.201251  62.240724           93   -4.71552307111     13.633105236           93 
/work/00115/gebhardt/maverick/vdrp/shifts/20170129v008/xy_exp03.dat  189.200944  62.240711           93   -5.19033619921     11.5604373372           93  189.201251  62.240724           93   -5.45262751253   12.0058227473           93 
/work/00115/gebhardt/maverick/vdrp/shifts/20170130v023/xy_exp01.dat  150.075967  2.203227           93    18.753148945    13.7748702309           93  150.075839   2.20336           93   18.6183240421    14.4253294711           93 
/work/00115/gebhardt/maverick/vdrp/shifts/20170130v023/xy_exp02.dat  150.075809  2.203322           93    17.4774634533    14.6836157814           93  150.075839   2.20336           93    17.3036144938    14.6718821132           93 
/work/00115/gebhardt/maverick/vdrp/shifts/20170130v023/xy_exp03.dat  150.075807  2.203364           93    16.4669598103    13.0298951036           93  150.075839   2.20336           93    16.4137900827    12.9267841725           93 
/work/00115/gebhardt/maverick/vdrp/shifts/20170130v024/xy_exp01.dat  150.184945  2.401756           93   7.15458528021  -13.1228716007           93  150.185196  2.401515           93     7.34411653983   -14.3605611619           93 
/work/00115/gebhardt/maverick/vdrp/shifts/20170130v024/xy_exp01.dat  150.179949  2.412784           93  -14.9583290237   24.4283288997           93  150.180176  2.412452           93    -14.4512375671    23.0725981021           93 
/work/00115/gebhardt/maverick/vdrp/shifts/20170130v024/xy_exp03.dat  150.179735  2.412769           93   -15.172976275   24.9050798713           93  150.180176  2.412452           93  -15.1532243985    22.9511143531           93 
/work/00115/gebhardt/maverick/vdrp/shifts/20170130v027/xy_exp01.dat  189.124657  62.291263           93   9.81031641014    17.084865325           93  189.124473  62.291308           93   10.1208934142   16.9278598108           93 
/work/00115/gebhardt/maverick/vdrp/shifts/20170130v027/xy_exp01.dat  189.133716  62.286554           93  -12.7945611914   19.6124797664           93  189.133184  62.286551           93  -12.2870221476   18.8804920824           93 
/work/00115/gebhardt/maverick/vdrp/shifts/20170130v027/xy_exp02.dat   189.10336   62.28922           93   23.4056710704  -15.3761814053           93  189.103661  62.289174           93   22.9784825835  -15.0618040441           93 
/work/00115/gebhardt/maverick/vdrp/shifts/20170130v027/xy_exp02.dat  189.124448  62.291247           93    8.8772768663   17.6136101936           93  189.124473  62.291308           93   9.03192967471   17.7750359321           93 
/work/00115/gebhardt/maverick/vdrp/shifts/20170130v027/xy_exp02.dat   189.13307  62.286734           93  -12.7285163201   19.9543480582           93  189.133184  62.286551           93  -13.3759620601   19.7279417298           93 
/work/00115/gebhardt/maverick/vdrp/shifts/20170130v027/xy_exp03.dat  189.103496  62.289382           93    22.9064017799  -16.4624210876           93  189.103661  62.289174           93    22.1362353567  -16.6718075118           93 
/work/00115/gebhardt/maverick/vdrp/shifts/20170130v027/xy_exp03.dat  189.124341  62.291158           93    7.87759458953   15.6717924817           93  189.124473  62.291308           93    8.18943411526   16.1649260795           93 
/work/00115/gebhardt/maverick/vdrp/shifts/20170130v027/xy_exp03.dat  189.132723  62.286422           93   -14.1494393633   17.2195644964           93  189.133184  62.286551           93   -14.2184719618   18.1176624685           93 
/work/00115/gebhardt/maverick/vdrp/shifts/20170131v034/xy_exp01.dat  150.175475  2.204722           93   17.3926319915   22.2210499668           93  150.175441  2.204903           93   16.9241872991   22.6902020219           93 
/work/00115/gebhardt/maverick/vdrp/shifts/20170131v034/xy_exp01.dat   150.18312  2.206468           93   -3.3353574061   3.08461481068           93  150.183146  2.206261           93  -2.77343166437   2.58630505725           93 
/work/00115/gebhardt/maverick/vdrp/shifts/20170131v034/xy_exp02.dat  150.183147  2.206723           93    -5.24802170204   4.14641306451           93  150.183146  2.206261           93    -3.87386139743   3.20942826264           93 
/work/00115/gebhardt/maverick/vdrp/shifts/20170131v034/xy_exp02.dat  150.175533   2.20467           93     16.3287271801   22.5662460171           93  150.175441  2.204903           93     15.8237579593   23.3133247823           93 
/work/00115/gebhardt/maverick/vdrp/shifts/20170131v034/xy_exp03.dat  150.183139  2.206609           93   -5.50009587837   2.47894930686           93  150.183146  2.206261           93   -4.48077683215   1.75015836861           93 
/work/00115/gebhardt/maverick/vdrp/shifts/20170131v034/xy_exp03.dat  150.175364  2.204679           93    16.0386658666   21.6268370828           93  150.175441  2.204903           93    15.2168478368   21.8540486088           93 
/work/00115/gebhardt/maverick/vdrp/shifts/20170202v002/xy_exp01.dat  150.118817   2.40231           93   24.6113251589  -17.4527736289           93  150.119097  2.402316           93   25.1305798705  -18.3159793857           93 
/work/00115/gebhardt/maverick/vdrp/shifts/20170202v002/xy_exp01.dat  150.111484  2.409463           93  -11.2423997427  -8.89197579676           93  150.111511  2.409608           93  -11.6320005716  -9.25270832765           93 
/work/00115/gebhardt/maverick/vdrp/shifts/20170202v002/xy_exp03.dat  150.111251  2.409652           93    -14.15535167  -9.05881995906           93  150.111511  2.409608           93     -13.52227092  -9.76511315401           93 
/work/00115/gebhardt/maverick/vdrp/shifts/20170202v003/xy_exp01.dat   150.10343  2.205107           93  -12.8339710651     20.0033722863           93  150.103477  2.205212           93   -13.0656289918    19.6601433946           93 
/work/00115/gebhardt/maverick/vdrp/shifts/20170202v003/xy_exp02.dat  150.114424  2.202884           93   13.7164038168  -8.61696466192           93  150.114497  2.203071           93   13.2834873067  -9.19553769366           93 
/work/00115/gebhardt/maverick/vdrp/shifts/20170202v003/xy_exp03.dat  150.103343  2.205209           93  -15.7689683104      19.7325297876           93  150.103477  2.205212           93  -15.5235176215    19.3175153422           93 
/work/00115/gebhardt/maverick/vdrp/shifts/20170202v008/xy_exp01.dat  189.199298  62.253588           93    19.8585379771  -6.76405576614           93  189.199049  62.253741           93   20.5493066499  -6.78360807061           93 
/work/00115/gebhardt/maverick/vdrp/shifts/20170202v008/xy_exp01.dat   189.21721  62.249327           93   -10.0697245313   8.75943072006           93  189.216876  62.249164           93  -10.2221494561    7.9628388777           93 
/work/00115/gebhardt/maverick/vdrp/shifts/20170202v008/xy_exp01.dat  189.220005  62.248508           93   -15.1911978391   10.8605271597           93  189.220199  62.248316           93  -15.9427373104   10.7237610992           93 
/work/00115/gebhardt/maverick/vdrp/shifts/20170202v008/xy_exp02.dat  189.217392  62.249204           93   -11.2404893526     9.389831278           93  189.216876  62.249164           93   -10.8552715501      8.60212332           93 
/work/00115/gebhardt/maverick/vdrp/shifts/20170205v012/xy_exp01.dat  189.195274  62.276707           93  -11.7169844218   -19.965085598           93  189.195049  62.276837           93  -11.5820649278  -20.5505857158           93 
/work/00115/gebhardt/maverick/vdrp/shifts/20170205v012/xy_exp02.dat  189.195088  62.276728           93  -12.7402849519  -19.8161814363           93  189.195049  62.276837           93  -12.4722225848  -20.1100978013           93 
/work/00115/gebhardt/maverick/vdrp/shifts/20170205v012/xy_exp03.dat  189.194694   62.27674           93  -13.6618838278  -21.9314393739           93  189.195049  62.276837           93  -13.0198763113  -21.6799819929           93 
/work/00115/gebhardt/maverick/vdrp/shifts/20170205v012/xy_exp03.dat  189.207988  62.276906           93  0.572455185975  -4.80200236657           93  189.208357  62.277042           93   1.33935234396  -4.61906753674           93 
/work/00115/gebhardt/maverick/vdrp/shifts/20170221v014/xy_exp01.dat  189.184307  62.293652           93   21.7790277978    -21.65403798           93  189.184636  62.293612           93   22.0038553348  -21.1311286895           93 
/work/00115/gebhardt/maverick/vdrp/shifts/20170221v014/xy_exp02.dat  189.184482  62.293726           93   21.4906042314  -20.9347178966           93  189.184636  62.293612           93   21.3252644035  -20.4791593394           93 
/work/00115/gebhardt/maverick/vdrp/shifts/20170221v014/xy_exp03.dat  189.184371  62.293652           93   20.2261852999    -22.475777872           93  189.184636  62.293612           93   20.3851727357    -22.0373718944           93 
/work/00115/gebhardt/maverick/vdrp/shifts/20170221v015/xy_exp01.dat  150.079987  2.402733           93   12.1575566722   2.24591636298           93  150.080228  2.402743           93   11.6305440284   1.55673887437           93 
/work/00115/gebhardt/maverick/vdrp/shifts/20170221v015/xy_exp02.dat  150.084983  2.402375           93   2.00275073177  -12.6686085928           93  150.085232  2.402249           93   1.86014411093  -13.6623609262           93 
/work/00115/gebhardt/maverick/vdrp/shifts/20170221v015/xy_exp02.dat  150.080198  2.402737           93   10.8140098627   2.17307763257           93  150.080228  2.402743           93   10.7343884249   2.09711339572           93 
/work/00115/gebhardt/maverick/vdrp/shifts/20170221v015/xy_exp02.dat  150.077316  2.406258           93    6.3838965841   17.9370171431           93  150.077346  2.406289           93   6.23057583638   17.9127094709           93 
/work/00115/gebhardt/maverick/vdrp/shifts/20170222v007/xy_exp03.dat  150.114233  2.202926           93   15.0378894776   -10.4743452782           93  150.114497  2.203071           93   15.0958760537  -11.5564977263           93 
/work/00115/gebhardt/maverick/vdrp/shifts/20170222v008/xy_exp01.dat  150.104099  2.302322           93  -0.821533688423    21.9772005849           93  150.104226  2.302383           93  -0.766832254014    21.473287771           93 
/work/00115/gebhardt/maverick/vdrp/shifts/20170222v008/xy_exp01.dat  150.113298  2.300171           93    23.2254641034   -2.03608168637           93  150.113436   2.30028           93    23.1543011616  -2.66483355907           93 
/work/00115/gebhardt/maverick/vdrp/shifts/20170222v008/xy_exp01.dat  150.107286  2.302732           93    3.97770211468    11.4620457247           93  150.107476   2.30271           93    4.40581015818   10.9234373806           93 
/work/00115/gebhardt/maverick/vdrp/shifts/20170222v008/xy_exp02.dat  150.112941  2.300164           93   21.6891871016   -0.335439719386           93  150.113436   2.30028           93   22.2746317687  -2.06808819417           93 
/work/00115/gebhardt/maverick/vdrp/shifts/20170222v008/xy_exp02.dat  150.107208   2.30272           93   2.98658086141     12.3198758683           93  150.107476   2.30271           93   3.52613815659   11.5201792853           93 
/work/00115/gebhardt/maverick/vdrp/shifts/20170222v008/xy_exp03.dat  150.112999  2.300134           93    20.6842775853  -2.26464981079           93  150.113436   2.30028           93    21.0678490163  -3.87713705409           93 
/work/00115/gebhardt/maverick/vdrp/shifts/20170222v008/xy_exp03.dat  150.107181  2.302567           93    2.19629480056    10.884124012           93  150.107476   2.30271           93    2.31935823796   9.71113355624           93 
/work/00115/gebhardt/maverick/vdrp/shifts/20170222v008/xy_exp03.dat  150.103744  2.302335           93   -3.62194746116   21.8246629746           93  150.104226  2.302383           93   -2.85328424319    20.260983667           93 
/work/00115/gebhardt/maverick/vdrp/shifts/20170222v010/xy_exp01.dat  189.245103  62.243117           93   -1.4129926568   22.0213607961           93  189.245021   62.24299           93  -1.85752789507   22.1954934039           93 
/work/00115/gebhardt/maverick/vdrp/shifts/20170222v010/xy_exp02.dat  189.245078  62.243393           93   -1.1684179945   21.7732060676           93  189.245021   62.24299           93  -2.36868151519   22.5937724877           93 
/work/00115/gebhardt/maverick/vdrp/shifts/20170222v010/xy_exp03.dat  189.250029  62.247321           93   14.2666677458   17.9521586766           93  189.249653  62.247183           93   13.4866894674   17.7631023585           93 
/work/00115/gebhardt/maverick/vdrp/shifts/20170224v005/xy_exp02.dat  189.261758  62.239647           93    8.9496953175  0.177168262663           93  189.262129  62.239863           93   9.94551056843  0.180148129134           93 
/work/00115/gebhardt/maverick/vdrp/shifts/20170224v005/xy_exp03.dat  189.262515  62.239662           93   9.05656671628  -0.469320101339           93  189.262129  62.239863           93   9.22014551289  -1.42627412315           93 
/work/00115/gebhardt/maverick/vdrp/shifts/20170225v007/xy_exp01.dat  150.212466   2.20321           93   8.16293206811  0.272013646739           93  150.212906  2.203376           93    8.4837664539  -1.38917719855           93 
/work/00115/gebhardt/maverick/vdrp/shifts/20170225v007/xy_exp02.dat    150.2184  2.206271           93   8.62738926096     -22.945957477           93  150.218442   2.20622           93   8.86294328801  -22.9783767761           93 
/work/00115/gebhardt/maverick/vdrp/shifts/20170225v007/xy_exp02.dat  150.212699  2.203409           93   6.65068638558  -0.0801249670898           93  150.212906  2.203376           93   7.14221166831  -0.65198231397           93 
/work/00115/gebhardt/maverick/vdrp/shifts/20170225v007/xy_exp03.dat  150.218372  2.206364           93    7.46137059278  -25.1928325949           93  150.218442   2.20622           93   8.03483830377  -25.1355218946           93 
/work/00115/gebhardt/maverick/vdrp/shifts/20170225v007/xy_exp03.dat  150.214706   2.19852           93    24.5956481792  0.840791051769           93  150.214776  2.198333           93   25.3009426208   0.97925075265           93 
/work/00115/gebhardt/maverick/vdrp/shifts/20170225v007/xy_exp03.dat  150.214706   2.19852           93    24.5956481792  0.840791051769           93  150.214776  2.198333           93   25.3009426208   0.97925075265           93 
/work/00115/gebhardt/maverick/vdrp/shifts/20170225v014/xy_exp01.dat  189.103286  62.288931           93    24.9853795963  -13.5487547735           93  189.103661  62.289174           93    25.3342411502   -12.530095137           93 
/work/00115/gebhardt/maverick/vdrp/shifts/20170225v014/xy_exp01.dat   189.12432  62.291298           93    11.5212854176   20.0833245891           93  189.124473  62.291308           93    11.4022184928   20.3129139072           93 
/work/00115/gebhardt/maverick/vdrp/shifts/20170225v014/xy_exp02.dat  189.103251  62.289115           93   24.7709428628  -12.7878365322           93  189.103661  62.289174           93   24.5461127193  -12.1054508677           93 
/work/00115/gebhardt/maverick/vdrp/shifts/20170225v014/xy_exp02.dat  189.124315  62.291235           93   10.5534062436   20.3698276948           93  189.124473  62.291308           93    10.614333532   20.7376616392           93 
/work/00115/gebhardt/maverick/vdrp/shifts/20170225v014/xy_exp03.dat  189.115631   62.28558           93   1.52517882986   -4.73451403557           93  189.115954  62.285609           93   1.29683576933   -4.23331526389           93 
/work/00115/gebhardt/maverick/vdrp/shifts/20170225v014/xy_exp03.dat  189.103415  62.289445           93   24.7177852745   -13.3341018194           93  189.103661  62.289174           93   23.6841164172   -13.5641391534           93 
/work/00115/gebhardt/maverick/vdrp/shifts/20170225v014/xy_exp03.dat  189.124504  62.291419           93    10.047734019    19.5527308779           93  189.124473  62.291308           93   9.75212941903    19.2788843623           93 
/work/00115/gebhardt/maverick/vdrp/shifts/20170301v012/xy_exp03.dat  189.103699  62.289258           93   24.7253052443    -13.48373865           93  189.103661  62.289174           93   24.5157966685   -13.7108931642           93 
/work/00115/gebhardt/maverick/vdrp/shifts/20170301v012/xy_exp03.dat  189.124579  62.291325           93   10.5290389941   19.3114275597           93  189.124473  62.291308           93   10.5819883189    19.1313576417           93 
/work/00115/gebhardt/maverick/vdrp/shifts/20170301v013/xy_exp01.dat  189.104004  62.278103           93   2.09244264597        14.161853258           93   189.10406  62.278106           93   2.04690847993    14.2445459484           93 
/work/00115/gebhardt/maverick/vdrp/shifts/20170301v013/xy_exp01.dat  189.104004  62.278103           93   2.09244264597        14.161853258           93   189.10406  62.278106           93   2.04690847993    14.2445459484           93 
/work/00115/gebhardt/maverick/vdrp/shifts/20170301v013/xy_exp02.dat  189.104012  62.278084           93  0.753804427094     14.6220714947           93   189.10406  62.278106           93  0.771782785557     14.7334760127           93 
/work/00115/gebhardt/maverick/vdrp/shifts/20170301v013/xy_exp02.dat  189.104012  62.278084           93  0.753804427094     14.6220714947           93   189.10406  62.278106           93  0.771782785557     14.7334760127           93 
/work/00115/gebhardt/maverick/vdrp/shifts/20170301v013/xy_exp03.dat  189.103978  62.278101           93   1.18289903534     13.129954228           93   189.10406  62.278106           93   1.11800513023   13.2523061953           93 
/work/00115/gebhardt/maverick/vdrp/shifts/20170301v013/xy_exp03.dat  189.103978  62.278101           93   1.18289903534     13.129954228           93   189.10406  62.278106           93   1.11800513023   13.2523061953           93 
/work/00115/gebhardt/maverick/vdrp/shifts/20170301v014/xy_exp02.dat  189.104017  62.278072           93    4.2818946346   16.6016423457           93   189.10406  62.278106           93   4.33997720517   16.7312330795           93 
/work/00115/gebhardt/maverick/vdrp/shifts/20170301v014/xy_exp02.dat  189.104017  62.278072           93    4.2818946346   16.6016423457           93   189.10406  62.278106           93   4.33997720517   16.7312330795           93 
/work/00115/gebhardt/maverick/vdrp/shifts/20170301v014/xy_exp03.dat  189.104011  62.278135           93   4.75002893725   15.2153584713           93   189.10406  62.278106           93   4.61739593915   15.2217926285           93 
/work/00115/gebhardt/maverick/vdrp/shifts/20170301v014/xy_exp03.dat  189.104011  62.278135           93   4.75002893725   15.2153584713           93   189.10406  62.278106           93   4.61739593915   15.2217926285           93 
/work/00115/gebhardt/maverick/vdrp/shifts/20170303v012/xy_exp01.dat  189.270106  62.248555           93  -9.03605120094  -8.83115030007           93  189.269958  62.248572           93  -9.14205305469  -9.06365562298           93 
/work/00115/gebhardt/maverick/vdrp/shifts/20170303v012/xy_exp02.dat   189.28461  62.248268           93   4.61514155159   11.5815009062           93  189.284703  62.248265           93   4.70346576341   11.7104172739           93 
/work/00115/gebhardt/maverick/vdrp/shifts/20170303v012/xy_exp02.dat  189.270092  62.248447           93  -9.98718816759  -7.89823337122           93  189.269958  62.248572           93  -9.77378115219  -8.35366104451           93 
/work/00115/gebhardt/maverick/vdrp/shifts/20170303v012/xy_exp02.dat  189.285289  62.253934           93   21.3118117629  -0.19050500823           93  189.284825  62.254056           93   21.1732841715  -1.07281239449           93 
/work/00115/gebhardt/maverick/vdrp/shifts/20170303v012/xy_exp03.dat  189.270362  62.248381           93   -11.044135838  -9.19860648093           93  189.269958  62.248572           93  -10.9253417436  -10.1563743224           93 
/work/00115/gebhardt/maverick/vdrp/shifts/20170303v012/xy_exp03.dat  189.285399  62.254018           93   20.5116102283  -2.03583146491           93  189.284825  62.254056           93   20.0215799596  -2.87491898424           93 
/work/00115/gebhardt/maverick/vdrp/shifts/20170321v012/xy_exp01.dat  150.090568  2.205661           93  -17.8235769204   -19.4170448122           93  150.090678  2.205625           93  -17.9399527753  -19.8168417213           93 
/work/00115/gebhardt/maverick/vdrp/shifts/20170321v012/xy_exp01.dat  150.075961  2.203354           93   18.6916914158    19.2706961735           93  150.075839   2.20336           93   18.9215810494   19.6451695517           93 
/work/00115/gebhardt/maverick/vdrp/shifts/20170321v012/xy_exp02.dat  150.090572  2.205676           93  -18.9024545314    -18.347999454           93  150.090678  2.205625           93  -18.9661329683    -18.7663986952           93 
/work/00115/gebhardt/maverick/vdrp/shifts/20170321v012/xy_exp02.dat  150.076054  2.203193           93   17.9551190112    19.7178253589           93  150.075839   2.20336           93   17.8953989559     20.6956147683           93 
/work/00115/gebhardt/maverick/vdrp/shifts/20170321v012/xy_exp03.dat  150.090583  2.205605           93    -19.3571235529  -19.7846498601           93  150.090678  2.205625           93   -19.6094563214  -20.0261112192           93 
/work/00115/gebhardt/maverick/vdrp/shifts/20170321v012/xy_exp03.dat  150.075783  2.203259           93     17.6659353414   19.3969534931           93  150.075839   2.20336           93    17.2520851175   19.4358915835           93 
/work/00115/gebhardt/maverick/vdrp/shifts/20170322v010/xy_exp01.dat  150.085021  2.402232           93   5.13982575727   -11.0908754064           93  150.085232  2.402249           93   4.65294867897   -11.6762626751           93 
/work/00115/gebhardt/maverick/vdrp/shifts/20170322v010/xy_exp01.dat  150.085506  2.408654           93  -14.7698329572   0.789690304541           93  150.085789  2.408555           93  -15.0642787949  -0.247831020129           93 
/work/00115/gebhardt/maverick/vdrp/shifts/20170322v010/xy_exp01.dat    150.0801  2.402713           93   13.9116891663    4.37993590173           93  150.080228  2.402743           93   13.5583769157     4.0656122392           93 
/work/00115/gebhardt/maverick/vdrp/shifts/20170322v010/xy_exp02.dat  150.085372  2.408905           93  -16.8545745636   2.27482499553           93  150.085789  2.408555           93  -16.6875253446  0.323072356027           93 
/work/00115/gebhardt/maverick/vdrp/shifts/20170322v010/xy_exp02.dat  150.077315  2.406307           93   7.47382867796   20.5894735146           93  150.077346  2.406289           93   7.46264035856   20.4609955513           93 
/work/00115/gebhardt/maverick/vdrp/shifts/20170322v010/xy_exp03.dat   150.08552  2.408664           93  -16.3812968279  -0.248839081978           93  150.085789  2.408555           93  -16.6173203294  -1.26590347827           93 
/work/00115/gebhardt/maverick/vdrp/shifts/20170322v011/xy_exp01.dat   215.06808  52.952608           93    9.87911597461   20.4992890444           93  215.067994  52.952408           93   9.42431929508   21.0878082407           93 
/work/00115/gebhardt/maverick/vdrp/shifts/20170322v011/xy_exp01.dat  215.069426  52.955328           93     16.415913845   12.6458754419           93  215.069599  52.955238           93   16.6333609808   13.0913734455           93 
/work/00115/gebhardt/maverick/vdrp/shifts/20170322v011/xy_exp02.dat  215.058061  52.956226           93  -6.57952563858  0.420507208146           93  215.057938  52.956411           93   -6.56258470797  -0.296730172267           93 
/work/00115/gebhardt/maverick/vdrp/shifts/20170322v011/xy_exp02.dat  215.068297  52.952533           93   8.59658356257    21.379636955           93  215.067994  52.952408           93    7.81534274776    21.5347299406           93 
/work/00115/gebhardt/maverick/vdrp/shifts/20170322v011/xy_exp03.dat  215.067807  52.952337           93    7.63746683055    19.9352949361           93  215.067994  52.952408           93    8.11091467205    19.8599187063           93 
/work/00115/gebhardt/maverick/vdrp/shifts/20170322v015/xy_exp01.dat  189.132179  62.267736           93   -4.0439137984    16.4676570609           93  189.131809  62.267763           93  -3.60640058968   16.0179626471           93 
/work/00115/gebhardt/maverick/vdrp/shifts/20170322v015/xy_exp02.dat  189.132154  62.267801           93  -4.63103105861   17.9509920846           93  189.131809  62.267763           93  -4.40870199563    17.4002520325           93 
/work/00115/gebhardt/maverick/vdrp/shifts/20170322v018/xy_exp01.dat  215.005074  52.973204           93  7.80953910758  -21.0373823518           93  215.005071  52.973237           93   7.86715110571  -20.9332829622           93 
/work/00115/gebhardt/maverick/vdrp/shifts/20170322v018/xy_exp02.dat  215.004993  52.973445           93   7.52330674414  -19.2950180621           93  215.005071  52.973237           93   7.04486738943   -19.895345967           93 
/work/00115/gebhardt/maverick/vdrp/shifts/20170322v018/xy_exp03.dat  215.005064  52.973314           93    6.41005865325   -21.639851198           93  215.005071  52.973237           93    6.27562910628  -21.8827489066           93 
/work/00115/gebhardt/maverick/vdrp/shifts/20170322v019/xy_exp01.dat  215.002934  52.966102           93  -10.5092406742   2.41390951538           93  215.003096   52.96591           93  -11.1264459979     1.9446564365           93 
/work/00115/gebhardt/maverick/vdrp/shifts/20170322v019/xy_exp01.dat  215.003718    52.9652           93  -13.4536122963   0.23107484651           93  215.003798  52.964899           93  -14.0816626158  -0.668835640032           93 
/work/00115/gebhardt/maverick/vdrp/shifts/20170322v019/xy_exp02.dat  215.003289  52.965847           93  -13.0933009397    2.52424565089           93  215.003096   52.96591           93  -12.6178254917     2.5461678507           93 
/work/00115/gebhardt/maverick/vdrp/shifts/20170322v019/xy_exp03.dat  215.003466  52.965985           93  -12.9585588663    1.89117940101           93  215.003096   52.96591           93  -12.3539604648   1.29875377431           93 
/work/00115/gebhardt/maverick/vdrp/shifts/20170326v006/xy_exp01.dat  150.075971  2.203331           93   18.7146935383   18.9285153071           93  150.075839   2.20336           93   18.8968885596   19.3792784563           93 
/work/00115/gebhardt/maverick/vdrp/shifts/20170326v006/xy_exp01.dat  150.090549  2.205617           93  -17.7092589718  -19.6875324364           93  150.090678  2.205625           93  -17.9952534629  -20.0541190449           93 
/work/00115/gebhardt/maverick/vdrp/shifts/20170326v006/xy_exp02.dat  150.075882   2.20331           93    17.6245304649    19.4965344114           93  150.075839   2.20336           93     17.5634340067    19.7258708254           93 
/work/00115/gebhardt/maverick/vdrp/shifts/20170326v006/xy_exp02.dat  150.090741   2.20567           93   -19.5904338334   -19.8029571856           93  150.090678  2.205625           93    -19.3287112343   -19.7075231233           93 
/work/00115/gebhardt/maverick/vdrp/shifts/20170326v006/xy_exp03.dat  150.075875  2.203275           93   17.8143862384   17.9580598673           93  150.075839   2.20336           93      17.6351056403   18.2378211036           93 
/work/00115/gebhardt/maverick/vdrp/shifts/20170326v006/xy_exp03.dat  150.090589  2.205695           93  -19.2840344451  -20.7890165267           93  150.090678  2.205625           93     -19.2570476187  -21.1955638181           93 
/work/00115/gebhardt/maverick/vdrp/shifts/20170326v007/xy_exp01.dat   150.18867  2.306289           93  -12.8706522562  -10.1139194849           93  150.188698  2.306222           93  -12.7292918636  -10.3337811521           93 
/work/00115/gebhardt/maverick/vdrp/shifts/20170326v007/xy_exp02.dat  150.188672   2.30621           93   -14.3897809212  -9.77383009454           93  150.188698  2.306222           93  -14.4784448537  -9.82628745585           93 
/work/00115/gebhardt/maverick/vdrp/shifts/20170326v007/xy_exp03.dat  150.188634  2.306235           93  -13.9097759214  -11.0751288798           93  150.188698  2.306222           93  -14.0019668631  -11.2912066798           93 
/work/00115/gebhardt/maverick/vdrp/shifts/20170327v011/xy_exp01.dat   214.61305  52.817318           93   6.33635419386  -22.1661636733           93  214.612887  52.817327           93   6.67054348557  -22.2891896051           93 
/work/00115/gebhardt/maverick/vdrp/shifts/20170327v011/xy_exp02.dat  214.612795  52.817238           93    5.23876361287  -21.7638564474           93  214.612887  52.817327           93   5.19558234405  -21.3885462009           93 
/work/00115/gebhardt/maverick/vdrp/shifts/20170327v011/xy_exp03.dat  214.612796  52.816933           93   5.19829903105  -24.2758900582           93  214.612887  52.817327           93   5.62858064217  -22.9099002263           93 
/work/00115/gebhardt/maverick/vdrp/shifts/20170327v012/xy_exp02.dat  214.912626  52.991615           93  -6.80605637716   8.14987159045           93  214.912665  52.991622           93  -6.87117280634   8.20934485595           93 
/work/00115/gebhardt/maverick/vdrp/shifts/20170327v012/xy_exp02.dat  214.894522  52.988281           93   23.2936998422  -19.7288541877           93  214.894714  52.988056           93   22.5666595704  -20.2771670455           93 
/work/00115/gebhardt/maverick/vdrp/shifts/20170328v010/xy_exp01.dat  214.869405  52.811881           93   -4.81201384628   23.0028845763           93  214.868925  52.811921           93  -5.71895534578   22.4652049705           93 
/work/00115/gebhardt/maverick/vdrp/shifts/20170328v010/xy_exp02.dat   214.86924  52.811596           93   -6.62918014422   24.4842310639           93  214.868925  52.811921           93   -6.80738048104   23.1399943401           93 
/work/00115/gebhardt/maverick/vdrp/shifts/20170328v010/xy_exp03.dat  214.869016  52.811994           93   -6.18078307214   21.8296369319           93  214.868925  52.811921           93   -6.46519772861   21.9951101644           93 
/work/00115/gebhardt/maverick/vdrp/shifts/20170328v011/xy_exp02.dat  214.870794  52.832896           93    7.20390388317    24.5705339577           93  214.870806  52.833151           93    7.58417555232      23.7345893634           93 
/work/00115/gebhardt/maverick/vdrp/shifts/20170328v018/xy_exp01.dat  214.625444  52.818765           93   20.1861937106   24.7551690537           93  214.625253  52.818659           93    20.3969670658   24.2318418297           93 
/work/00115/gebhardt/maverick/vdrp/shifts/20170328v018/xy_exp01.dat   214.62381  52.814923           93   17.4404377015   10.7407732606           93  214.624127  52.814802           93    16.6303631987   10.6445392851           93 
/work/00115/gebhardt/maverick/vdrp/shifts/20170328v018/xy_exp02.dat  214.624049  52.814657           93   15.3545793499   11.1134589322           93  214.624127  52.814802           93   15.4261285505   11.6576736516           93 
/work/00115/gebhardt/maverick/vdrp/shifts/20170328v018/xy_exp03.dat  214.624003  52.815011           93   15.1432301049   10.7914805793           93  214.624127  52.814802           93   14.5757903148   10.2285289192           93 
/work/00115/gebhardt/maverick/vdrp/shifts/20170328v018/xy_exp03.dat  214.625684  52.818801           93   17.7162913582   24.6808982286           93  214.625253  52.818659           93   18.3425393487   23.8157909207           93 
/work/00115/gebhardt/maverick/vdrp/shifts/20170328v019/xy_exp01.dat  214.751326  52.911622           93   -15.3090796288    24.8515778428           93  214.751179  52.911712           93   -14.8810932166   25.0053626265           93 
/work/00115/gebhardt/maverick/vdrp/shifts/20170328v019/xy_exp02.dat  214.750807  52.911634           93   -15.6249642451    25.0513258218           93  214.751179  52.911712           93   -16.231221749    25.6542512297           93 
/work/00115/gebhardt/maverick/vdrp/shifts/20170328v019/xy_exp03.dat  214.740969  52.901194           93  -12.3073165784   -19.519101185           93  214.740744  52.901025           93   -12.130386751  -20.2790785948           93 
/work/00115/gebhardt/maverick/vdrp/shifts/20170328v019/xy_exp03.dat   214.75103  52.911955           93  -15.2180870011   24.8597707372           93  214.751179  52.911712           93  -15.8885808964   24.2114242392           93 
/work/00115/gebhardt/maverick/vdrp/shifts/20170331v006/xy_exp01.dat  150.082874  2.304707           93   0.38655713821  -2.31971994066           93  150.082948  2.304814           93  -0.0816671630859   -2.31943715571           93 
/work/00115/gebhardt/maverick/vdrp/shifts/20170331v006/xy_exp01.dat  150.076056  2.304826           93   13.9888563649   18.0919954419           93  150.075946  2.304917           93     13.9445956523    18.6037833784           93 
/work/00115/gebhardt/maverick/vdrp/shifts/20170331v006/xy_exp01.dat  150.076056  2.304826           93   13.9888563649   18.0919954419           93  150.075946  2.304917           93     13.9445956523    18.6037833784           93 
/work/00115/gebhardt/maverick/vdrp/shifts/20170331v006/xy_exp01.dat  150.078539  2.302814           93   14.8632387458   6.62581474554           93  150.078753  2.302808           93     14.4430012905     5.9805014884           93 
/work/00115/gebhardt/maverick/vdrp/shifts/20170331v006/xy_exp02.dat  150.078765  2.302895           93   12.7128935389   6.68782141674           93  150.078753  2.302808           93   12.9950121752    6.5451087614           93 
/work/00115/gebhardt/maverick/vdrp/shifts/20170331v006/xy_exp02.dat   150.07597  2.304699           93   13.0928619993   18.6508513589           93  150.075946  2.304917           93   12.4966074452    19.168390744           93 
/work/00115/gebhardt/maverick/vdrp/shifts/20170331v006/xy_exp02.dat   150.07597  2.304699           93   13.0928619993   18.6508513589           93  150.075946  2.304917           93   12.4966074452    19.168390744           93 
/work/00115/gebhardt/maverick/vdrp/shifts/20170331v006/xy_exp03.dat  150.078746  2.302818           93   13.2537989052    5.0843034745           93  150.078753  2.302808           93    13.269076143    5.0431132925           93 
/work/00115/gebhardt/maverick/vdrp/shifts/20170331v006/xy_exp03.dat  150.075986  2.304699           93     13.33418087   17.1015267546           93  150.075946  2.304917           93   12.7706739798   17.6663950686           93 
/work/00115/gebhardt/maverick/vdrp/shifts/20170331v006/xy_exp03.dat  150.075986  2.304699           93     13.33418087   17.1015267546           93  150.075946  2.304917           93   12.7706739798   17.6663950686           93 
/work/00115/gebhardt/maverick/vdrp/shifts/20170331v008/xy_exp01.dat  215.097182  52.977816           93    16.5558997766   9.82439433806           93  215.097073  52.977758           93   16.2565256928    9.9233803288           93 
/work/00115/gebhardt/maverick/vdrp/shifts/20170331v008/xy_exp02.dat  215.097251  52.977733           93    15.200978337   10.6659363365           93  215.097073  52.977758           93    14.881676504   10.4313702208           93 
/work/00115/gebhardt/maverick/vdrp/shifts/20170331v008/xy_exp03.dat  215.097071  52.977792           93   15.3241504681    8.84293747798           93  215.097073  52.977758           93   15.2799723203    8.95716938054           93 
/work/00115/gebhardt/maverick/vdrp/shifts/20170331v013/xy_exp01.dat   214.75109  52.911855           93   16.2424425472  -9.72108733664           93  214.751179  52.911712           93   15.8438937228  -10.0999170073           93 
/work/00115/gebhardt/maverick/vdrp/shifts/20170331v013/xy_exp02.dat  214.751512  52.911841           93   14.2357134743  -8.92354107353           93  214.751179  52.911712           93   14.6834159112   -9.65693027058           93 
/work/00115/gebhardt/maverick/vdrp/shifts/20170331v013/xy_exp03.dat  214.751033  52.911819           93   15.2741781732   -10.9558894581           93  214.751179  52.911712           93    14.820865995  -11.1641011005           93 
/work/00115/gebhardt/maverick/vdrp/shifts/20170418v003/xy_exp01.dat  189.641229  62.217822           93   19.0588072582   17.9247574171           93  189.641233  62.217835           93    19.0996904308      17.9010115575           93 
/work/00115/gebhardt/maverick/vdrp/shifts/20170418v003/xy_exp01.dat  189.632804  62.222888           93   24.6073706509  -4.47284038984           93  189.632952  62.222536           93    23.7668496427     -3.49254356594           93 
/work/00115/gebhardt/maverick/vdrp/shifts/20170418v003/xy_exp02.dat   189.62214  62.216991           93  -2.28620479093  -6.30690925724           93  189.622194  62.216954           93  -2.33459306665  -6.15324742717           93 
/work/00115/gebhardt/maverick/vdrp/shifts/20170418v003/xy_exp02.dat  189.632989  62.222587           93   24.8057073434  -4.50631349857           93  189.632952  62.222536           93   24.6231520946  -4.44122784927           93 
/work/00115/gebhardt/maverick/vdrp/shifts/20170418v004/xy_exp01.dat  150.084851  1.906219           93  -0.865866691697  -19.6836849756           93  150.084787  1.906229           93  -0.768247989829    -19.472042951           93 
/work/00115/gebhardt/maverick/vdrp/shifts/20170418v005/xy_exp01.dat  216.042199  53.236937           93   18.0563541556  -25.0680158582           93  216.042365  53.237158           93   18.7025786725  -25.6539351933           93 
/work/00115/gebhardt/maverick/vdrp/shifts/20170418v005/xy_exp01.dat  216.034202  53.232606           93  -3.97582465578  -17.6785287936           93  216.034089  53.232544           93   -4.2883187988  -17.5714911678           93 
/work/00115/gebhardt/maverick/vdrp/shifts/20170418v005/xy_exp01.dat  216.038214  53.226276           93  -5.17633799128   6.66497900765           93  216.038153  53.226152           93  -5.47551595024   7.02141905007           93 
/work/00115/gebhardt/maverick/vdrp/shifts/20170418v005/xy_exp01.dat  216.038214  53.226276           93  -5.17633799128   6.66497900765           93  216.038153  53.226152           93  -5.47551595024   7.02141905007           93 
/work/00115/gebhardt/maverick/vdrp/shifts/20170418v005/xy_exp01.dat    216.0516  53.225018           93   19.4489955041    22.362049144           93  216.051657  53.225037           93   19.5889500446   22.3485225659           93 
/work/00115/gebhardt/maverick/vdrp/shifts/20170418v005/xy_exp02.dat  216.034136  53.232539           93  -3.52773138035  -18.5159734976           93  216.034089  53.232544           93  -3.61333061876  -18.5730175534           93 
/work/00115/gebhardt/maverick/vdrp/shifts/20170418v005/xy_exp02.dat  216.038128  53.226088           93   -4.9421025837   6.20945723852           93  216.038153  53.226152           93  -4.80049343471   6.01989397759           93 
/work/00115/gebhardt/maverick/vdrp/shifts/20170418v005/xy_exp02.dat  216.038128  53.226088           93   -4.9421025837   6.20945723852           93  216.038153  53.226152           93  -4.80049343471   6.01989397759           93 
/work/00115/gebhardt/maverick/vdrp/shifts/20170418v005/xy_exp03.dat  216.038137  53.226129           93  -6.10417188115   5.58000100283           93  216.038153  53.226152           93  -6.03942511937   5.51793018934           93 
/work/00115/gebhardt/maverick/vdrp/shifts/20170418v005/xy_exp03.dat  216.038137  53.226129           93  -6.10417188115   5.58000100283           93  216.038153  53.226152           93  -6.03942511937   5.51793018934           93 
/work/00115/gebhardt/maverick/vdrp/shifts/20170418v005/xy_exp03.dat  216.034039  53.232489           93  -5.03005527817  -18.9366727827           93  216.034089  53.232544           93  -4.85204890542  -19.0749707502           93 
/work/00115/gebhardt/maverick/vdrp/shifts/20170418v006/xy_exp01.dat  214.369782  52.223631           93   -3.40622610592     7.53157872474           93  214.369911  52.223622           93   -3.15345548731     7.6660690023           93 
/work/00115/gebhardt/maverick/vdrp/shifts/20170418v006/xy_exp02.dat  214.370059  52.223773           93   -2.74148449782   5.77367800282           93  214.369911  52.223622           93   -3.24451191391    6.1596722445           93 
/work/00115/gebhardt/maverick/vdrp/shifts/20170418v006/xy_exp03.dat  214.369778  52.223699           93  -5.15905012326   6.42252673018           93  214.369911  52.223622           93  -4.98787044463   6.78799288629           93 
/work/00115/gebhardt/maverick/vdrp/shifts/20170418v013/xy_exp02.dat   189.30568  62.331615           93  10.8182046663  -14.6121632146           93   189.30534   62.33159           93  11.0717996693  -15.1287231682           93 
/work/00115/gebhardt/maverick/vdrp/shifts/20170418v013/xy_exp03.dat  189.304904  62.331452           93   9.64173906416  -16.2117541319           93   189.30534   62.33159           93   9.62839769176  -15.3297897645           93 
/work/00115/gebhardt/maverick/vdrp/shifts/20170420v016/xy_exp01.dat  214.002047  53.399428           93     7.70581667392   -24.9376754486           93  214.002106  53.399449           93    7.62679017157   -24.8131447112           93 
/work/00115/gebhardt/maverick/vdrp/shifts/20170420v016/xy_exp03.dat   214.00536   53.40675           93    11.8310120477   0.649490489817           93  214.005393   53.40665           93    11.6056437611  0.359964026703           93 
/work/00115/gebhardt/maverick/vdrp/shifts/20170420v017/xy_exp01.dat  215.113662  52.408753           93   0.130206565429   15.5792108189           93  215.113568  52.408742           93   0.301431875675   15.4572908808           93 
/work/00115/gebhardt/maverick/vdrp/shifts/20170420v017/xy_exp02.dat  215.113196  52.408627           93    1.12649545773   13.2386590414           93  215.113568  52.408742           93   0.555949248527   13.9550924629           93 
/work/00115/gebhardt/maverick/vdrp/shifts/20170420v017/xy_exp03.dat  215.113379  52.408808           93  -0.410486717459   14.8566868554           93  215.113568  52.408742           93  -0.886778888708   14.8133797253           93 
/work/00115/gebhardt/maverick/vdrp/shifts/20170421v016/xy_exp01.dat  214.015482  53.236876           93   -12.4756033687   3.37991648178           93  214.015383  53.236892           93    -12.2589097239   3.33676321663           93 
/work/00115/gebhardt/maverick/vdrp/shifts/20170421v016/xy_exp01.dat   214.00528  53.243494           93    17.7993432073   14.9629681431           93  214.005096  53.243348           93     17.9210805272   14.3160028752           93 
/work/00115/gebhardt/maverick/vdrp/shifts/20170421v016/xy_exp02.dat  214.015612  53.237084           93  -11.9948460258    2.65131127954           93  214.015383  53.236892           93  -11.8598415318     1.81286767126           93 
/work/00115/gebhardt/maverick/vdrp/shifts/20170421v016/xy_exp02.dat  214.005041  53.243326           93   18.3910643719    12.6687282075           93  214.005096  53.243348           93   18.3200747727     12.7923094398           93 
/work/00115/gebhardt/maverick/vdrp/shifts/20170421v016/xy_exp03.dat   214.01534  53.236906           93  -13.1376724202   2.42235373006           93  214.015383  53.236892           93  -13.2430672491   2.41835729478           93 
/work/00115/gebhardt/maverick/vdrp/shifts/20170421v016/xy_exp03.dat  214.005389  53.243315           93   16.3186460496   13.5713860271           93  214.005096  53.243348           93   16.9369562486   13.3975037859           93 
/work/00115/gebhardt/maverick/vdrp/shifts/20170421v017/xy_exp01.dat  214.015216  53.236822           93   -11.8953724307   2.85850838912           93  214.015383  53.236892           93   -12.105969039   3.24402979118           93 
/work/00115/gebhardt/maverick/vdrp/shifts/20170421v017/xy_exp03.dat  214.015341  53.236819           93  -13.7505079538   2.68059292367           93  214.015383  53.236892           93  -13.7149597247   2.95625560794           93 
/work/00115/gebhardt/maverick/vdrp/shifts/20170423v008/xy_exp01.dat  214.123694  52.384102           93   12.9452629937    -24.343698931           93  214.123865  52.384169           93    13.383770118  -24.4277848998           93 
/work/00115/gebhardt/maverick/vdrp/shifts/20170423v015/xy_exp01.dat  215.113434  52.734988           93  -4.23568045552   -8.70981729222           93  215.113633  52.734921           93  -4.73094784102   -8.74230931687           93 
/work/00115/gebhardt/maverick/vdrp/shifts/20170423v015/xy_exp02.dat  215.113334  52.734896           93  -5.65623521671   -8.60318423549           93  215.113633  52.734921           93  -6.20687894801   -8.24306012903           93 
/work/00115/gebhardt/maverick/vdrp/shifts/20170424v009/xy_exp01.dat  214.403954  52.370559           93    4.82021922093   24.9707016148           93  214.404029  52.370645           93   5.08850004355   24.7447519552           93 
/work/00115/gebhardt/maverick/vdrp/shifts/20170424v009/xy_exp01.dat  214.407324  52.376421           93    19.5521907282    8.1428704951           93  214.407324  52.376366           93   19.4784691755   8.32663486496           93 
/work/00115/gebhardt/maverick/vdrp/shifts/20170424v009/xy_exp02.dat  214.407633  52.376521           93    19.0008243725   8.50350784257           93  214.407324  52.376366           93    18.1627995039   8.76853881253           93 
/work/00115/gebhardt/maverick/vdrp/shifts/20170424v009/xy_exp03.dat  214.407345  52.376483           93    18.6970854342    6.97749113491           93  214.407324  52.376366           93   18.4974232203   7.35122272576           93 
/work/00115/gebhardt/maverick/vdrp/shifts/20170425v003/xy_exp01.dat  215.512854  52.710116           93   8.01510242655   5.25967096906           93  215.512815  52.710169           93     8.0095822701   5.05084130666           93 
/work/00115/gebhardt/maverick/vdrp/shifts/20170427v003/xy_exp01.dat  214.122948  52.879893           93  -0.683973454697  -5.49905685369           93  214.122806  52.879863           93  -1.01017573176  -5.51980916822           93 
/work/00115/gebhardt/maverick/vdrp/shifts/20170427v003/xy_exp01.dat  214.130046  52.879267           93    12.6402492217    2.5848672559           93  214.130112   52.87903           93   12.4399221421    3.4265231351           93 
/work/00115/gebhardt/maverick/vdrp/shifts/20170427v003/xy_exp02.dat  214.123172  52.879816           93  -1.60224239673  -4.64844273035           93  214.122806  52.879863           93  -2.2686115216  -5.11412347043           93 
/work/00115/gebhardt/maverick/vdrp/shifts/20170427v003/xy_exp02.dat  214.130359  52.878897           93   11.4891314903   4.48233114816           93  214.130112   52.87903           93  11.1814289613   3.83229489856           93 
/work/00115/gebhardt/maverick/vdrp/shifts/20170427v003/xy_exp03.dat  214.122694  52.879899           93  -2.47165626526  -6.59164561532           93  214.122806  52.879863           93  -2.29806747323  -6.37746977366           93 
/work/00115/gebhardt/maverick/vdrp/shifts/20170427v003/xy_exp03.dat  214.129939  52.879103           93   10.9081640273    2.1805253009           93  214.130112   52.87903           93   11.1519429173   2.56899337225           93 
/work/00115/gebhardt/maverick/vdrp/shifts/20170427v004/xy_exp02.dat  214.535498  52.659135           93    18.614139759    8.36526591833           93  214.535644  52.659089           93   18.8455586949    8.64005071593           93 
/work/00115/gebhardt/maverick/vdrp/shifts/20170427v004/xy_exp03.dat  214.535606  52.659171           93   19.2352618682   6.57303520826           93  214.535644  52.659089           93    19.199233654   6.87755244813           93 
/work/00115/gebhardt/maverick/vdrp/shifts/20170427v005/xy_exp02.dat  214.400805  52.546259           93   5.40657879144   -9.2416347718           93   214.40094  52.546242           93   5.65711151307  -9.07332798969           93 
/work/00115/gebhardt/maverick/vdrp/shifts/20170427v005/xy_exp02.dat  214.400805  52.546259           93   5.40657879144   -9.2416347718           93   214.40094  52.546242           93   5.65711151307  -9.07332798969           93 
/work/00115/gebhardt/maverick/vdrp/shifts/20170427v005/xy_exp03.dat  214.400899   52.54632           93   6.11216076211  -10.9405808286           93   214.40094  52.546242           93   6.08919924552  -10.6466786173           93 
/work/00115/gebhardt/maverick/vdrp/shifts/20170427v005/xy_exp03.dat  214.400899   52.54632           93   6.11216076211  -10.9405808286           93   214.40094  52.546242           93   6.08919924552  -10.6466786173           93 
/work/00115/gebhardt/maverick/vdrp/shifts/20170427v013/xy_exp01.dat  214.277676  53.239124           93   19.1351861998     -4.421733278           93  214.277622  53.239174           93   19.3193884367  -4.31216281713           93 
/work/00115/gebhardt/maverick/vdrp/shifts/20170427v013/xy_exp01.dat  214.291516  53.242979           93  -1.40937726126     21.260702794           93  214.291555  53.242949           93  -1.53264277438   21.2012987169           93 
/work/00115/gebhardt/maverick/vdrp/shifts/20170427v013/xy_exp01.dat  214.276349  53.237238           93   18.6801759586   -11.7747232709           93  214.276506  53.237244           93   18.3867140839  -11.6050874625           93 
/work/00115/gebhardt/maverick/vdrp/shifts/20170427v013/xy_exp02.dat  214.277508  53.239134           93   18.1540887265  -4.25665960698           93  214.277622  53.239174           93   17.9980242185   -4.01852774221           93 
/work/00115/gebhardt/maverick/vdrp/shifts/20170427v013/xy_exp02.dat  214.291546  53.242931           93   -2.8652223589    21.428446099           93  214.291555  53.242949           93  -2.85378950175    21.4951116322           93 
/work/00115/gebhardt/maverick/vdrp/shifts/20170427v013/xy_exp02.dat   214.27654   53.23724           93   16.9932600521  -11.2917989649           93  214.276506  53.237244           93   17.0652877474   -11.3114444301           93 
/work/00115/gebhardt/maverick/vdrp/shifts/20170427v013/xy_exp03.dat   214.27759  53.239099           93   18.1262163318  -5.70954916907           93  214.277622  53.239174           93   18.1844073609  -5.43702822346           93 
/work/00115/gebhardt/maverick/vdrp/shifts/20170427v013/xy_exp03.dat  214.291458  53.242961           93  -2.46114250755   20.0223228439           93  214.291555  53.242949           93  -2.66753808471   20.0765027986           93 
/work/00115/gebhardt/maverick/vdrp/shifts/20170427v013/xy_exp03.dat  214.276515  53.237203           93   17.1687611618  -12.8535685648           93  214.276506  53.237244           93   17.2517086174  -12.7299495708           93 
/work/00115/gebhardt/maverick/vdrp/shifts/20170427v014/xy_exp01.dat  214.286398   52.74152           93  -3.30959386371   15.4603412895           93  214.286906  52.741446           93  -4.42442976296   15.6926296939           93 
/work/00115/gebhardt/maverick/vdrp/shifts/20170427v014/xy_exp02.dat  214.285755  52.737268           93   -9.80557910821   1.59972466738           93  214.285963  52.737131           93   -10.4262374901   1.34756876494           93 
/work/00115/gebhardt/maverick/vdrp/shifts/20170427v014/xy_exp02.dat  214.285755  52.737268           93   -9.80557910821   1.59972466738           93  214.285963  52.737131           93   -10.4262374901   1.34756876494           93 
/work/00115/gebhardt/maverick/vdrp/shifts/20170427v014/xy_exp02.dat  214.286379  52.741545           93   -4.45537709961   16.1014675174           93  214.286906  52.741446           93   -5.64611046699   16.2700934366           93 
/work/00115/gebhardt/maverick/vdrp/shifts/20170427v014/xy_exp03.dat  214.286393  52.741471           93   -4.64486111005   14.3434232656           93  214.286906  52.741446           93   -5.69416543864   14.7398561992           93 
/work/00115/gebhardt/maverick/vdrp/shifts/20170428v005/xy_exp02.dat  214.677625  52.373646           93   -4.15343223546    12.0031912537           93  214.677503  52.373491           93    -4.61028587503    12.4209798845           93 
/work/00115/gebhardt/maverick/vdrp/shifts/20170428v005/xy_exp03.dat  214.677446  52.373362           93   -4.81503882792   11.5976676324           93  214.677503  52.373491           93    -4.52564073268   11.2134651906           93 
/work/00115/gebhardt/maverick/vdrp/shifts/20170428v019/xy_exp02.dat  213.998603  52.739701           93    17.246861888  0.614407712695           93  213.998716  52.739603           93   16.8737101785  0.400196321459           93 
/work/00115/gebhardt/maverick/vdrp/shifts/20170428v019/xy_exp02.dat  213.999887  52.737758           93   11.7342677485  -4.52088731409           93  213.999979  52.737805           93   11.6249627899  -4.28236370148           93 
/work/00115/gebhardt/maverick/vdrp/shifts/20170428v020/xy_exp01.dat  214.558567  53.412357           93   24.0173982035    22.923094193           93  214.558969  53.412285           93   23.1305582643   23.0805534971           93 
/work/00115/gebhardt/maverick/vdrp/shifts/20170428v020/xy_exp01.dat   214.57152  53.402355           93  -17.0285526553   3.31522124043           93  214.571468  53.402329           93  -16.9711426881   3.18135070562           93 
/work/00115/gebhardt/maverick/vdrp/shifts/20170428v020/xy_exp02.dat  214.571435  53.402314           93  -18.0494385883   3.22194219686           93  214.571468  53.402329           93  -18.0883063592    3.3020789022           93 
/work/00115/gebhardt/maverick/vdrp/shifts/20170428v020/xy_exp02.dat  214.558892  53.412259           93   22.1188256011   23.0429755285           93  214.558969  53.412285           93   22.0135307668   23.2010063057           93 
/work/00115/gebhardt/maverick/vdrp/shifts/20170428v020/xy_exp03.dat  214.571463  53.402383           93  -17.8573546402    2.35452982595           93  214.571468  53.402329           93   -17.954593338    2.18585437611           93 
/work/00115/gebhardt/maverick/vdrp/shifts/20170428v020/xy_exp03.dat  214.559018  53.412268           93   22.0257197008    22.0777101023           93  214.558969  53.412285           93   22.1471626145    22.0849441929           93 
/work/00115/gebhardt/maverick/vdrp/shifts/20170501v012/xy_exp01.dat  215.657898  52.574299           93   21.0313354731    3.90261967354           93  215.657436  52.574375           93    22.063353079   3.72520638966           93 
/work/00115/gebhardt/maverick/vdrp/shifts/20170501v012/xy_exp03.dat  215.657869  52.574267           93  19.7896335948   2.84379949021           93  215.657436  52.574375           93   20.8126061207   2.79758692772           93 
/work/00115/gebhardt/maverick/vdrp/shifts/20170502v009/xy_exp02.dat  214.558946  53.067196           93  -0.319516201128  -15.2580635516           93  214.558668  53.067091           93  0.0541762263643  -15.8621109004           93 
/work/00115/gebhardt/maverick/vdrp/shifts/20170502v009/xy_exp02.dat  214.568032  53.076057           93   -3.92865248351   22.0351829291           93  214.567679  53.076098           93   -3.17816929241   21.8317105531           93 
/work/00115/gebhardt/maverick/vdrp/shifts/20170502v009/xy_exp03.dat  214.567622  53.076172           93    -2.8069378299   20.3427565007           93  214.567679  53.076098           93   -3.03487873308    20.157799514           93 
/work/00115/gebhardt/maverick/vdrp/shifts/20170502v010/xy_exp01.dat  214.834748  53.074653           93   11.7975643669     9.15794158241           93  214.835167  53.074613           93   10.9200274243    9.42604724393           93 
/work/00115/gebhardt/maverick/vdrp/shifts/20170502v010/xy_exp03.dat  214.834929  53.070569           93    4.04052562929  -4.65802176197           93  214.835076  53.070743           93   4.02956596606  -3.95562740046           93 
/work/00115/gebhardt/maverick/vdrp/shifts/20170502v010/xy_exp03.dat  214.834616  53.074664           93     11.115573436   8.29304304108           93  214.835167  53.074613           93   9.96411087725   8.65079522057           93 
/work/00115/gebhardt/maverick/vdrp/shifts/20170502v010/xy_exp03.dat  214.839964  53.074025           93  -0.287871430486   11.2999512361           93  214.839717   53.07399           93  0.136910540249   10.9523532094           93 
/work/00115/gebhardt/maverick/vdrp/shifts/20170502v010/xy_exp03.dat  214.828699  53.075683           93    24.2250039547   5.97675382151           93  214.828547  53.075541           93   24.2962356903    5.3731635054           93 
/work/00115/gebhardt/maverick/vdrp/shifts/20170502v011/xy_exp01.dat  215.400601  53.409316           93  -1.36168562901    21.179941384           93  215.400471  53.409381           93  -1.00725175642   21.2633597839           93 
/work/00115/gebhardt/maverick/vdrp/shifts/20170502v011/xy_exp01.dat  215.389292   53.40069           93   6.34034573634  -17.4735181312           93  215.389552  53.400819           93   6.05088673267  -16.8077025418           93 
/work/00115/gebhardt/maverick/vdrp/shifts/20170502v011/xy_exp02.dat  215.389599  53.400936           93   4.91754231096  -15.6845153618           93  215.389552  53.400819           93   4.81813468337    -16.10606647           93 
/work/00115/gebhardt/maverick/vdrp/shifts/20170502v011/xy_exp02.dat  215.400324  53.409496           93  -1.77163280922   22.1928016607           93  215.400471  53.409381           93  -2.23965207853   21.9650613895           93 
/work/00115/gebhardt/maverick/vdrp/shifts/20170502v011/xy_exp03.dat  215.389456  53.400781           93     5.0315094443  -17.8582117383           93  215.389552  53.400819           93     4.9090353721  -17.6433355048           93 
/work/00115/gebhardt/maverick/vdrp/shifts/20170502v011/xy_exp03.dat  215.400609  53.409266           93   -2.59971549821   20.1913227352           93  215.400471  53.409381           93   -2.14894329994   20.4277558383           93 
/work/00115/gebhardt/maverick/vdrp/shifts/20170503v008/xy_exp01.dat  214.276163  52.408062           93   13.9039551896    8.1642222808           93  214.276044  52.407996           93   14.0425001207   7.83932599546           93 
/work/00115/gebhardt/maverick/vdrp/shifts/20170503v008/xy_exp01.dat  214.286513  52.408198           93   -6.5532805971   18.0832848954           93   214.28683   52.40827           93  -7.07801790741     18.60910543           93 
/work/00115/gebhardt/maverick/vdrp/shifts/20170503v008/xy_exp01.dat  214.280895  52.411038           93   8.92294717357   22.2340262685           93  214.280929  52.411127           93   8.98862310135   22.5563897459           93 
/work/00115/gebhardt/maverick/vdrp/shifts/20170503v008/xy_exp02.dat  214.280984  52.411218           93   7.46819723444    23.3763376485           93  214.280929  52.411127           93    7.44143516151   23.0282086452           93 
/work/00115/gebhardt/maverick/vdrp/shifts/20170503v008/xy_exp02.dat  214.276153  52.408078           93   12.4005903872    8.67919882737           93  214.276044  52.407996           93    12.4951637572   8.31109384731           93 
/work/00115/gebhardt/maverick/vdrp/shifts/20170503v008/xy_exp02.dat  214.286573   52.40824           93  -8.15725142703     18.747627456           93   214.28683   52.40827           93   -8.62524553638   19.0810864992           93 
/work/00115/gebhardt/maverick/vdrp/shifts/20170503v008/xy_exp03.dat  214.280912  52.411139           93    7.93138362247   21.4253147026           93  214.280929  52.411127           93    7.87944331706   21.4016060149           93 
/work/00115/gebhardt/maverick/vdrp/shifts/20170503v008/xy_exp03.dat  214.276137  52.407928           93     12.645592747    6.5471125505           93  214.276044  52.407996           93    12.9332715324   6.68452581887           93 
/work/00115/gebhardt/maverick/vdrp/shifts/20170503v008/xy_exp03.dat   214.28703  52.408187           93   -8.71101202169   17.3658814318           93   214.28683   52.40827           93   -8.18721047169    17.454375197           93 
/work/00115/gebhardt/maverick/vdrp/shifts/20170503v010/xy_exp01.dat  215.667137  52.903343           93  -0.270760591198  -4.62278460252           93  215.667064  52.903286           93  -0.216656443961     -4.87637062           93 
/work/00115/gebhardt/maverick/vdrp/shifts/20170503v010/xy_exp02.dat  215.666932  52.903193           93  -1.28694946117  -4.05513999543           93  215.667064  52.903286           93  -1.40046344241  -3.62927686143           93 
/work/00115/gebhardt/maverick/vdrp/shifts/20170503v010/xy_exp03.dat  215.666907  52.903463           93  -1.39324525995  -4.60310791178           93  215.667064  52.903286           93  -1.97632259447  -5.03003293384           93 
/work/00115/gebhardt/maverick/vdrp/shifts/20170518v006/xy_exp01.dat  214.674992  52.538026           93  -10.7901670281    8.29215769356           93  214.674851  52.537961           93  -11.1644282631    8.39218549113           93 
/work/00115/gebhardt/maverick/vdrp/shifts/20170519v002/xy_exp01.dat  215.794349  53.051832           93   23.6373293027  -25.5446690081           93  215.794049  53.051562           93    22.6568894436   -24.9083020176           93 
/work/00115/gebhardt/maverick/vdrp/shifts/20170519v002/xy_exp01.dat  215.782242  53.048634           93  -4.97950491273  -25.3241619544           93  215.782138   53.04848           93   -5.40539873909   -24.9038885526           93 
/work/00115/gebhardt/maverick/vdrp/shifts/20170519v002/xy_exp02.dat  215.800641  53.044585           93   24.6996641642    4.25293475157           93  215.799996  53.044698           93   23.5779788785    3.32770374113           93 
/work/00115/gebhardt/maverick/vdrp/shifts/20170519v002/xy_exp02.dat  215.793392   53.05158           93   20.2384833146   -25.0786338333           93  215.794049  53.051562           93   21.5188778108   -24.4572926699           93 
/work/00115/gebhardt/maverick/vdrp/shifts/20170519v002/xy_exp02.dat  215.781937  53.048505           93  -6.90738510919   -24.7076618124           93  215.782138   53.04848           93  -6.54341025749   -24.4530356611           93 
/work/00115/gebhardt/maverick/vdrp/shifts/20170519v002/xy_exp03.dat  215.800016  53.044659           93   23.6590653182   2.10463602867           93  215.799996  53.044698           93   23.6747714429     1.95855634455           93 
/work/00115/gebhardt/maverick/vdrp/shifts/20170522v005/xy_exp03.dat  215.658248  52.574298           93    18.067657952  -6.57411234368           93  215.657436  52.574375           93   19.7942438331  -7.07588859531           93 
/work/00115/gebhardt/maverick/vdrp/shifts/20170525v013/xy_exp01.dat   214.55855  53.066914           93   0.669852770615   -25.5390301796           93  214.558668  53.067091           93   0.720514172753   -24.8544758896           93 
/work/00115/gebhardt/maverick/vdrp/shifts/20170525v013/xy_exp01.dat  214.567475  53.076147           93   -2.06530641983    12.8015502696           93  214.567679  53.076098           93   -2.53913497909    12.8369888072           93 
/work/00115/gebhardt/maverick/vdrp/shifts/20170525v013/xy_exp02.dat  214.558258  53.067007           93  0.122631106727  -24.6983097669           93  214.558668  53.067091           93  -0.541214948333  -24.0369877368           93 
/work/00115/gebhardt/maverick/vdrp/shifts/20170525v013/xy_exp02.dat  214.567665   53.07604           93  -3.86506800749    13.453646272           93  214.567679  53.076098           93   -3.80050163152   13.6545086631           93 
/work/00115/gebhardt/maverick/vdrp/shifts/20170525v013/xy_exp03.dat  214.558392  53.067161           93  0.0136958006931  -25.5908080873           93  214.558668  53.067091           93  -0.633345600896  -25.5548686889           93 
/work/00115/gebhardt/maverick/vdrp/shifts/20170525v013/xy_exp03.dat  214.567631  53.076193           93   -3.64922476966   12.3981963539           93  214.567679  53.076098           93   -3.89277423054   12.1366145157           93 
/work/00115/gebhardt/maverick/vdrp/shifts/20170525v014/xy_exp01.dat  215.667155  52.903289           93  -0.10465119329   -13.0636833207           93  215.667064  52.903286           93  0.0688099963534  -13.1589310944           93 
/work/00115/gebhardt/maverick/vdrp/shifts/20170525v014/xy_exp02.dat  215.667055  52.903291           93  -1.29962238237   -12.4421254764           93  215.667064  52.903286           93  -1.32502987472  -12.4498952964           93 
/work/00115/gebhardt/maverick/vdrp/shifts/20170525v014/xy_exp03.dat  215.667126  52.903404           93  -1.29921116242   -13.189075359           93  215.667064  52.903286           93  -1.36168390266  -13.6302980569           93 
/work/00115/gebhardt/maverick/vdrp/shifts/20170527v011/xy_exp03.dat  214.841617  53.410486           93   7.35928323392   11.2825908161           93  214.841351   53.41036           93   7.66341264858   10.6199600845           93 
/work/00115/gebhardt/maverick/vdrp/shifts/20170527v011/xy_exp03.dat  214.841617  53.410486           93   7.35928323392   11.2825908161           93  214.841351   53.41036           93   7.66341264858   10.6199600845           93 
/work/00115/gebhardt/maverick/vdrp/shifts/20170617v008/xy_exp02.dat  214.641226  52.791043           93    13.8513125746  0.206016512661           93  214.641559  52.791271           93    13.5498780976    1.25882022041           93 
/work/00115/gebhardt/maverick/vdrp/shifts/20170617v009/xy_exp01.dat  215.404046  52.908882           93    -16.6221521457   17.5686412069           93  215.403869  52.908995           93   -16.0994229106   17.7684331593           93 
/work/00115/gebhardt/maverick/vdrp/shifts/20170617v009/xy_exp02.dat  215.403896  52.908867           93   -17.7056441153   17.8706376365           93  215.403869  52.908995           93    -17.4529008267   18.2603750448           93 
/work/00115/gebhardt/maverick/vdrp/shifts/20170617v009/xy_exp03.dat  215.403773  52.909122           93  -17.2140055053   17.1743836532           93  215.403869  52.908995           93   -17.6001567326    16.8528845721           93 
/work/00115/gebhardt/maverick/vdrp/shifts/20170621v008/xy_exp01.dat  215.399331  53.070116           93  -13.7292418149  -5.72682404113           93  215.399388  53.070159           93  -13.7720970996  -5.53362070303           93 
/work/00115/gebhardt/maverick/vdrp/shifts/20170621v008/xy_exp01.dat   215.38966  53.076697           93   15.4619018311    6.3847957218           93  215.389592  53.076672           93   15.5545728878   6.23940108946           93 
/work/00115/gebhardt/maverick/vdrp/shifts/20170621v008/xy_exp02.dat  215.399199  53.070235           93  -14.5006632506  -4.75313399359           93  215.399388  53.070159           93  -14.9880720733  -4.81958147532           93 
/work/00115/gebhardt/maverick/vdrp/shifts/20170621v008/xy_exp02.dat  215.389519   53.07669           93   14.5090050412   6.94214290249           93  215.389592  53.076672           93   14.3387044858   6.95317451676           93 
/work/00115/gebhardt/maverick/vdrp/shifts/20170621v008/xy_exp03.dat  215.399304  53.069991           93   -15.1764610625  -6.80288870006           93  215.399388  53.070159           93  -15.0743166864  -6.17969970135           93 
/work/00115/gebhardt/maverick/vdrp/shifts/20170621v008/xy_exp03.dat  215.389363  53.076639           93    14.6453517128   5.26912212927           93  215.389592  53.076672           93   14.2524201041   5.59315406919           93 
/work/00115/gebhardt/maverick/vdrp/shifts/20170625v005/xy_exp03.dat  214.654067  52.778425           93   15.3100051425  -24.8414423545           93  214.654404    52.7785           93     14.76334724  -24.2823163244           93 
/work/00115/gebhardt/maverick/vdrp/shifts/20170625v006/xy_exp01.dat  215.392248  52.574693           93   4.31387643028    11.1120122131           93  215.392519  52.574728           93   3.82986487757   11.4768932068           93 
/work/00115/gebhardt/maverick/vdrp/shifts/20170625v006/xy_exp02.dat  215.392351  52.574611           93   2.54995792167     11.3312234979           93  215.392519  52.574728           93   2.39498224165    11.8683354094           93 
/work/00115/gebhardt/maverick/vdrp/shifts/20170625v006/xy_exp03.dat  215.392613  52.574783           93   2.29176385807   10.9432021805           93  215.392519  52.574728           93   2.39440563944   10.6768136556           93 
/work/00115/gebhardt/maverick/vdrp/shifts/20170626v003/xy_exp01.dat  214.661116   52.76818           93    -5.1008931874   2.28810903514           93   214.66126  52.768227           93    -5.3117032374    2.57545324609           93 
/work/00115/gebhardt/maverick/vdrp/shifts/20170626v003/xy_exp02.dat  214.661328  52.768338           93  -6.52390389037   3.87206144243           93   214.66126  52.768227           93  -6.56143881989    3.44754976126           93 
/work/00115/gebhardt/maverick/vdrp/shifts/20170626v003/xy_exp03.dat  214.661433  52.768266           93  -6.99784218002    2.13642259626           93   214.66126  52.768227           93   -6.7176208711   1.84801052536           93 
/work/00115/gebhardt/maverick/vdrp/shifts/20170627v005/xy_exp01.dat  215.067594  53.057444           93    3.71423363231  -4.59533932964           93  215.067493  53.057387           93    3.82054040992  -4.87562706791           93 
/work/00115/gebhardt/maverick/vdrp/shifts/20170627v005/xy_exp02.dat  215.067035  53.057516           93    3.75435350667  -4.60692117476           93  215.067493  53.057387           93   2.66011974869  -4.58931997523           93 
/work/00115/gebhardt/maverick/vdrp/shifts/20170627v005/xy_exp03.dat   215.06737  53.057283           93   2.77019149213  -6.30174955579           93  215.067493  53.057387           93   2.69536866853   -5.8485353669           93 
/work/00115/gebhardt/maverick/vdrp/shifts/20170629v004/xy_exp01.dat   215.08661  53.055407           93    7.5586698311    2.81730573385           93  215.086732  53.055463           93   7.40962673381   3.11414485557           93 
/work/00115/gebhardt/maverick/vdrp/shifts/20170629v004/xy_exp02.dat   215.08667  53.055454           93     6.3072854482     3.85530022687           93  215.086732  53.055463           93    6.20086739098    3.94317471099           93 
/work/00115/gebhardt/maverick/vdrp/shifts/20170629v004/xy_exp03.dat  215.086764  53.055371           93   5.80046236436   2.48840877062           93  215.086732  53.055463           93   6.00774477917   2.75584549368           93 
/work/00115/gebhardt/maverick/vdrp/shifts/20170629v005/xy_exp01.dat  215.391828  52.742076           93    3.6694519585   4.58175922322           93  215.392035  52.742027           93   3.18627736267   4.61631531689           93 
/work/00115/gebhardt/maverick/vdrp/shifts/20170629v005/xy_exp01.dat  215.394068  52.736464           93  -9.42011204803  -11.5635850196           93  215.393952  52.736397           93  -9.29543728683  -11.8900311772           93 
/work/00115/gebhardt/maverick/vdrp/shifts/20170629v005/xy_exp01.dat  215.389613  52.739628           93   4.24233035137  -5.45038220087           93  215.389595  52.739558           93   4.16948818503  -5.69479503045           93 
/work/00115/gebhardt/maverick/vdrp/shifts/20170629v005/xy_exp02.dat  215.392082  52.742115           93   2.20092095213   5.67522835852           93  215.392035  52.742027           93   2.15729582239   5.34514861293           93 
/work/00115/gebhardt/maverick/vdrp/shifts/20170629v005/xy_exp02.dat  215.393886  52.736442           93  -10.1250337006  -11.0766350871           93  215.393952  52.736397           93   -10.324549367  -11.1610992232           93 
/work/00115/gebhardt/maverick/vdrp/shifts/20170629v005/xy_exp02.dat  215.389584  52.739682           93   3.35386897986  -4.57317091064           93  215.389595  52.739558           93    3.1404250883  -4.96596960223           93 
/work/00115/gebhardt/maverick/vdrp/shifts/20170629v005/xy_exp03.dat   215.39396  52.736475           93  -10.3911617633  -12.1739538282           93  215.393952  52.736397           93  -10.4960752092  -12.4350024509           93 
/work/00115/gebhardt/maverick/vdrp/shifts/20170629v005/xy_exp03.dat  215.389672  52.739501           93   2.72917196183  -6.35302907604           93  215.389595  52.739558           93   2.96888359735  -6.23983935787           93 
/work/00115/gebhardt/maverick/vdrp/shifts/20170629v005/xy_exp03.dat   215.39225  52.742117           93   1.70182029094   4.56518252125           93  215.392035  52.742027           93    1.9857285504   4.07127618196           93 
/work/00115/gebhardt/maverick/vdrp/shifts/20170630v008/xy_exp01.dat  215.072094  53.041748           93   25.3583534943   4.88540403566           93   215.07289  53.041526           93   23.4594200112   4.91951912656           93 
/work/00115/gebhardt/maverick/vdrp/shifts/20170630v008/xy_exp01.dat  215.076328  53.032703           93   2.88355735146  -20.3965181248           93  215.076507  53.032593           93   2.36193221568  -20.5833161477           93 
/work/00115/gebhardt/maverick/vdrp/shifts/20170630v008/xy_exp02.dat  215.076321  53.032628           93   1.76291481286  -20.1121030799           93  215.076507  53.032593           93   1.34567097431   -20.0494290952           93 
/work/00115/gebhardt/maverick/vdrp/shifts/20170630v008/xy_exp03.dat  215.081663  53.030219           93  -12.5805434272   -24.504662475           93  215.081673   53.03042           93  -12.2836952373  -23.8443974483           93 
/work/00115/gebhardt/maverick/vdrp/shifts/20170630v008/xy_exp03.dat  215.076372  53.032523           93   1.34759672589  -22.0516579121           93  215.076507  53.032593           93   1.19487462033  -21.6972606768           93 
/work/00115/gebhardt/maverick/vdrp/shifts/20170630v008/xy_exp03.dat  215.072782  53.041689           93   22.7591624005   4.23113139177           93   215.07289  53.041526           93   22.2924542755    3.8054974403           93 
/work/00115/gebhardt/maverick/vdrp/shifts/20170701v008/xy_exp01.dat  215.114231  52.903391           93   -1.40505147878  -6.88421981052           93  215.114276  52.903466           93   -1.37507858444  -6.59865060858           93 
/work/00115/gebhardt/maverick/vdrp/shifts/20170701v008/xy_exp02.dat  215.114249  52.903479           93   -2.59077894917  -5.75658222442           93  215.114276  52.903466           93    -2.6639562353  -5.77308944956           93 
/work/00115/gebhardt/maverick/vdrp/shifts/20170701v008/xy_exp03.dat  215.114382   52.90371           93  -2.68204994395  -6.22848806148           93  215.114276  52.903466           93   -2.85849125921  -7.11923845841           93 
/work/00115/gebhardt/maverick/vdrp/shifts/20170701v009/xy_exp01.dat  215.400197  53.235729           93  -11.1079413478     -3.93953838541           93   215.40043  53.235719           93  -11.5740884977  -3.74967014402           93 
/work/00115/gebhardt/maverick/vdrp/shifts/20170720v003/xy_exp02.dat   215.10884  52.573855           93   9.67767163645  -2.50350657836           93  215.108812  52.573707           93   9.50762761655  -3.01214754053           93 
/work/00115/gebhardt/maverick/vdrp/shifts/20180123v009/xy_exp03.dat   150.01572  2.067803           93   20.0104326415   -19.8591856236           93  150.015788  2.067806           93   20.1288383257   -20.0735358212           93 
