/work/00115/gebhardt/maverick/vdrp/shifts/20170103v002/xy_exp03.dat  149.805148  1.928051           94  -15.3236217051  -19.0837711643           94  149.805281  1.927707           94     -14.55722871  -20.1678714804           94 
/work/00115/gebhardt/maverick/vdrp/shifts/20170103v003/xy_exp01.dat  150.390195  2.528302           94   15.4159455091   24.5428209931           94  150.390272  2.528188           94   15.5904498395   24.0794980264           94 
/work/00115/gebhardt/maverick/vdrp/shifts/20170103v003/xy_exp01.dat  150.393703  2.528527           94   7.45555233235   14.7211419532           94  150.393798  2.528654           94   6.88496554271   14.7070005896           94 
/work/00115/gebhardt/maverick/vdrp/shifts/20170103v003/xy_exp02.dat  150.390228  2.528188           94   14.9992988545   24.4283569261           94  150.390272  2.528188           94   14.9077401296    24.299287588           94 
/work/00115/gebhardt/maverick/vdrp/shifts/20170103v003/xy_exp02.dat  150.393813  2.528532           94   6.52926341762   14.6286739082           94  150.393798  2.528654           94   6.20225540503   14.9267905711           94 
/work/00115/gebhardt/maverick/vdrp/shifts/20170103v003/xy_exp03.dat  150.393708  2.528556           94    6.16648139675    12.8355211092           94  150.393798  2.528654           94      5.6914499986   12.7756423364           94 
/work/00115/gebhardt/maverick/vdrp/shifts/20170103v003/xy_exp03.dat  150.390254  2.528243           94    14.2729009357    22.3154963518           94  150.390272  2.528188           94     14.3969385586   22.1481352064           94 
/work/00115/gebhardt/maverick/vdrp/shifts/20170105v009/xy_exp01.dat  149.896314  2.024349           94   13.0747281372   9.90457251631           94  149.896198  2.024245           94   13.1770592393   10.4558236882           94 
/work/00115/gebhardt/maverick/vdrp/shifts/20170105v009/xy_exp01.dat  149.897993  2.031414           94  -5.49395705143  -8.49609730459           94  149.897998  2.031496           94  -5.73661462536  -8.66516619526           94 
/work/00115/gebhardt/maverick/vdrp/shifts/20170105v009/xy_exp02.dat  149.897991  2.031049           94  -5.71974258866   -7.19253664383           94  149.897998  2.031496           94  -7.08046877482  -8.05195118415           94 
/work/00115/gebhardt/maverick/vdrp/shifts/20170105v009/xy_exp02.dat  149.896115   2.02383           94   12.9532004829    12.1019121576           94  149.896198  2.024245           94    11.833200996   11.0690427468           94 
/work/00115/gebhardt/maverick/vdrp/shifts/20170105v009/xy_exp03.dat  149.896212  2.024221           94   10.5424750045   9.54867022758           94  149.896198  2.024245           94   10.4424848305   9.54668319875           94 
/work/00115/gebhardt/maverick/vdrp/shifts/20170106v003/xy_exp01.dat  149.897829  2.031533           94  -5.32843426687   11.5862418951           94  149.897998  2.031496           94   -5.5574553947   11.0074679158           94 
/work/00115/gebhardt/maverick/vdrp/shifts/20170106v003/xy_exp01.dat  149.906126  2.025732           94  -4.67275639689  -24.8383845171           94  149.906032  2.025825           94  -4.76164815835  -24.3708785226           94 
/work/00115/gebhardt/maverick/vdrp/shifts/20170106v003/xy_exp01.dat  149.896162  2.024346           94   19.4842145078   2.11383428149           94  149.896198  2.024245           94   19.7135225307   1.80335296068           94 
/work/00115/gebhardt/maverick/vdrp/shifts/20170106v003/xy_exp02.dat  149.906155  2.025541           94   -5.20582553823  -24.6052516894           94  149.906032  2.025825           94   -5.80686643912  -23.6672306597           94 
/work/00115/gebhardt/maverick/vdrp/shifts/20170106v003/xy_exp02.dat  149.896091  2.024273           94    18.7996465838   2.88263995756           94  149.896198  2.024245           94    18.6683043434   2.50700087669           94 
/work/00115/gebhardt/maverick/vdrp/shifts/20170106v003/xy_exp02.dat  149.898063  2.031475           94   -6.67054272452   11.4749028666           94  149.897998  2.031496           94   -6.60267365219   11.7111161495           94 
/work/00115/gebhardt/maverick/vdrp/shifts/20170106v003/xy_exp03.dat  149.898086  2.031509           94  -7.98241962205   10.0030407887           94  149.897998  2.031496           94   -7.7668041894   10.2395505641           94 
/work/00115/gebhardt/maverick/vdrp/shifts/20170106v003/xy_exp03.dat  149.905979  2.025917           94  -7.13928291524  -24.7956676768           94  149.906032  2.025825           94  -6.97100805812  -25.1387956193           94 
/work/00115/gebhardt/maverick/vdrp/shifts/20170106v003/xy_exp03.dat  149.896167  2.024162           94   17.8143253382  0.961098542167           94  149.896198  2.024245           94    17.504170541   1.03542734015           94 
/work/00115/gebhardt/maverick/vdrp/shifts/20170107v012/xy_exp03.dat  149.894632  1.924277           94   8.96585479731   12.5500710237           94  149.895287  1.924049           94   10.8772385392   10.9456255787           94 
/work/00115/gebhardt/maverick/vdrp/shifts/20170129v003/xy_exp01.dat  189.223301  62.218984           94    4.9712663865  -6.78938432833           94  189.223459  62.218997           94    5.1725102288  -6.61056350433           94 
/work/00115/gebhardt/maverick/vdrp/shifts/20170129v003/xy_exp01.dat  189.234439  62.211334           94  -5.01818874821   24.9601130457           94  189.234681  62.211418           94  -4.52896828797   25.0907977181           94 
/work/00115/gebhardt/maverick/vdrp/shifts/20170129v008/xy_exp02.dat  189.224679  62.215092           94   -4.10684873867   -9.13894672415           94  189.224519  62.215029           94   -4.13454221179   -9.48932767117           94 
/work/00115/gebhardt/maverick/vdrp/shifts/20170129v008/xy_exp02.dat  189.242264  62.216683           94   -16.6565576719    18.1763980781           94  189.241864  62.216815           94   -15.8791898635       17.9079604           94 
/work/00115/gebhardt/maverick/vdrp/shifts/20170129v008/xy_exp03.dat  189.224739  62.215039           94   -5.05749092009      -10.79648177           94  189.224519  62.215029           94   -4.87146299235  -11.1174096673           94 
/work/00115/gebhardt/maverick/vdrp/shifts/20170130v023/xy_exp01.dat   150.08979  2.225078           94   24.2387381088    16.3248618888           94  150.089705  2.225032           94   24.5481516267     16.483550405           94 
/work/00115/gebhardt/maverick/vdrp/shifts/20170130v023/xy_exp01.dat  150.103901  2.227886           94  -12.7864388008   -19.8419949386           94  150.103971  2.227918           94  -13.0237797287   -19.9846435576           94 
/work/00115/gebhardt/maverick/vdrp/shifts/20170130v023/xy_exp01.dat  150.093975  2.233004           94  -7.80954712684    20.0286629582           94  150.094191  2.233152           94  -8.68820745459     19.688693661           94 
/work/00115/gebhardt/maverick/vdrp/shifts/20170130v023/xy_exp02.dat    150.0995  2.230966           94   -14.3025214416  -0.268114758842           94  150.099475  2.230871           94   -13.9695428831  -0.387183606051           94 
/work/00115/gebhardt/maverick/vdrp/shifts/20170130v023/xy_exp02.dat  150.094128  2.233146           94   -9.85702833137    20.1100281874           94  150.094191  2.233152           94   -10.0029158472    19.9352602893           94 
/work/00115/gebhardt/maverick/vdrp/shifts/20170130v023/xy_exp02.dat  150.104091  2.228044           94   -14.9566620737   -19.8378857247           94  150.103971  2.227918           94   -14.3384920876   -19.7380765633           94 
/work/00115/gebhardt/maverick/vdrp/shifts/20170130v023/xy_exp02.dat  150.089889   2.22493           94    23.1623553449    15.9765228803           94  150.089705  2.225032           94    23.2334428661    16.7301133302           94 
/work/00115/gebhardt/maverick/vdrp/shifts/20170130v023/xy_exp02.dat  150.096234  2.220194           94    24.3304588163   -12.4892712807           94  150.095602  2.220139           94    25.7785628249   -10.7254709453           94 
/work/00115/gebhardt/maverick/vdrp/shifts/20170130v023/xy_exp02.dat  150.095251  2.220808           94    24.5050962841   -8.32276516087           94  150.095602  2.220139           94    25.7785628249   -10.7254709453           94 
/work/00115/gebhardt/maverick/vdrp/shifts/20170130v023/xy_exp03.dat  150.094195  2.232897           94    -10.143493629    17.6595758395           94  150.094191  2.233152           94   -10.8927356474    18.1902083007           94 
/work/00115/gebhardt/maverick/vdrp/shifts/20170130v023/xy_exp03.dat  150.090385  2.230963           94    3.34566698475    25.0326302268           94  150.090472  2.230911           94    3.32325787321    24.6686409943           94 
/work/00115/gebhardt/maverick/vdrp/shifts/20170130v023/xy_exp03.dat  150.095771  2.220049           94    24.8124908637   -13.1551964387           94  150.095602  2.220139           94    24.8887314775   -12.4705351243           94 
/work/00115/gebhardt/maverick/vdrp/shifts/20170130v023/xy_exp03.dat  150.103992  2.227858           94   -15.0928109633   -21.6675128959           94  150.103971  2.227918           94   -15.2283260085   -21.4831257936           94 
/work/00115/gebhardt/maverick/vdrp/shifts/20170130v023/xy_exp03.dat  150.099572  2.230983           94   -15.3892030963     -2.192264569           94  150.099475  2.230871           94    -14.859369887   -2.13223352492           94 
/work/00115/gebhardt/maverick/vdrp/shifts/20170130v024/xy_exp02.dat  150.195834  2.420146           94     23.9131900941  -12.4427322672           94  150.194826  2.419064           94   29.1854682052  -11.7212919571           94 
/work/00115/gebhardt/maverick/vdrp/shifts/20170130v027/xy_exp02.dat  189.161649  62.263144           94  -11.1915805212   8.86775469874           94  189.161324  62.263135           94  -10.9025082542   8.40515007571           94 
/work/00115/gebhardt/maverick/vdrp/shifts/20170202v002/xy_exp01.dat  150.094879  2.425252           94   7.29810330988   10.3998610045           94  150.094942  2.425176           94   7.65041707885    10.354270435           94 
/work/00115/gebhardt/maverick/vdrp/shifts/20170202v002/xy_exp01.dat  150.089302  2.427917           94  -11.5214834979   22.2422098791           94  150.089408  2.427842           94  -11.0896648085    22.063910576           94 
/work/00115/gebhardt/maverick/vdrp/shifts/20170202v002/xy_exp02.dat  150.101707  2.425807           94    17.5925092375  -10.8680973538           94  150.101958  2.425921           94    17.7273040799  -11.8505910778           94 
/work/00115/gebhardt/maverick/vdrp/shifts/20170202v002/xy_exp02.dat  150.094769  2.425127           94    6.34355121464   11.5412755656           94  150.094942  2.425176           94    6.52649384729   10.9209234957           94 
/work/00115/gebhardt/maverick/vdrp/shifts/20170202v002/xy_exp03.dat  150.089228  2.428117           94  -14.1626851098   21.5705770559           94  150.089408  2.427842           94   -12.9799379207   21.5514950066           94 
/work/00115/gebhardt/maverick/vdrp/shifts/20170202v002/xy_exp03.dat  150.094942  2.425253           94   5.52573084373   9.69390400618           94  150.094942  2.425176           94    5.76014523313   9.84185696387           94 
/work/00115/gebhardt/maverick/vdrp/shifts/20170202v002/xy_exp03.dat  150.101969  2.426065           94   16.5436831802   -13.239805193           94  150.101958  2.425921           94     16.960952958  -12.9296584409           94 
/work/00115/gebhardt/maverick/vdrp/shifts/20170202v003/xy_exp01.dat  150.099469   2.23102           94  -1.08651289926     -18.050177188           94  150.099475  2.230871           94  -0.619648318361    -17.785169014           94 
/work/00115/gebhardt/maverick/vdrp/shifts/20170202v003/xy_exp01.dat  150.089977  2.225182           94  -1.27711865801     22.0445234519           94  150.089705  2.225032           94   -1.33544362229    23.1605851156           94 
/work/00115/gebhardt/maverick/vdrp/shifts/20170202v003/xy_exp03.dat  150.089821  2.225101           94  -3.78383179784        22.33241052           94  150.089705  2.225032           94  -3.79333193828    22.8179419264           94 
/work/00115/gebhardt/maverick/vdrp/shifts/20170202v008/xy_exp01.dat  189.260087  62.228389           94   -14.6998571028   22.6547122435           94  189.260296  62.228369           94   -14.961949626   22.8984296039           94 
/work/00115/gebhardt/maverick/vdrp/shifts/20170202v008/xy_exp02.dat  189.261013  62.228477           94   -15.9762822927   24.7436537656           94  189.260296  62.228369           94   -15.5949426567      23.5385591           94 
/work/00115/gebhardt/maverick/vdrp/shifts/20170221v010/xy_exp01.dat   150.09495  2.425328           94    6.35654901003   8.70768744667           94  150.094942  2.425176           94   6.80382271554   9.02423667866           94 
/work/00115/gebhardt/maverick/vdrp/shifts/20170221v010/xy_exp02.dat  150.095071  2.425253           94   6.13993450799   8.94951088266           94  150.094942  2.425176           94    6.12651700193   9.48982818768           94 
/work/00115/gebhardt/maverick/vdrp/shifts/20170221v010/xy_exp03.dat  150.095014  2.425217           94   5.17042959429     7.5587266993           94  150.094942  2.425176           94   5.15692421505    7.85649883441           94 
/work/00115/gebhardt/maverick/vdrp/shifts/20170221v015/xy_exp01.dat  150.094841  2.425207           94   13.7245719663   4.05617880794           94  150.094942  2.425176           94   13.6074496113   3.69464592422           94 
/work/00115/gebhardt/maverick/vdrp/shifts/20170221v015/xy_exp01.dat  150.101866  2.425885           94  -2.77692052121  -15.2337150128           94  150.101958  2.425921           94  -3.07297689856  -15.4302962536           94 
/work/00115/gebhardt/maverick/vdrp/shifts/20170221v015/xy_exp02.dat  150.101628  2.426192           94  -4.08675500647  -13.3579964077           94  150.101958  2.425921           94  -3.96913275795  -14.8899193762           94 
/work/00115/gebhardt/maverick/vdrp/shifts/20170221v015/xy_exp02.dat  150.094859  2.425236           94    12.705765618   4.60346230094           94  150.094942  2.425176           94   12.7112940772   4.23502258371           94 
/work/00115/gebhardt/maverick/vdrp/shifts/20170221v015/xy_exp03.dat  150.101876  2.426169           94  -5.36277563994     -16.0126456           94  150.101958  2.425921           94  -4.80097071257  -16.7666068239           94 
/work/00115/gebhardt/maverick/vdrp/shifts/20170221v015/xy_exp03.dat  150.089304   2.42797           94   15.2821678718   24.7372891304           94  150.089408  2.427842           94   15.4448066692   24.1664903572           94 
/work/00115/gebhardt/maverick/vdrp/shifts/20170221v015/xy_exp03.dat  150.094877    2.4252           94   11.9429016653   2.59936477266           94  150.094942  2.425176           94   11.8794635604   2.35832764404           94 
/work/00115/gebhardt/maverick/vdrp/shifts/20170222v007/xy_exp01.dat  150.094894  2.220841           94     23.6357631454    14.7756454654           94  150.094711   2.22088           94    23.1690030123      15.2606349288           94 
/work/00115/gebhardt/maverick/vdrp/shifts/20170222v007/xy_exp02.dat  150.095354  2.220683           94   23.9640490444   14.3020363499           94  150.094711   2.22088           94   22.1406610501   15.8921614439           94 
/work/00115/gebhardt/maverick/vdrp/shifts/20170222v008/xy_exp01.dat  150.101991  2.328424           94    13.8576685581    -22.073409434           94  150.102195  2.328336           94    14.5141438425  -22.5293234047           94 
/work/00115/gebhardt/maverick/vdrp/shifts/20170222v008/xy_exp02.dat  150.102188  2.328355           94   13.5630948411    -21.9473290294           94  150.102195  2.328336           94   13.6344781667  -21.9325984913           94 
/work/00115/gebhardt/maverick/vdrp/shifts/20170222v008/xy_exp03.dat  150.102292  2.328399           94    12.4193025272  -24.1576888092           94  150.102195  2.328336           94    12.4276942975  -23.7416262167           94 
/work/00115/gebhardt/maverick/vdrp/shifts/20170224v005/xy_exp02.dat  189.223412   62.21877           94    8.5772983264  -4.30019777417           94  189.223459  62.218997           94   9.26629436702   -4.7466526648           94 
/work/00115/gebhardt/maverick/vdrp/shifts/20170224v005/xy_exp03.dat   189.23419  62.211257           94  -2.07801984021    25.0769053929           94  189.234681  62.211418           94   -1.1116010002   25.3616427831           94 
/work/00115/gebhardt/maverick/vdrp/shifts/20170225v007/xy_exp01.dat  150.194497  2.229955           94  -9.22994862885   3.96828590893           94  150.194785  2.229867           94  -8.41706153224   3.25210976604           94 
/work/00115/gebhardt/maverick/vdrp/shifts/20170225v007/xy_exp02.dat  150.190531  2.227001           94  -8.99451881571     22.4296507125           94   150.19054  2.227064           94  -9.17068480244   22.2831849369           94 
/work/00115/gebhardt/maverick/vdrp/shifts/20170225v007/xy_exp02.dat   150.20099  2.229144           94   4.15914477258    -13.6545237441           94  150.201149  2.228947           94   5.06292536207  -13.7698219352           94 
/work/00115/gebhardt/maverick/vdrp/shifts/20170225v007/xy_exp02.dat    150.1948  2.229971           94  -10.0491627159     3.74705480434           94  150.194785  2.229867           94  -9.75861771616   3.98927619031           94 
/work/00115/gebhardt/maverick/vdrp/shifts/20170225v007/xy_exp03.dat  150.194731  2.229784           94   -10.4340928905   2.15422397173           94  150.194785  2.229867           94  -10.5867127986   1.83216269553           94 
/work/00115/gebhardt/maverick/vdrp/shifts/20170225v007/xy_exp03.dat  150.190624  2.227188           94   -10.2205129693   19.6347309129           94   150.19054  2.227064           94  -9.99877495674   20.1260705911           94 
/work/00115/gebhardt/maverick/vdrp/shifts/20170225v014/xy_exp03.dat  189.161633   62.26335           94  -9.85476188935    10.8317842497           94  189.161324  62.263135           94   -10.186065761    9.96152275644           94 
/work/00115/gebhardt/maverick/vdrp/shifts/20170225v015/xy_exp01.dat  189.128985  62.257659           94   16.7905564358    4.55712894032           94  189.128974  62.257716           94   16.9683807613    4.66117476936           94 
/work/00115/gebhardt/maverick/vdrp/shifts/20170303v014/xy_exp01.dat  214.814592  52.800491           94    15.5893822886  -14.6659173453           94   214.81477  52.800603           94    16.1028713107  -14.8872680957           94 
/work/00115/gebhardt/maverick/vdrp/shifts/20170303v014/xy_exp02.dat  214.814599  52.800679           94   15.2690437782  -14.5976305041           94   214.81477  52.800603           94   15.5059592518  -14.2010812081           94 
/work/00115/gebhardt/maverick/vdrp/shifts/20170303v014/xy_exp03.dat  214.815075  52.800508           94   15.0790024529  -15.4548695139           94   214.81477  52.800603           94   14.5998031548  -16.0275998699           94 
/work/00115/gebhardt/maverick/vdrp/shifts/20170306v018/xy_exp02.dat  189.165311  62.257334           94    18.235908866  -6.83593945405           94  189.165409  62.257307           94    18.061523259  -6.75842335885           94 
/work/00115/gebhardt/maverick/vdrp/shifts/20170306v018/xy_exp03.dat  189.165165  62.257099           94   16.4265582543  -9.23012848997           94  189.165409  62.257307           94   16.7998541295  -8.46295623729           94 
/work/00115/gebhardt/maverick/vdrp/shifts/20170306v021/xy_exp03.dat  189.206668  62.235543           94   23.9098183046   25.5536811235           94   189.20613  62.235184           94   23.3841593887   24.0677354819           94 
/work/00115/gebhardt/maverick/vdrp/shifts/20170321v012/xy_exp01.dat  150.104087  2.227886           94  -12.8346551166   -15.2762550239           94  150.103971  2.227918           94  -12.6942095957  -14.8667757279           94 
/work/00115/gebhardt/maverick/vdrp/shifts/20170321v012/xy_exp01.dat  150.089615  2.225117           94   24.7792823108    22.0708276993           94  150.089705  2.225032           94   24.8491324146   21.6308549875           94 
/work/00115/gebhardt/maverick/vdrp/shifts/20170321v012/xy_exp01.dat  150.094077  2.232908           94  -7.43316347326    24.6526512448           94  150.094191  2.233152           94  -8.38972979976   24.8099504359           94 
/work/00115/gebhardt/maverick/vdrp/shifts/20170321v012/xy_exp02.dat  150.103968  2.227976           94  -13.8866558948   -13.6895698612           94  150.103971  2.227918           94  -13.7203904775    -13.8163368289           94 
/work/00115/gebhardt/maverick/vdrp/shifts/20170321v012/xy_exp02.dat  150.095874  2.220479           94   24.8269206468   -4.88908952182           94  150.095602  2.220139           94   26.3895897047    -4.77228745447           94 
/work/00115/gebhardt/maverick/vdrp/shifts/20170321v012/xy_exp03.dat  150.094031  2.233165           94    -9.77297790068   25.1022260146           94  150.094191  2.233152           94   -10.0592232329   24.6007001926           94 
/work/00115/gebhardt/maverick/vdrp/shifts/20170321v012/xy_exp03.dat  150.095485  2.220602           94     24.6079508795  -4.74372979238           94  150.095602  2.220139           94    25.7462708595  -6.03198624904           94 
/work/00115/gebhardt/maverick/vdrp/shifts/20170321v012/xy_exp03.dat  150.104103   2.22798           94    -14.8159819779  -15.3420025138           94  150.103971  2.227918           94   -14.3637111805  -15.0760248247           94 
/work/00115/gebhardt/maverick/vdrp/shifts/20170322v010/xy_exp01.dat  150.102432  2.420819           94   12.8613835786    -24.663526271           94  150.102083  2.421118           94   12.7037055759   -23.0174665542           94 
/work/00115/gebhardt/maverick/vdrp/shifts/20170322v010/xy_exp01.dat  150.097806  2.426185           94   6.64181413039  0.0616919643043           94  150.097921  2.426097           94    6.6627915723   -0.45889676765           94 
/work/00115/gebhardt/maverick/vdrp/shifts/20170322v010/xy_exp01.dat  150.094903  2.425254           94   15.3925572317    6.67091651181           94  150.094942  2.425176           94    15.541437771    6.39458233113           94 
/work/00115/gebhardt/maverick/vdrp/shifts/20170322v010/xy_exp02.dat  150.101647  2.426055           94    -2.550685002  -10.9340006943           94  150.101958  2.425921           94  -2.80006818564  -12.1263866052           94 
/work/00115/gebhardt/maverick/vdrp/shifts/20170322v010/xy_exp02.dat  150.094732   2.42551           94   13.3696997814   8.27524308517           94  150.094942  2.425176           94   13.9181921311   6.96549306874           94 
/work/00115/gebhardt/maverick/vdrp/shifts/20170322v010/xy_exp02.dat   150.10205  2.421205           94   10.8926619355  -22.1692185556           94  150.102083  2.421118           94   11.0804571371  -22.4465557108           94 
/work/00115/gebhardt/maverick/vdrp/shifts/20170322v010/xy_exp03.dat  150.094833  2.425143           94   14.3112072253    5.62874790966           94  150.094942  2.425176           94    13.988399901   5.37653423697           94 
/work/00115/gebhardt/maverick/vdrp/shifts/20170322v011/xy_exp01.dat  215.024973  52.948649           94    16.8061874018  -4.09436418178           94  215.024928  52.948632           94   16.6923591649  -4.07657886795           94 
/work/00115/gebhardt/maverick/vdrp/shifts/20170322v011/xy_exp01.dat  215.014502  52.949335           94    -3.0947818743  -15.3154716988           94  215.014331  52.949325           94  -3.44985294483  -15.4285940554           94 
/work/00115/gebhardt/maverick/vdrp/shifts/20170322v011/xy_exp02.dat  215.014399  52.949364           94  -4.86763217073  -15.0534923782           94  215.014331  52.949325           94   -5.05853090369   -14.9826026917           94 
/work/00115/gebhardt/maverick/vdrp/shifts/20170322v011/xy_exp03.dat  215.014467  52.949199           94   -4.67056539597   -16.1245354735           94  215.014331  52.949325           94   -4.76286799246   -16.6576927426           94 
/work/00115/gebhardt/maverick/vdrp/shifts/20170322v014/xy_exp01.dat   189.16525  62.257331           94   19.1497911313  -6.68820616375           94  189.165409  62.257307           94   18.9250278833  -6.52104177425           94 
/work/00115/gebhardt/maverick/vdrp/shifts/20170322v014/xy_exp02.dat  189.165359   62.25743           94   18.1683201774    -5.18875599004           94  189.165409  62.257307           94    17.7588226877   -5.37691875182           94 
/work/00115/gebhardt/maverick/vdrp/shifts/20170322v014/xy_exp02.dat  189.177039  62.255263           94  0.472703692634     6.25101434725           94  189.177248  62.255194           94  0.0673628447117    6.39275119148           94 
/work/00115/gebhardt/maverick/vdrp/shifts/20170322v014/xy_exp03.dat  189.165495  62.257306           94   17.3761386531  -6.58486876287           94  189.165409  62.257307           94   17.4625472772  -6.70026795377           94 
/work/00115/gebhardt/maverick/vdrp/shifts/20170322v018/xy_exp01.dat  215.040965  52.963787           94  21.4830210118  -18.5056739675           94  215.040924  52.963852           94   21.6650759278  -18.3338720031           94 
/work/00115/gebhardt/maverick/vdrp/shifts/20170322v018/xy_exp02.dat  215.040823  52.963838           94   21.0179154593  -17.4361541572           94  215.040924  52.963852           94   20.8428185195  -17.2952862697           94 
/work/00115/gebhardt/maverick/vdrp/shifts/20170322v018/xy_exp02.dat  215.051776  52.972933           94   13.9306831725   22.3854350222           94  215.051809  52.972855           94    13.743806198   22.1639758336           94 
/work/00115/gebhardt/maverick/vdrp/shifts/20170322v018/xy_exp03.dat  215.040942  52.963811           94    19.9740826418   -19.398584247           94  215.040924  52.963852           94    20.0735780006  -19.2827830941           94 
/work/00115/gebhardt/maverick/vdrp/shifts/20170322v018/xy_exp03.dat  215.051802  52.972825           94    12.9410601773   20.0726686039           94  215.051809  52.972855           94    12.9745217621   20.1764698061           94 
/work/00115/gebhardt/maverick/vdrp/shifts/20170322v019/xy_exp02.dat  215.033415   52.96005           94    17.500188651    11.3239138711           94  215.032796  52.959998           94   18.6267030304    10.5703523555           94 
/work/00115/gebhardt/maverick/vdrp/shifts/20170322v019/xy_exp03.dat  215.032817  52.959928           94   18.7397008772    9.11564565344           94  215.032796  52.959998           94   18.8905240629   9.32260115385           94 
/work/00115/gebhardt/maverick/vdrp/shifts/20170326v006/xy_exp01.dat  150.093978  2.233035           94  -7.62921012181   25.0358028306           94  150.094191  2.233152           94  -8.40969613174   24.6416659441           94 
/work/00115/gebhardt/maverick/vdrp/shifts/20170326v006/xy_exp01.dat  150.104048   2.22789           94   -12.818324559  -15.3171947485           94  150.103971  2.227918           94   -12.744960656  -15.0317082235           94 
/work/00115/gebhardt/maverick/vdrp/shifts/20170326v006/xy_exp02.dat  150.103962  2.227944           94   -14.1373448003   -14.6054994316           94  150.103971  2.227918           94    -14.0784176783   -14.6851032529           94 
/work/00115/gebhardt/maverick/vdrp/shifts/20170326v006/xy_exp02.dat  150.095546  2.220603           94     24.774277304    -4.5620518872           94  150.095602  2.220139           94     26.0385688172   -5.67218473821           94 
/work/00115/gebhardt/maverick/vdrp/shifts/20170326v006/xy_exp03.dat  150.103964  2.227893           94  -13.9182697128  -16.2032075179           94  150.103971  2.227918           94     -14.0067517282  -16.1731236755           94 
/work/00115/gebhardt/maverick/vdrp/shifts/20170326v006/xy_exp03.dat   150.09612  2.220278           94   24.6443970466   -8.4148030229           94  150.095602  2.220139           94      26.1102362586  -7.16021415482           94 
/work/00115/gebhardt/maverick/vdrp/shifts/20170326v007/xy_exp01.dat  150.198598  2.331658           94  -9.84125540348   11.4689950209           94  150.198382  2.331623           94   -9.2963769801   12.0370158052           94 
/work/00115/gebhardt/maverick/vdrp/shifts/20170326v007/xy_exp01.dat   150.19176   2.32778           94   15.6167502814   23.7890109916           94  150.191804  2.327586           94   16.1017850893   23.2621757749           94 
/work/00115/gebhardt/maverick/vdrp/shifts/20170326v007/xy_exp02.dat  150.191787  2.327666           94     14.150284751   23.9835417403           94  150.191804  2.327586           94   14.3526362542   23.7696783944           94 
/work/00115/gebhardt/maverick/vdrp/shifts/20170326v013/xy_exp01.dat   214.63467  52.791342           94   25.1739356832    -17.25331851           94  214.633903  52.791568           94   27.0312710076  -17.2355500728           94 
/work/00115/gebhardt/maverick/vdrp/shifts/20170326v013/xy_exp02.dat  214.634122  52.791251           94   25.1219278082  -16.7940889255           94  214.633903  52.791568           94   26.0425414119   -15.9681862393           94 
/work/00115/gebhardt/maverick/vdrp/shifts/20170326v013/xy_exp02.dat  214.643295  52.800064           94   20.7154012618   20.4333674314           94  214.643658  52.799767           94   19.5426500648    19.8071914692           94 
/work/00115/gebhardt/maverick/vdrp/shifts/20170326v013/xy_exp03.dat  214.634029  52.791448           94   24.9845687411  -17.6575717393           94  214.633903  52.791568           94   25.4177979133  -17.3852155606           94 
/work/00115/gebhardt/maverick/vdrp/shifts/20170327v012/xy_exp01.dat  214.942446  52.973919           94    6.8058058964  -21.9992586133           94  214.942529  52.973973           94   6.72853567347  -21.7458891137           94 
/work/00115/gebhardt/maverick/vdrp/shifts/20170327v012/xy_exp01.dat  214.942446  52.973919           94    6.8058058964  -21.9992586133           94  214.942529  52.973973           94   6.72853567347  -21.7458891137           94 
/work/00115/gebhardt/maverick/vdrp/shifts/20170328v011/xy_exp01.dat  214.832853  52.825442           94    20.5057701966    15.9063217357           94   214.83287  52.825446           94   20.5454396463    15.9074202893           94 
/work/00115/gebhardt/maverick/vdrp/shifts/20170328v019/xy_exp01.dat  214.787018  52.898055           94   -7.83359468593    13.5465615532           94  214.787058  52.898115           94   -7.81820588798   13.7788656474           94 
/work/00115/gebhardt/maverick/vdrp/shifts/20170328v019/xy_exp01.dat  214.783067  52.900457           94    3.64727690861    17.6183594644           94  214.783408  52.900564           94    3.14702290871   18.2865307977           94 
/work/00115/gebhardt/maverick/vdrp/shifts/20170328v019/xy_exp02.dat  214.783442  52.900443           94    1.54143622106    18.5756794262           94  214.783408  52.900564           94   1.79683835149    18.9361920998           94 
/work/00115/gebhardt/maverick/vdrp/shifts/20170328v019/xy_exp02.dat  214.786873  52.897954           94   -9.05774990638    13.7321444873           94  214.787058  52.898115           94  -9.16843371696    14.4286322197           94 
/work/00115/gebhardt/maverick/vdrp/shifts/20170328v019/xy_exp03.dat  214.783485  52.900499           94   1.88738348265   17.3545211292           94  214.783408  52.900564           94   2.13951503588   17.4928840346           94 
/work/00115/gebhardt/maverick/vdrp/shifts/20170328v019/xy_exp03.dat  214.787109  52.898178           94  -8.82718222174   13.2376530483           94  214.787058  52.898115           94  -8.82572995079   12.9852586815           94 
/work/00115/gebhardt/maverick/vdrp/shifts/20170330v006/xy_exp01.dat  214.958875  52.900951           94  -4.93002364554   6.74223653395           94  214.958855  52.900983           94  -4.92471719325   6.61923597288           94 
/work/00115/gebhardt/maverick/vdrp/shifts/20170330v006/xy_exp02.dat  214.958916   52.90088           94  -5.96598652399   8.33929078802           94  214.958855  52.900983           94  -5.94216567612   7.94626124023           94 
/work/00115/gebhardt/maverick/vdrp/shifts/20170330v006/xy_exp03.dat   214.96999  52.907176           94   24.9316207402  -4.44385982492           94  214.970382   52.90708           94    25.578692652   -3.7918438536           94 
/work/00115/gebhardt/maverick/vdrp/shifts/20170330v006/xy_exp03.dat  214.958872  52.900975           94  -6.03656854237   6.60629759282           94  214.958855  52.900983           94  -6.05920564268   6.56531262168           94 
/work/00115/gebhardt/maverick/vdrp/shifts/20170331v006/xy_exp01.dat  150.101957  2.328386           94  -10.2859763043  -11.1399658894           94  150.102195  2.328336           94    -10.6250795693   -11.9463824067           94 
/work/00115/gebhardt/maverick/vdrp/shifts/20170331v006/xy_exp02.dat  150.102155  2.328507           94  -12.4974287931  -10.9131651394           94  150.102195  2.328336           94   -12.073069616  -11.3817651793           94 
/work/00115/gebhardt/maverick/vdrp/shifts/20170331v006/xy_exp03.dat  150.095452  2.320641           94   24.7824620274  -8.70073303005           94  150.095364  2.320713           94   24.7494252179  -8.29294409536           94 
/work/00115/gebhardt/maverick/vdrp/shifts/20170331v006/xy_exp03.dat  150.102169  2.328297           94   -11.630336966   -12.886716539           94  150.102195  2.328336           94  -11.7990077915  -12.8837347404           94 
/work/00115/gebhardt/maverick/vdrp/shifts/20170331v007/xy_exp01.dat  214.855361   52.82655           94   -3.54014919102   6.71864668894           94  214.855063  52.826534           94   -4.15967650004   6.51941871232           94 
/work/00115/gebhardt/maverick/vdrp/shifts/20170331v007/xy_exp02.dat  214.866665  52.830797           94   23.7639651645   2.74935922806           94  214.866803  52.830821           94    24.0740843411   2.78654278102           94 
/work/00115/gebhardt/maverick/vdrp/shifts/20170331v007/xy_exp02.dat  214.855204  52.826646           94   -5.0152916761   6.81447564481           94  214.855063  52.826534           94   -5.45474330103   7.06651233688           94 
/work/00115/gebhardt/maverick/vdrp/shifts/20170331v007/xy_exp03.dat  214.866844  52.831095           94    24.6130516136   0.458401581476           94  214.866803  52.830821           94    24.1471342055   1.33239407546           94 
/work/00115/gebhardt/maverick/vdrp/shifts/20170331v007/xy_exp03.dat  214.855312  52.826532           94   -4.88558406126    5.82970940236           94  214.855063  52.826534           94   -5.38170679885   5.61226895082           94 
/work/00115/gebhardt/maverick/vdrp/shifts/20170331v008/xy_exp02.dat  215.051948  52.972881           94   16.5355998938   -12.827147103           94  215.051809  52.972855           94   16.2217612028   -12.859870114           94 
/work/00115/gebhardt/maverick/vdrp/shifts/20170331v013/xy_exp01.dat  214.807184  52.901892           94  -10.4967764024   10.3435237674           94  214.806958  52.901811           94  -10.1829025608   9.86671142911           94 
/work/00115/gebhardt/maverick/vdrp/shifts/20170331v013/xy_exp01.dat  214.786824  52.898243           94   23.5276059512  -20.7960651887           94  214.786976  52.898102           94    23.008898681  -21.1084126625           94 
/work/00115/gebhardt/maverick/vdrp/shifts/20170331v013/xy_exp01.dat  214.804217  52.896195           94  -13.6683369515  -10.9187685106           94  214.804451   52.89624           94  -14.0545691413  -10.5509050139           94 
/work/00115/gebhardt/maverick/vdrp/shifts/20170331v013/xy_exp02.dat  214.792723  52.906591           94   23.9784542387   12.2767287599           94  214.793063    52.9061           94    22.541965992    11.0094888353           94 
/work/00115/gebhardt/maverick/vdrp/shifts/20170331v013/xy_exp02.dat  214.807317  52.901821           94  -12.0285749147   10.6838928998           94  214.806958  52.901811           94  -11.3432149252     10.310686196           94 
/work/00115/gebhardt/maverick/vdrp/shifts/20170331v013/xy_exp02.dat  214.787115   52.89811           94   21.5894088302  -20.5068962838           94  214.786976  52.898102           94   21.8483408403   -20.6647014254           94 
/work/00115/gebhardt/maverick/vdrp/shifts/20170331v013/xy_exp02.dat  214.804403  52.896122           94   -15.307001919  -10.5345284844           94  214.804451   52.89624           94  -15.2150433275   -10.1068996552           94 
/work/00115/gebhardt/maverick/vdrp/shifts/20170331v013/xy_exp03.dat  214.787049  52.898077           94   21.8039213516   -22.1840124959           94  214.786976  52.898102           94   21.9858426854  -22.1723291959           94 
/work/00115/gebhardt/maverick/vdrp/shifts/20170331v013/xy_exp03.dat  214.804481  52.896304           94  -15.0354656448   -11.3790132621           94  214.804451   52.89624           94  -15.0775939199  -11.6147132248           94 
/work/00115/gebhardt/maverick/vdrp/shifts/20170331v013/xy_exp03.dat  214.807199  52.901802           94  -11.6906892854    9.00255147965           94  214.806958  52.901811           94   -11.205867786   8.80289150599           94 
/work/00115/gebhardt/maverick/vdrp/shifts/20170418v004/xy_exp01.dat  150.090652  1.936298           94   -4.08890433514   22.0616101444           94   150.09071  1.936652           94   -5.26542763335    22.5940028272           94 
/work/00115/gebhardt/maverick/vdrp/shifts/20170418v004/xy_exp01.dat  150.091437    1.9308           94    10.8230623912   8.74368839183           94  150.091563  1.930908           94     10.248212851    8.58171881961           94 
/work/00115/gebhardt/maverick/vdrp/shifts/20170418v004/xy_exp02.dat  150.091162  1.930965           94   11.4176413982    8.11014097108           94  150.091563  1.930908           94   10.7890553668   6.79537321665           94 
/work/00115/gebhardt/maverick/vdrp/shifts/20170418v004/xy_exp03.dat  150.091293  1.930775           94    10.148026309   7.95688684662           94  150.091563  1.930908           94    9.2111850921   7.41347674233           94 
/work/00115/gebhardt/maverick/vdrp/shifts/20170418v013/xy_exp02.dat  189.356285  62.314147           94  9.18373793752   17.5426007594           94  189.356309  62.313897           94  8.42432643317    17.057926132           94 
/work/00115/gebhardt/maverick/vdrp/shifts/20170418v013/xy_exp03.dat  189.360436  62.307296           94  -16.4310071736   8.84215341378           94  189.360573  62.307287           94  -16.5892998292   9.01105618137           94 
/work/00115/gebhardt/maverick/vdrp/shifts/20170418v013/xy_exp03.dat  189.356292  62.314079           94   7.53352943829    17.210970866           94  189.356309  62.313897           94   6.98112961789   16.8574852983           94 
/work/00115/gebhardt/maverick/vdrp/shifts/20170420v016/xy_exp01.dat  214.061322  53.395093           94    -14.4238008325    17.6003938216           94   214.06104  53.395053           94    -13.948480669    17.1988142134           94 
/work/00115/gebhardt/maverick/vdrp/shifts/20170420v016/xy_exp01.dat  214.052993  53.389695           94    -7.22972290981    -7.8082692262           94  214.053068  53.389682           94   -7.39454490994   -7.77742479551           94 
/work/00115/gebhardt/maverick/vdrp/shifts/20170420v016/xy_exp02.dat  214.052925  53.389875           94  -6.52847716944     -8.8886014283           94  214.053068  53.389682           94   -7.1158278732   -9.37029008637           94 
/work/00115/gebhardt/maverick/vdrp/shifts/20170420v016/xy_exp03.dat   214.05314  53.389695           94   -8.90861066806   -8.81536375302           94  214.053068  53.389682           94   -8.79174891235  -8.92684610942           94 
/work/00115/gebhardt/maverick/vdrp/shifts/20170420v017/xy_exp01.dat  215.144762  52.390282           94    8.81873333058  -17.3119691609           94  215.144545  52.390787           94    10.0094649272  -15.8578070603           94 
/work/00115/gebhardt/maverick/vdrp/shifts/20170420v017/xy_exp01.dat  215.160929  52.395806           94   -15.1821034123   15.5647350651           94  215.160877  52.395879           94   -14.9687396453   15.7560165953           94 
/work/00115/gebhardt/maverick/vdrp/shifts/20170420v017/xy_exp02.dat  215.160914  52.395883           94   -14.7821096859   14.3001693555           94  215.160877  52.395879           94   -14.7142272669   14.2532052519           94 
/work/00115/gebhardt/maverick/vdrp/shifts/20170420v017/xy_exp03.dat  215.136962  52.391016           94    24.3102368817  -22.6908899082           94  215.137273  52.390895           94    23.5076366316  -22.8023546753           94 
/work/00115/gebhardt/maverick/vdrp/shifts/20170420v017/xy_exp03.dat   215.16063  52.395986           94   -15.5031802378   15.2367025108           94  215.160877  52.395879           94   -16.1569431917   15.1126878138           94 
/work/00115/gebhardt/maverick/vdrp/shifts/20170421v016/xy_exp01.dat   214.05237   53.22538           94   -3.59260547864  0.760226079344           94  214.053193  53.225369           94    -5.19891973313   1.51353426703           94 
/work/00115/gebhardt/maverick/vdrp/shifts/20170421v016/xy_exp01.dat  214.052924  53.221187           94   -11.3746893398  -12.2289652872           94  214.053095  53.221204           94    -11.6776006085  -12.0102432045           94 
/work/00115/gebhardt/maverick/vdrp/shifts/20170421v016/xy_exp02.dat  214.053165  53.221286           94  -11.2822999105   -13.2032934733           94  214.053095  53.221204           94  -11.2784343386    -13.5347948989           94 
/work/00115/gebhardt/maverick/vdrp/shifts/20170421v016/xy_exp02.dat  214.052626  53.225495           94  -3.50360357497  -0.148107542575           94  214.053193  53.225369           94   -4.7998441985  -0.0109743132811           94 
/work/00115/gebhardt/maverick/vdrp/shifts/20170421v016/xy_exp03.dat  214.053132  53.221214           94  -12.7172228575  -12.8606374414           94  214.053095  53.221204           94  -12.6618014323  -12.9283473513           94 
/work/00115/gebhardt/maverick/vdrp/shifts/20170421v016/xy_exp03.dat  214.052471   53.22546           94  -4.64366322732  0.196853638679           94  214.053193  53.225369           94  -6.18307908622  0.595409952626           94 
/work/00115/gebhardt/maverick/vdrp/shifts/20170421v017/xy_exp01.dat  214.052427  53.225439           94   -3.45458897588  0.872463856544           94  214.053193  53.225369           94  -5.04554974869   1.38019255706           94 
/work/00115/gebhardt/maverick/vdrp/shifts/20170421v017/xy_exp01.dat  214.053047   53.22127           94   -11.3199691138  -11.9795679652           94  214.053095  53.221204           94  -11.5182231377  -12.1464611956           94 
/work/00115/gebhardt/maverick/vdrp/shifts/20170421v017/xy_exp02.dat  214.053152  53.221266           94   -12.4448099702   -10.8751990702           94  214.053095  53.221204           94   -12.4339143733    -11.129746015           94 
/work/00115/gebhardt/maverick/vdrp/shifts/20170421v017/xy_exp02.dat   214.05261  53.225488           94   -4.64513385904    2.22238049241           94  214.053193  53.225369           94   -5.96112949431    2.39685457726           94 
/work/00115/gebhardt/maverick/vdrp/shifts/20170421v017/xy_exp03.dat  214.053055  53.221261           94  -12.9589246304  -12.2878735747           94  214.053095  53.221204           94  -13.1273365571  -12.4334001459           94 
/work/00115/gebhardt/maverick/vdrp/shifts/20170421v017/xy_exp03.dat  214.052491  53.225503           94  -5.08479515244  0.853150823351           94  214.053193  53.225369           94  -6.65454799463   1.09319830696           94 
/work/00115/gebhardt/maverick/vdrp/shifts/20170423v008/xy_exp01.dat  214.083063  52.359999           94   -3.7594221171    22.0620648059           94  214.082941  52.359995           94  -4.01369430291   21.9754938002           94 
/work/00115/gebhardt/maverick/vdrp/shifts/20170423v008/xy_exp02.dat  214.083172  52.359979           94    -4.29383749273   23.0888850984           94  214.082941  52.359995           94   -4.74366748982   22.8462117743           94 
/work/00115/gebhardt/maverick/vdrp/shifts/20170423v008/xy_exp03.dat  214.083138  52.360043           94  -4.81142204265   21.7017608038           94  214.082941  52.359995           94  -5.27772790417    21.7007468641           94 
/work/00115/gebhardt/maverick/vdrp/shifts/20170423v015/xy_exp01.dat  215.144287  52.728909           94   24.0950494862  -0.586512769729           94  215.144846  52.728728           94   22.7147328904  -0.653666847414           94 
/work/00115/gebhardt/maverick/vdrp/shifts/20170423v015/xy_exp01.dat   215.14843    52.7215           94   4.51269609436   -20.8237753636           94  215.148446  52.721427           94   4.36865028796   -21.0463335384           94 
/work/00115/gebhardt/maverick/vdrp/shifts/20170423v015/xy_exp02.dat  215.148596  52.721492           94   2.69721850188   -20.1946967191           94  215.148446  52.721427           94   2.89260689297   -20.5462030472           94 
/work/00115/gebhardt/maverick/vdrp/shifts/20170423v015/xy_exp02.dat  215.144768  52.728673           94   21.3078027056  -0.405455752261           94  215.144846  52.728728           94   21.2388903396  -0.153717136924           94 
/work/00115/gebhardt/maverick/vdrp/shifts/20170423v015/xy_exp03.dat  215.152608  52.734636           94   15.3491470255   24.8971911204           94   215.15279  52.734779           94   15.2110712455   25.5322893454           94 
/work/00115/gebhardt/maverick/vdrp/shifts/20170423v015/xy_exp03.dat   215.14838  52.721466           94   3.37836233064  -21.8957355528           94  215.148446  52.721427           94   3.18819526074  -21.9610001153           94 
/work/00115/gebhardt/maverick/vdrp/shifts/20170423v016/xy_exp01.dat   215.70895  52.395531           94  -2.93854859581   10.7151515761           94  215.708828  52.395502           94  -2.73840819024    10.5085864887           94 
/work/00115/gebhardt/maverick/vdrp/shifts/20170423v016/xy_exp02.dat   215.70893  52.395504           94  -4.56665831858   10.9583864069           94  215.708828  52.395502           94  -4.36596319318    10.858486403           94 
/work/00115/gebhardt/maverick/vdrp/shifts/20170423v016/xy_exp03.dat  215.708784  52.395536           94   -3.7028457872   9.38239699535           94  215.708828  52.395502           94  -3.84170966929   9.31139544441           94 
/work/00115/gebhardt/maverick/vdrp/shifts/20170424v009/xy_exp01.dat  214.355222  52.368363           94   0.960575955185  -8.49075691321           94  214.355103  52.368214           94  0.517801451707   -8.0906344714           94 
/work/00115/gebhardt/maverick/vdrp/shifts/20170424v009/xy_exp02.dat  214.355195  52.368207           94  -0.619533412046  -7.55069626838           94  214.355103  52.368214           94  -0.797764652983   -7.6495093932           94 
/work/00115/gebhardt/maverick/vdrp/shifts/20170424v009/xy_exp03.dat  214.355123  52.368194           94  -0.449185517982   -8.98378588902           94  214.355103  52.368214           94  -0.46311820662  -9.06698797073           94 
/work/00115/gebhardt/maverick/vdrp/shifts/20170427v003/xy_exp01.dat  214.090359  52.868347           94    16.3880028786   4.29251843584           94  214.090264  52.868347           94   16.1979102074   4.21198497457           94 
/work/00115/gebhardt/maverick/vdrp/shifts/20170427v003/xy_exp02.dat  214.090074  52.868334           94   14.5409660664    4.4991729369           94  214.090264  52.868347           94  14.9394066915   4.61715074195           94 
/work/00115/gebhardt/maverick/vdrp/shifts/20170427v003/xy_exp03.dat  214.090244  52.868466           94   15.0370155805    2.9421175295           94  214.090264  52.868347           94   14.9099160959   3.35353251155           94 
/work/00115/gebhardt/maverick/vdrp/shifts/20170427v004/xy_exp01.dat  214.487916  52.654017           94   15.4579445052   -15.4226801607           94  214.487773  52.653982           94   15.1212053768  -15.4256914579           94 
/work/00115/gebhardt/maverick/vdrp/shifts/20170427v004/xy_exp01.dat  214.491556  52.651159           94   18.8686120752   -2.87588047292           94  214.491399  52.651104           94   18.4760692282  -2.82404657625           94 
/work/00115/gebhardt/maverick/vdrp/shifts/20170427v004/xy_exp01.dat    214.4985  52.645447           94   25.0206253625    21.9239207575           94  214.498373  52.646038           94   25.5776860796   19.8518818918           94 
/work/00115/gebhardt/maverick/vdrp/shifts/20170427v004/xy_exp02.dat  214.487607  52.654015           94   13.4117255985   -15.4436390209           94  214.487773  52.653982           94    13.701251316   -15.1952243483           94 
/work/00115/gebhardt/maverick/vdrp/shifts/20170427v004/xy_exp02.dat  214.491465  52.651145           94   17.2456483712   -2.67481462096           94  214.491399  52.651104           94   17.0560171444   -2.59355339151           94 
/work/00115/gebhardt/maverick/vdrp/shifts/20170427v004/xy_exp02.dat  214.498072  52.646083           94   23.6118768069    19.6813792535           94  214.498373  52.646038           94   24.1574576051    20.0824302631           94 
/work/00115/gebhardt/maverick/vdrp/shifts/20170427v004/xy_exp03.dat   214.48777  52.654035           94   14.1218967196  -17.1367533386           94  214.487773  52.653982           94   14.0549786921  -16.9579525798           94 
/work/00115/gebhardt/maverick/vdrp/shifts/20170427v004/xy_exp03.dat   214.49838  52.646266           94   24.8390382857     17.56712161           94  214.498373  52.646038           94   24.5111063399   18.3197242907           94 
/work/00115/gebhardt/maverick/vdrp/shifts/20170427v004/xy_exp03.dat  214.491339  52.651098           94   17.2803758882   -4.3864265775           94  214.491399  52.651104           94    17.409716437  -4.35627450693           94 
/work/00115/gebhardt/maverick/vdrp/shifts/20170427v005/xy_exp01.dat  214.355227  52.527149           94  -12.9404225745    15.357817724           94  214.355092  52.527161           94  -13.1977785703   15.2059678392           94 
/work/00115/gebhardt/maverick/vdrp/shifts/20170427v005/xy_exp01.dat  214.361556  52.539182           94   16.2761316202    -19.49923469           94  214.361805  52.539215           94   16.8257699083  -19.4029907377           94 
/work/00115/gebhardt/maverick/vdrp/shifts/20170427v005/xy_exp02.dat  214.361674  52.539206           94    14.976349991  -18.9958696926           94  214.361805  52.539215           94    15.254131071  -18.9173683347           94 
/work/00115/gebhardt/maverick/vdrp/shifts/20170427v005/xy_exp02.dat  214.355105  52.527208           94  -14.6793262224   15.5454973056           94  214.355092  52.527161           94  -14.7696957748   15.6913493376           94 
/work/00115/gebhardt/maverick/vdrp/shifts/20170427v005/xy_exp03.dat   214.36178  52.539154           94   15.5524954425  -20.3082495792           94  214.361805  52.539215           94   15.6862309353  -20.4908299987           94 
/work/00115/gebhardt/maverick/vdrp/shifts/20170427v005/xy_exp03.dat  214.355141  52.527222           94  -14.1552150761   13.9551735329           94  214.355092  52.527161           94  -14.3376388167   14.1178492199           94 
/work/00115/gebhardt/maverick/vdrp/shifts/20170427v013/xy_exp01.dat  214.329718  53.231255           94   4.58227360479     19.183360885           94  214.329602   53.23122           94   4.75007605578   18.9592991112           94 
/work/00115/gebhardt/maverick/vdrp/shifts/20170427v013/xy_exp02.dat  214.329576  53.231181           94    3.4166245622   19.1032322541           94  214.329602   53.23122           94   3.42891804414    19.2538984175           94 
/work/00115/gebhardt/maverick/vdrp/shifts/20170427v013/xy_exp03.dat  214.329533  53.231237           94    3.7755682207   17.8234644684           94  214.329602   53.23122           94    3.6151775707   17.8348131165           94 
/work/00115/gebhardt/maverick/vdrp/shifts/20170427v014/xy_exp01.dat  214.329693  52.731105           94  -6.16641075292   21.0440439751           94  214.329725  52.731079           94  -6.26951203658   20.9892934526           94 
/work/00115/gebhardt/maverick/vdrp/shifts/20170427v014/xy_exp01.dat  214.316131  52.722989           94   8.06033687143  -18.0141298536           94  214.316343  52.723061           94    7.7533664004  -17.5821268776           94 
/work/00115/gebhardt/maverick/vdrp/shifts/20170427v014/xy_exp02.dat  214.316298  52.723053           94    6.60777927145  -17.0719199493           94  214.316343  52.723061           94    6.53140711981  -17.0039202265           94 
/work/00115/gebhardt/maverick/vdrp/shifts/20170427v014/xy_exp02.dat  214.329684    52.7311           94   -7.37800652816   21.5977065984           94  214.329725  52.731079           94   -7.49113959759   21.5676211569           94 
/work/00115/gebhardt/maverick/vdrp/shifts/20170427v014/xy_exp03.dat  214.329723  52.731029           94   -7.61229540566   19.8724377738           94  214.329725  52.731079           94   -7.53921722107     20.03699412           94 
/work/00115/gebhardt/maverick/vdrp/shifts/20170428v005/xy_exp01.dat  214.632471  52.366191           94  -6.61136312569  -1.51455840084           94  214.632457  52.366141           94  -6.70712863297   -1.3590713676           94 
/work/00115/gebhardt/maverick/vdrp/shifts/20170428v005/xy_exp01.dat  214.625875  52.370117           94  -14.7825513113  -20.0403593262           94  214.625853  52.370126           94  -14.8153060665  -20.0884761108           94 
/work/00115/gebhardt/maverick/vdrp/shifts/20170428v005/xy_exp02.dat  214.644318  52.372754           94    25.2144140112   -13.2044557029           94  214.643743  52.372795           94     24.0970783386   -13.8131364543           94 
/work/00115/gebhardt/maverick/vdrp/shifts/20170428v005/xy_exp02.dat  214.632365   52.36615           94   -8.03529253004  -0.958466102322           94  214.632457  52.366141           94    -7.85978657034  -0.852888553324           94 
/work/00115/gebhardt/maverick/vdrp/shifts/20170428v005/xy_exp02.dat  214.626007  52.370207           94   -15.5449483743   -19.7264012972           94  214.625853  52.370126           94    -15.9678603597   -19.5823382327           94 
/work/00115/gebhardt/maverick/vdrp/shifts/20170428v005/xy_exp03.dat  214.626033  52.370078           94   -15.5806776446  -20.4820375282           94  214.625853  52.370126           94    -15.8831408774  -20.7901107911           94 
/work/00115/gebhardt/maverick/vdrp/shifts/20170428v005/xy_exp03.dat  214.632459  52.366216           94   -7.67020562981   -2.3094686578           94  214.632457  52.366141           94    -7.77511124468  -2.06064239264           94 
/work/00115/gebhardt/maverick/vdrp/shifts/20170428v019/xy_exp02.dat  214.044221  52.732796           94   15.1896769888   19.6541026836           94  214.044332  52.732949           94   15.2058718014   20.2554931534           94 
/work/00115/gebhardt/maverick/vdrp/shifts/20170428v020/xy_exp01.dat  214.594378  53.390929           94   19.1109693039  -12.1409228282           94  214.594149  53.390905           94   19.5107277021  -12.4398571366           94 
/work/00115/gebhardt/maverick/vdrp/shifts/20170428v020/xy_exp01.dat  214.599502  53.396429           94   18.2292806461   10.4922829474           94  214.599407  53.396398           94   18.3608995424   10.3006657925           94 
/work/00115/gebhardt/maverick/vdrp/shifts/20170428v020/xy_exp02.dat   214.59421  53.391009           94   18.4455277927  -11.9254911645           94  214.594149  53.390905           94   18.3934631968  -12.3187032272           94 
/work/00115/gebhardt/maverick/vdrp/shifts/20170428v020/xy_exp03.dat  214.594804  53.391101           94    17.590699969   -12.1709931673           94  214.594149  53.390905           94   18.5272366106   -13.4351791727           94 
/work/00115/gebhardt/maverick/vdrp/shifts/20170428v020/xy_exp03.dat  214.599478   53.39629           94   17.0660089322    9.02716444651           94  214.599407  53.396398           94   17.3774720708    9.30534657621           94 
/work/00115/gebhardt/maverick/vdrp/shifts/20170502v009/xy_exp01.dat  214.604567  53.063157           94    4.29991544628   13.7006223984           94   214.60464  53.063245           94    4.29771826376   14.0545978603           94 
/work/00115/gebhardt/maverick/vdrp/shifts/20170502v009/xy_exp01.dat  214.606031  53.054312           94   -12.5727252712  -13.4888141497           94  214.605953  53.054385           94   -12.3054246808  -13.3272585092           94 
/work/00115/gebhardt/maverick/vdrp/shifts/20170502v009/xy_exp02.dat  214.605956  53.054215           94   -13.7269517082  -13.3113067509           94  214.605953  53.054385           94   -13.4514760696  -12.7647711027           94 
/work/00115/gebhardt/maverick/vdrp/shifts/20170502v009/xy_exp02.dat  214.604732  53.063227           94    2.94467119955   14.6464664933           94   214.60464  53.063245           94    3.15189201104    14.616948848           94 
/work/00115/gebhardt/maverick/vdrp/shifts/20170502v009/xy_exp03.dat  214.604588  53.063359           94    3.57702132325   13.2613843145           94   214.60464  53.063245           94    3.29521918732   12.9425242931           94 
/work/00115/gebhardt/maverick/vdrp/shifts/20170502v009/xy_exp03.dat  214.605969  53.054266           94   -13.5278271144  -14.8086116559           94  214.605953  53.054385           94   -13.3079960215  -14.4392874567           94 
/work/00115/gebhardt/maverick/vdrp/shifts/20170502v010/xy_exp01.dat  214.882295  53.060267           94  -4.86364201629     6.89377626574           94  214.882258  53.060352           94  -4.65731810887     7.1335155501           94 
/work/00115/gebhardt/maverick/vdrp/shifts/20170502v010/xy_exp02.dat  214.882181  53.060244           94  -5.41581733549    7.27195534221           94  214.882258  53.060352           94  -5.39469480549    7.69441553576           94 
/work/00115/gebhardt/maverick/vdrp/shifts/20170502v010/xy_exp03.dat  214.882003  53.060439           94   -4.98004244247   6.39768417551           94  214.882258  53.060352           94   -5.6132381184   6.35864586925           94 
/work/00115/gebhardt/maverick/vdrp/shifts/20170502v011/xy_exp01.dat  215.435719  53.388284           94  -4.27455506408  -13.3632941589           94  215.435758    53.3885           94  -3.99902181139  -12.6313394999           94 
/work/00115/gebhardt/maverick/vdrp/shifts/20170502v011/xy_exp01.dat  215.430571  53.396046           94   18.1793290644    6.6064560892           94  215.430474    53.3961           94    18.452793321   6.68623656932           94 
/work/00115/gebhardt/maverick/vdrp/shifts/20170502v011/xy_exp02.dat  215.435892  53.388604           94  -5.31991712858  -11.4648376883           94  215.435758    53.3885           94  -5.23172714876   -11.928699937           94 
/work/00115/gebhardt/maverick/vdrp/shifts/20170502v011/xy_exp02.dat  215.430305  53.396063           94   17.4841654009   7.10634428888           94  215.430474    53.3961           94   17.2202664663   7.38866873738           94 
/work/00115/gebhardt/maverick/vdrp/shifts/20170502v011/xy_exp03.dat  215.435519  53.388638           94   -4.45893681469  -13.2541308151           94  215.435758    53.3885           94   -5.14085067046  -13.4665159326           94 
/work/00115/gebhardt/maverick/vdrp/shifts/20170502v011/xy_exp03.dat  215.430439   53.39615           94     17.459198378   5.97783362998           94  215.430474    53.3961           94    17.3110453145   5.85096538076           94 
/work/00115/gebhardt/maverick/vdrp/shifts/20170502v012/xy_exp01.dat  215.436211  52.398471           94  -5.68326511236   23.6858334009           94  215.436222  52.398519           94   -5.6333987044   23.8530375025           94 
/work/00115/gebhardt/maverick/vdrp/shifts/20170502v012/xy_exp02.dat  215.436512  52.398502           94   -7.6565981325    24.7106295836           94  215.436222  52.398519           94  -7.05180582993   24.5014435933           94 
/work/00115/gebhardt/maverick/vdrp/shifts/20170502v012/xy_exp03.dat  215.436049  52.398313           94  -6.36405000861   22.1841290729           94  215.436222  52.398519           94  -6.40134154927   23.0165914473           94 
/work/00115/gebhardt/maverick/vdrp/shifts/20170503v008/xy_exp01.dat  214.319847  52.397406           94   9.18528560156   12.4320721195           94  214.320053  52.397414           94   8.78607471064   12.6470751915           94 
/work/00115/gebhardt/maverick/vdrp/shifts/20170503v008/xy_exp01.dat  214.321878  52.399619           94    8.4556098196   21.5337802943           94  214.321937  52.399566           94   8.25821332055   21.4144712673           94 
/work/00115/gebhardt/maverick/vdrp/shifts/20170503v008/xy_exp02.dat  214.321939  52.399525           94   6.64543302851    21.7549922335           94  214.321937  52.399566           94     6.7110230803   21.8872916783           94 
/work/00115/gebhardt/maverick/vdrp/shifts/20170503v008/xy_exp02.dat  214.319783  52.397433           94    7.8063265681     12.934548874           94  214.320053  52.397414           94    7.23879608264   13.1198902213           94 
/work/00115/gebhardt/maverick/vdrp/shifts/20170503v008/xy_exp03.dat    214.3199  52.397389           94     7.9447365928    11.270581178           94  214.320053  52.397414           94    7.67686655629   11.4926196844           94 
/work/00115/gebhardt/maverick/vdrp/shifts/20170503v008/xy_exp03.dat  214.321874  52.399525           94    7.21319376065   20.0681339521           94  214.321937  52.399566           94    7.14903421637   20.2600173267           94 
/work/00115/gebhardt/maverick/vdrp/shifts/20170503v009/xy_exp03.dat  214.590456  52.559438           94   17.3461233781  -10.4370249177           94   214.59011  52.559431           94   18.0218364561    -10.7797679028           94 
/work/00115/gebhardt/maverick/vdrp/shifts/20170503v010/xy_exp01.dat  215.698803  52.895934           94    24.6803313224  0.227518786106           94  215.699404  52.895827           94     23.337048488  0.445665161814           94 
/work/00115/gebhardt/maverick/vdrp/shifts/20170503v010/xy_exp01.dat  215.711318  52.894309           94   -2.35112941032   6.72959256729           94  215.711334  52.894513           94   -2.06424014786   7.40653319528           94 
/work/00115/gebhardt/maverick/vdrp/shifts/20170503v010/xy_exp02.dat  215.711502   52.89458           94  -3.47223670169   9.03013895042           94  215.711334  52.894513           94  -3.24791221088   8.65466033585           94 
/work/00115/gebhardt/maverick/vdrp/shifts/20170503v010/xy_exp02.dat  215.699129  52.896026           94   23.0019116754   2.08055169356           94  215.699404  52.895827           94   22.1533049813    1.6935306045           94 
/work/00115/gebhardt/maverick/vdrp/shifts/20170503v010/xy_exp03.dat   215.69929  52.895804           94   21.7647292463  0.110864383823           94  215.699404  52.895827           94    21.577443441  0.292733066462           94 
/work/00115/gebhardt/maverick/vdrp/shifts/20170519v008/xy_exp01.dat  215.164734  53.391557           94  -12.1231973393  -4.92169106992           94  215.164859  53.391552           94   -12.3708570952  -4.81679600572           94 
/work/00115/gebhardt/maverick/vdrp/shifts/20170519v008/xy_exp02.dat  215.164633  53.391611           94  -13.1967118126  -4.24247697238           94  215.164859  53.391552           94  -13.7255514825  -4.21337049163           94 
/work/00115/gebhardt/maverick/vdrp/shifts/20170519v008/xy_exp03.dat  215.164733  53.391551           94  -13.5161923729   -5.73466581697           94  215.164859  53.391552           94  -13.7560314429  -5.60952043449           94 
/work/00115/gebhardt/maverick/vdrp/shifts/20170522v005/xy_exp02.dat  215.693227  52.559322           94    24.7662863737   -22.2600266593           94  215.693367    52.5592           94   24.3025011673  -22.5277639246           94 
/work/00115/gebhardt/maverick/vdrp/shifts/20170523v008/xy_exp01.dat  215.436229  52.398362           94  -5.19584930575   13.2940558399           94  215.436222  52.398519           94   -4.9455755696   13.8010592297           94 
/work/00115/gebhardt/maverick/vdrp/shifts/20170523v008/xy_exp02.dat  215.436341  52.398269           94  -6.40205840202   13.6788083715           94  215.436222  52.398519           94  -5.78831659549   14.3870833206           94 
/work/00115/gebhardt/maverick/vdrp/shifts/20170523v008/xy_exp03.dat  215.436267  52.398514           94  -6.38182746174     13.174120415           94  215.436222  52.398519           94  -6.28450886836    13.1491439964           94 
/work/00115/gebhardt/maverick/vdrp/shifts/20170525v013/xy_exp01.dat  214.605958   53.05425           94   -13.0115122384   -22.2699388496           94  214.605953  53.054385           94   -12.7879801435   -21.8382588865           94 
/work/00115/gebhardt/maverick/vdrp/shifts/20170525v013/xy_exp01.dat  214.604686  53.063194           94    3.62540884231    5.43437782199           94   214.60464  53.063245           94    3.79554817198    5.55547661302           94 
/work/00115/gebhardt/maverick/vdrp/shifts/20170525v013/xy_exp02.dat  214.605918  53.054241           94  -14.2097371196  -21.5185462226           94  214.605953  53.054385           94   -14.0496719113  -21.0196929335           94 
/work/00115/gebhardt/maverick/vdrp/shifts/20170525v013/xy_exp02.dat  214.604585  53.063277           94   2.69165283639   6.42498963968           94   214.60464  53.063245           94    2.53411984759   6.37388329118           94 
/work/00115/gebhardt/maverick/vdrp/shifts/20170525v013/xy_exp03.dat  214.606024   53.05419           94   -14.5886289383  -23.1008154811           94  214.605953  53.054385           94   -14.1418158757  -22.5379952066           94 
/work/00115/gebhardt/maverick/vdrp/shifts/20170525v013/xy_exp03.dat  214.604702  53.063249           94    2.32775672282   4.92758287033           94   214.60464  53.063245           94    2.44187258212   4.85564272019           94 
/work/00115/gebhardt/maverick/vdrp/shifts/20170525v014/xy_exp01.dat  215.698984  52.895844           94   24.4713265426   -8.17477361939           94  215.699404  52.895827           94    23.6226905744  -7.83483115687           94 
/work/00115/gebhardt/maverick/vdrp/shifts/20170525v014/xy_exp01.dat  215.711436  52.894507           94  -1.98741329242  -0.796740510856           94  215.711334  52.894513           94    -1.7784045779  -0.87326405568           94 
/work/00115/gebhardt/maverick/vdrp/shifts/20170525v014/xy_exp02.dat  215.711474  52.894452           94  -3.54129748767  -0.229380853698           94  215.711334  52.894513           94  -3.17211259882  -0.16322272871           94 
/work/00115/gebhardt/maverick/vdrp/shifts/20170525v014/xy_exp02.dat  215.699043  52.896081           94   23.3316362547   -6.64048915843           94  215.699404  52.895827           94   22.2289129084  -7.12504444122           94 
/work/00115/gebhardt/maverick/vdrp/shifts/20170525v014/xy_exp03.dat  215.699427  52.895656           94   21.8805596982  -8.83888891253           94  215.699404  52.895827           94   22.1922406137  -8.30567647516           94 
/work/00115/gebhardt/maverick/vdrp/shifts/20170525v014/xy_exp03.dat  215.710823  52.894507           94  -2.21796392278   -1.8442955278           94  215.711334  52.894513           94  -3.20880595113  -1.34393257867           94 
/work/00115/gebhardt/maverick/vdrp/shifts/20170529v009/xy_exp01.dat  214.870052  52.723289           94   9.23322382567  -24.6818311446           94  214.870135  52.723375           94    9.2022771174    -24.32455512           94 
/work/00115/gebhardt/maverick/vdrp/shifts/20170529v009/xy_exp01.dat  214.870398  52.727377           94   14.8542061202  -11.0598270531           94  214.870947  52.727382           94   13.7803117199  -10.5309543628           94 
/work/00115/gebhardt/maverick/vdrp/shifts/20170529v009/xy_exp02.dat  214.870059  52.723252           94   7.98019272426  -24.2353878955           94  214.870135  52.723375           94   8.02008676239  -23.7642815249           94 
/work/00115/gebhardt/maverick/vdrp/shifts/20170529v009/xy_exp03.dat  214.870257  52.723399           94    7.7376865432  -24.8096618465           94  214.870135  52.723375           94   7.94106250587   -25.0016603279           94 
/work/00115/gebhardt/maverick/vdrp/shifts/20170617v008/xy_exp02.dat  214.679555  52.782325           94     23.501762024   6.91120881191           94  214.680238   52.78232           94    22.1517436741    7.53532679685           94 
/work/00115/gebhardt/maverick/vdrp/shifts/20170617v008/xy_exp03.dat  214.679776   52.78257           94    23.3811441409   6.51005168306           94  214.680238   52.78232           94    22.0856734069    6.13091000484           94 
/work/00115/gebhardt/maverick/vdrp/shifts/20170617v009/xy_exp01.dat  215.436588  52.900399           94      4.9515340874   19.8506609673           94  215.436799  52.900295           94     4.3762093764   19.7123891894           94 
/work/00115/gebhardt/maverick/vdrp/shifts/20170617v009/xy_exp02.dat  215.436894  52.900164           94      2.632121941   19.8698316468           94  215.436799  52.900295           94     3.02275747914   20.2050477835           94 
/work/00115/gebhardt/maverick/vdrp/shifts/20170617v009/xy_exp03.dat  215.436803  52.900358           94   2.96616468934   19.0053880358           94  215.436799  52.900295           94    2.87549393568    18.7973187476           94 
/work/00115/gebhardt/maverick/vdrp/shifts/20170621v007/xy_exp01.dat  214.684173  52.762373           94    -13.8541797447  -4.28041460042           94  214.684229  52.762505           94   -13.7599204847  -3.79894419483           94 
/work/00115/gebhardt/maverick/vdrp/shifts/20170621v007/xy_exp02.dat  214.684514  52.762529           94    -15.596568302  -2.30976780738           94  214.684229  52.762505           94   -15.0732438479  -2.65481351955           94 
/work/00115/gebhardt/maverick/vdrp/shifts/20170621v008/xy_exp02.dat  215.424101  53.063394           94   24.7734533789  -4.11039685596           94  215.424211  53.063636           94   24.9422467632  -3.22319234994           94 
/work/00115/gebhardt/maverick/vdrp/shifts/20170621v008/xy_exp03.dat  215.424062   53.06367           94    25.1993395751  -4.61509344342           94  215.424211  53.063636           94   24.8559945424  -4.58350639203           94 
/work/00115/gebhardt/maverick/vdrp/shifts/20170625v006/xy_exp01.dat  215.423919  52.560308           94   18.0963029697   -7.37229287077           94   215.42398  52.560218           94    17.838221076  -7.60934297951           94 
/work/00115/gebhardt/maverick/vdrp/shifts/20170625v006/xy_exp02.dat  215.424012  52.560268           94   16.4159019435    -7.02439191085           94   215.42398  52.560218           94   16.4031699221   -7.21711646852           94 
/work/00115/gebhardt/maverick/vdrp/shifts/20170625v006/xy_exp03.dat  215.424165   52.56025           94   16.0845806213   -8.1331722942           94   215.42398  52.560218           94   16.4026521708  -8.40890677715           94 
/work/00115/gebhardt/maverick/vdrp/shifts/20170626v003/xy_exp01.dat  214.691752  52.753849           94    10.9646565663   -16.563374108           94   214.69173  52.753862           94    11.0280375534   -16.5416744826           94 
/work/00115/gebhardt/maverick/vdrp/shifts/20170626v003/xy_exp01.dat  214.693922  52.756219           94    10.3558856353  -6.82792249989           94  214.694012  52.756167           94     10.098432506    -6.9128474196           94 
/work/00115/gebhardt/maverick/vdrp/shifts/20170626v003/xy_exp02.dat  214.693451  52.756168           94   9.95414050614  -6.56129400814           94  214.694012  52.756167           94   8.84861435805   -6.03995471101           94 
/work/00115/gebhardt/maverick/vdrp/shifts/20170626v003/xy_exp02.dat  214.691652  52.753914           94   10.0119716922  -15.5726435645           94   214.69173  52.753862           94   9.77812720106   -15.6687908008           94 
/work/00115/gebhardt/maverick/vdrp/shifts/20170626v003/xy_exp03.dat  214.693695  52.756142           94   9.27765521754    -8.0174969564           94  214.694012  52.756167           94   8.69246335933  -7.63978181622           94 
/work/00115/gebhardt/maverick/vdrp/shifts/20170626v003/xy_exp03.dat  214.691906  52.753811           94   9.19684473564   -17.2698714988           94   214.69173  52.753862           94   9.62200961593  -17.2686144351           94 
/work/00115/gebhardt/maverick/vdrp/shifts/20170628v005/xy_exp01.dat  215.102098  53.033485           94  -2.65283603279   -2.6378008337           94  215.102017  53.033405           94  -2.62160842748  -2.97353622766           94 
/work/00115/gebhardt/maverick/vdrp/shifts/20170628v005/xy_exp02.dat  215.102147  53.033452           94   -4.18254841147  -2.22348601453           94  215.102017  53.033405           94   -4.00387948663  -2.49900395294           94 
/work/00115/gebhardt/maverick/vdrp/shifts/20170628v005/xy_exp03.dat  215.101977  53.033374           94   -3.96548582343  -3.80371786469           94  215.102017  53.033405           94    -3.9943406661  -3.66544044638           94 
/work/00115/gebhardt/maverick/vdrp/shifts/20170629v004/xy_exp01.dat  215.123139  53.037341           94   6.48412029639   -21.8866239831           94   215.12304  53.037373           94   6.72723346035   -21.877021099           94 
/work/00115/gebhardt/maverick/vdrp/shifts/20170629v004/xy_exp02.dat  215.123053  53.037487           94    5.67285939293    -20.6658609765           94   215.12304  53.037373           94    5.51824896101   -21.0470650315           94 
/work/00115/gebhardt/maverick/vdrp/shifts/20170629v004/xy_exp02.dat  215.135122   53.04395           94   -7.60475235079     11.6989108335           94  215.135172   53.04393           94   -7.73358225399    11.6816566382           94 
/work/00115/gebhardt/maverick/vdrp/shifts/20170629v004/xy_exp03.dat  215.122821  53.037341           94   5.70076903996   -22.545964586           94   215.12304  53.037373           94   5.32518119948  -22.2346146404           94 
/work/00115/gebhardt/maverick/vdrp/shifts/20170629v005/xy_exp01.dat  215.438914  52.730125           94  -9.00874280585   8.99040790853           94  215.439001  52.730016           94  -9.34878771966   8.71778944785           94 
/work/00115/gebhardt/maverick/vdrp/shifts/20170629v005/xy_exp01.dat  215.438914  52.730125           94  -9.00874280585   8.99040790853           94  215.439001  52.730016           94  -9.34878771966   8.71778944785           94 
/work/00115/gebhardt/maverick/vdrp/shifts/20170629v005/xy_exp01.dat  215.425264  52.731965           94   20.7038906965    2.1695742861           94  215.425052  52.732039           94   21.2356908571   2.21131389643           94 
/work/00115/gebhardt/maverick/vdrp/shifts/20170629v005/xy_exp02.dat  215.425024   52.73202           94   20.2323840799   2.85278088302           94  215.425052  52.732039           94   20.2066971802   2.94078385856           94 
/work/00115/gebhardt/maverick/vdrp/shifts/20170629v005/xy_exp02.dat  215.439206   52.73003           94  -10.7594735245   9.68528916321           94  215.439001  52.730016           94  -10.3777300482   9.44750157101           94 
/work/00115/gebhardt/maverick/vdrp/shifts/20170629v005/xy_exp02.dat  215.439206   52.73003           94  -10.7594735245   9.68528916321           94  215.439001  52.730016           94  -10.3777300482   9.44750157101           94 
/work/00115/gebhardt/maverick/vdrp/shifts/20170629v005/xy_exp03.dat  215.425173  52.732099           94   19.8899012737   1.97515986594           94  215.425052  52.732039           94   20.0351346502    1.6667107353           94 
/work/00115/gebhardt/maverick/vdrp/shifts/20170630v008/xy_exp01.dat  215.116087  53.033223           94    24.780980942   18.0521780587           94  215.115937  53.033878           94   26.1047720396   20.0303651773           94 
/work/00115/gebhardt/maverick/vdrp/shifts/20170630v008/xy_exp01.dat   215.11814  53.024351           94   6.80797818856  -8.72181936492           94  215.118113  53.024392           94   6.92513668079  -8.61468518958           94 
/work/00115/gebhardt/maverick/vdrp/shifts/20170630v008/xy_exp02.dat  215.116288  53.033758           94   24.2165325255   20.5088588698           94  215.115937  53.033878           94   25.0888171769    20.5648047772           94 
/work/00115/gebhardt/maverick/vdrp/shifts/20170630v008/xy_exp02.dat  215.117846  53.024265           94   6.22874099449  -8.74420148034           94  215.118113  53.024392           94   5.90897034145   -8.08010407237           94 
/work/00115/gebhardt/maverick/vdrp/shifts/20170630v008/xy_exp02.dat  215.126141  53.023227           94   -11.556681479  -4.24315775129           94  215.126185  53.023266           94  -11.5808918139   -4.07521809975           94 
/work/00115/gebhardt/maverick/vdrp/shifts/20170630v008/xy_exp02.dat  215.126141  53.023227           94   -11.556681479  -4.24315775129           94  215.126185  53.023266           94  -11.5808918139   -4.07521809975           94 
/work/00115/gebhardt/maverick/vdrp/shifts/20170630v008/xy_exp03.dat  215.115743  53.033554           94   24.8051156428   17.6841087794           94  215.115937  53.033878           94   24.9378657013   18.9166911085           94 
/work/00115/gebhardt/maverick/vdrp/shifts/20170630v008/xy_exp03.dat  215.118085  53.024509           94   5.99696107432  -9.37608960632           94  215.118113  53.024392           94   5.75812692068  -9.72828903895           94 
/work/00115/gebhardt/maverick/vdrp/shifts/20170630v009/xy_exp01.dat  214.872145  52.564652           94    15.6725036954      7.6740649764           94  214.872067  52.564648           94    15.8209931894    7.58866605821           94 
/work/00115/gebhardt/maverick/vdrp/shifts/20170630v009/xy_exp01.dat  214.873484  52.554299           94   -2.78145921301    -24.8399175353           94  214.873196  52.554172           94   -2.40433925993    -25.521239841           94 
/work/00115/gebhardt/maverick/vdrp/shifts/20170630v009/xy_exp01.dat  214.879994  52.561765           94   -4.29040498578     5.54332944863           94  214.880048  52.561852           94   -4.26463314185    5.87709056284           94 
/work/00115/gebhardt/maverick/vdrp/shifts/20170630v009/xy_exp01.dat  214.872303  52.568275           94     20.888362383     19.6335824126           94  214.872558  52.568485           94    20.7034828897    20.5548290555           94 
/work/00115/gebhardt/maverick/vdrp/shifts/20170630v009/xy_exp01.dat  214.880041   52.56517           94   0.813952461602     16.6885337165           94  214.879979  52.565128           94   0.872716806342    16.4940706079           94 
/work/00115/gebhardt/maverick/vdrp/shifts/20170630v009/xy_exp02.dat  214.873081  52.553894           94   -3.77643819561  -25.5865289995           94  214.873196  52.554172           94   -3.58014701947  -24.5733965039           94 
/work/00115/gebhardt/maverick/vdrp/shifts/20170630v009/xy_exp02.dat  214.879904  52.561845           94   -5.16542858936   6.66850507948           94  214.880048  52.561852           94   -5.44014971825   6.82495160403           94 
/work/00115/gebhardt/maverick/vdrp/shifts/20170630v009/xy_exp02.dat  214.872147  52.564584           94    14.3892645345   8.40188012694           94  214.872067  52.564648           94    14.6454925843    8.5363406688           94 
/work/00115/gebhardt/maverick/vdrp/shifts/20170630v009/xy_exp02.dat  214.880189  52.565091           94  -0.775366989446   17.5161050683           94  214.879979  52.565128           94  -0.302701278728   17.4418841152           94 
/work/00115/gebhardt/maverick/vdrp/shifts/20170630v009/xy_exp02.dat  214.872719  52.568611           94    19.4013285019   22.0626281426           94  214.872558  52.568485           94    19.5281025619   21.5024585269           94 
/work/00115/gebhardt/maverick/vdrp/shifts/20170630v009/xy_exp03.dat    214.8802  52.561846           94   -5.56437633873    5.07049704149           94  214.880048  52.561852           94   -5.25395480814   4.94901298454           94 
/work/00115/gebhardt/maverick/vdrp/shifts/20170630v009/xy_exp03.dat   214.87206  52.564631           94    14.8196070969    6.59860152382           94  214.872067  52.564648           94    14.8316767612   6.66052434526           94 
/work/00115/gebhardt/maverick/vdrp/shifts/20170630v009/xy_exp03.dat  214.879951   52.56507           94  -0.149613035791    15.3508944584           94  214.879979  52.565128           94  -0.116571125878   15.5659764534           94 
/work/00115/gebhardt/maverick/vdrp/shifts/20170630v009/xy_exp03.dat  214.872324   52.56852           94    20.2313602806     19.523735492           94  214.872558  52.568485           94    19.7142076634   19.6266715323           94 
/work/00115/gebhardt/maverick/vdrp/shifts/20170701v008/xy_exp01.dat  215.156177  52.896174           94    3.79300301165   8.66025039601           94  215.156086  52.896343           94    4.23669338778   9.12106310418           94 
/work/00115/gebhardt/maverick/vdrp/shifts/20170701v008/xy_exp02.dat  215.157467  52.889373           94   -10.7182633522  -11.3090498131           94  215.157435   52.88964           94   -10.2355678377  -10.4749357204           94 
/work/00115/gebhardt/maverick/vdrp/shifts/20170701v008/xy_exp02.dat  215.156419  52.896469           94    2.49582467028   10.6716232818           94  215.156086  52.896343           94    2.94797721419   9.94752922023           94 
/work/00115/gebhardt/maverick/vdrp/shifts/20170701v008/xy_exp03.dat  215.156026  52.896438           94   3.02009126957   8.85177225471           94  215.156086  52.896343           94    2.75339941467   8.60113466883           94 
/work/00115/gebhardt/maverick/vdrp/shifts/20170701v008/xy_exp03.dat  215.157641  52.889863           94  -10.4815833567  -10.9037329528           94  215.157435   52.88964           94   -10.4300915119  -11.8213646175           94 
/work/00115/gebhardt/maverick/vdrp/shifts/20170701v009/xy_exp02.dat  215.430438  53.230046           94   18.2340480494    6.42279076433           94  215.430849  53.230285           94   17.8210161738   7.58647045496           94 
/work/00115/gebhardt/maverick/vdrp/shifts/20170701v009/xy_exp03.dat   215.43028  53.230328           94   18.9613401204     6.15186774343           94  215.430849  53.230285           94   17.7934193704    6.55612905312           94 
/work/00115/gebhardt/maverick/vdrp/shifts/20170720v002/xy_exp01.dat  215.101865  53.033576           94   -2.69032660132  -2.30050340553           94  215.102017  53.033405           94   -3.25608249452    -2.70936116889           94 
/work/00115/gebhardt/maverick/vdrp/shifts/20170720v002/xy_exp02.dat  215.106536  53.031305           94  -16.6519209661  -4.54230608094           94  215.106563  53.031332           94  -16.6618027692  -4.42931435766           94 
/work/00115/gebhardt/maverick/vdrp/shifts/20170720v002/xy_exp02.dat  215.102161  53.033327           94  -4.94708107352  -2.15629313592           94  215.102017  53.033405           94  -4.54375548263  -2.04071037405           94 
/work/00115/gebhardt/maverick/vdrp/shifts/20170720v002/xy_exp03.dat  215.102047  53.033457           94   -4.63553236711  -3.06953157887           94  215.102017  53.033405           94   -4.65929094012  -3.26624847852           94 
/work/00115/gebhardt/maverick/vdrp/shifts/20170720v003/xy_exp02.dat  215.151123  52.567645           94   14.8868422656   15.5563119267           94  215.150969  52.567797           94    15.423984313   15.9091035026           94 
/work/00115/gebhardt/maverick/vdrp/shifts/20171221v016/xy_exp01.dat  149.993895  2.093782           94  -0.753578292175    -1.97961846864           94  149.994001  2.093775           94  -0.533168651574   -2.29183548544           94 
/work/00115/gebhardt/maverick/vdrp/shifts/20180123v009/xy_exp01.dat  149.994031  2.093615           94  -0.173353903217   -1.75330678137           94  149.994001  2.093775           94  -0.721069421365    -1.96171354422           94 
/work/00115/gebhardt/maverick/vdrp/shifts/20180209v009/xy_exp01.dat  149.994141   2.09375           94  -0.0637452997603   -2.26537805473           94  149.994001  2.093775           94  -0.403293304874     -1.88264424095           94 
/work/00115/gebhardt/maverick/vdrp/shifts/20180210v006/xy_exp01.dat  149.994234  2.093659           94  -0.0940271440009    -2.68140607661           94  149.994001  2.093775           94  -0.88760067202   -2.18413339691           94 
