/work/00115/gebhardt/maverick/vdrp/shifts/20170103v003/xy_exp01.dat  150.414326  2.555375           95  -14.7333432919   10.4366363687           95   150.41432   2.55547           95  -14.9997978653   10.6521176318           95 
/work/00115/gebhardt/maverick/vdrp/shifts/20170103v003/xy_exp02.dat  150.414363  2.555364           95  -15.4607484114   10.5249881062           95   150.41432   2.55547           95   -15.682508443   10.8719138136           95 
/work/00115/gebhardt/maverick/vdrp/shifts/20170103v003/xy_exp03.dat  150.414421  2.555419           95    -16.253736637    8.31832495852           95   150.41432   2.55547           95    -16.1933135112   8.72081860277           95 
/work/00115/gebhardt/maverick/vdrp/shifts/20170127v008/xy_exp01.dat  150.078171  2.252514           95   -8.27391931142   4.47062630156           95  150.078254  2.252444           95   -7.90221841602   4.35026630848           95 
/work/00115/gebhardt/maverick/vdrp/shifts/20170127v008/xy_exp02.dat  150.078313  2.252529           95  -8.77779245633   4.36048426576           95  150.078254  2.252444           95   -8.6301152647   4.70235008405           95 
/work/00115/gebhardt/maverick/vdrp/shifts/20170127v008/xy_exp03.dat  150.078307  2.252589           95  -9.71680515727   2.53066505773           95  150.078254  2.252444           95  -9.37433157231   2.96832428561           95 
/work/00115/gebhardt/maverick/vdrp/shifts/20170129v002/xy_exp01.dat  150.182201  2.451526           95  -0.0744513469786  -1.06681816216           95  150.182126  2.451348           95   0.323224581924  -0.496513595296           95 
/work/00115/gebhardt/maverick/vdrp/shifts/20170129v002/xy_exp01.dat  150.183311  2.445758           95     19.6129608431   6.64829718821           95  150.183201  2.445713           95    19.5386116938    7.06930519335           95 
/work/00115/gebhardt/maverick/vdrp/shifts/20170129v002/xy_exp02.dat  150.182247  2.451401           95  -0.564891976541  -0.593807509756           95  150.182126  2.451348           95  -0.63602320973  -0.123970784012           95 
/work/00115/gebhardt/maverick/vdrp/shifts/20170129v002/xy_exp02.dat  150.183224  2.445879           95    18.1183180986    7.05273882951           95  150.183201  2.445713           95   18.5793626732    7.44185125844           95 
/work/00115/gebhardt/maverick/vdrp/shifts/20170129v002/xy_exp03.dat  150.182227  2.451483           95  -1.69413280227   -1.9877819585           95  150.182126  2.451348           95  -1.47727441768  -1.42109560152           95 
/work/00115/gebhardt/maverick/vdrp/shifts/20170129v002/xy_exp03.dat  150.183158  2.445745           95   17.5581167505   6.21394901103           95  150.183201  2.445713           95   17.7381123319   6.14472352579           95 
/work/00115/gebhardt/maverick/vdrp/shifts/20170129v003/xy_exp01.dat  189.192886  62.195015           95   5.18054755771   7.00061825182           95  189.192265  62.194917           95   4.25695662959   6.40150084063           95 
/work/00115/gebhardt/maverick/vdrp/shifts/20170129v008/xy_exp01.dat  189.258375  62.189705           95   -11.151200931    -16.6705164305           95  189.258458  62.189697           95   -11.255833295   -16.5740020397           95 
/work/00115/gebhardt/maverick/vdrp/shifts/20170129v008/xy_exp01.dat  189.247504  62.198399           95   24.9222296439    -13.2676651188           95  189.248135  62.198347           95   24.1526290785   -12.5157968213           95 
/work/00115/gebhardt/maverick/vdrp/shifts/20170129v008/xy_exp02.dat  189.258513    62.1897           95   -11.9360241892   -15.9774296594           95  189.258458  62.189697           95   -11.8909775027   -16.0587980443           95 
/work/00115/gebhardt/maverick/vdrp/shifts/20170129v008/xy_exp03.dat  189.258152  62.195585           95     4.8984406867    -5.75463732729           95  189.257582  62.195504           95    5.21917399787  -6.70244217557           95 
/work/00115/gebhardt/maverick/vdrp/shifts/20170129v008/xy_exp03.dat  189.258565   62.18973           95   -12.6360039726     -17.472480548           95  189.258458  62.189697           95   -12.6278408503  -17.6877569346           95 
/work/00115/gebhardt/maverick/vdrp/shifts/20170130v021/xy_exp01.dat  189.105555  62.234762           95   23.3773439055   6.54454003792           95  189.105776   62.23469           95    23.402030093   6.99614107237           95 
/work/00115/gebhardt/maverick/vdrp/shifts/20170130v021/xy_exp02.dat  189.095964  62.229561           95  -2.59085401138   6.39211765938           95  189.095892  62.229591           95  -2.58034772955    6.2304422439           95 
/work/00115/gebhardt/maverick/vdrp/shifts/20170130v021/xy_exp02.dat  189.105681  62.235064           95   23.0549339708     6.996849114           95  189.105776   62.23469           95   22.0936407081   7.95293479831           95 
/work/00115/gebhardt/maverick/vdrp/shifts/20170130v021/xy_exp03.dat  189.095573  62.229658           95  -3.66504514866     4.16358281078           95  189.095892  62.229591           95  -3.52483263812   4.73351530755           95 
/work/00115/gebhardt/maverick/vdrp/shifts/20170130v021/xy_exp03.dat  189.105547  62.234583           95   20.6090336123      6.3918210196           95  189.105776   62.23469           95   21.1491275839   6.45640798542           95 
/work/00115/gebhardt/maverick/vdrp/shifts/20170130v022/xy_exp02.dat  189.113011  62.228425           95     12.341638082   -20.154936698           95  189.113195  62.228403           95    12.4692693145  -19.8629702254           95 
/work/00115/gebhardt/maverick/vdrp/shifts/20170130v023/xy_exp01.dat  150.111349  2.253926           95  -5.71062883849     11.316097071           95  150.111389    2.2539           95  -5.71471950643    11.1444918949           95 
/work/00115/gebhardt/maverick/vdrp/shifts/20170130v023/xy_exp01.dat  150.115626  2.244912           95   12.3671668157   -19.7151316401           95  150.115611   2.24504           95   12.0174912718   -19.4102119067           95 
/work/00115/gebhardt/maverick/vdrp/shifts/20170130v023/xy_exp01.dat  150.115626  2.244912           95   12.3671668157   -19.7151316401           95  150.115611   2.24504           95   12.0174912718   -19.4102119067           95 
/work/00115/gebhardt/maverick/vdrp/shifts/20170130v023/xy_exp02.dat   150.11582  2.245065           95    10.2036650425   -19.7330440024           95  150.115611   2.24504           95    10.7027787956   -19.1636367139           95 
/work/00115/gebhardt/maverick/vdrp/shifts/20170130v023/xy_exp02.dat   150.11582  2.245065           95    10.2036650425   -19.7330440024           95  150.115611   2.24504           95    10.7027787956   -19.1636367139           95 
/work/00115/gebhardt/maverick/vdrp/shifts/20170130v023/xy_exp02.dat  150.111476  2.253919           95   -7.26271504429    11.1715261898           95  150.111389    2.2539           95   -7.02942902887    11.3910692136           95 
/work/00115/gebhardt/maverick/vdrp/shifts/20170130v023/xy_exp03.dat  150.115626  2.245113           95    9.56563895083   -20.8046642973           95  150.115611   2.24504           95    9.81294598088   -20.9086586707           95 
/work/00115/gebhardt/maverick/vdrp/shifts/20170130v023/xy_exp03.dat  150.115626  2.245113           95    9.56563895083   -20.8046642973           95  150.115611   2.24504           95    9.81294598088   -20.9086586707           95 
/work/00115/gebhardt/maverick/vdrp/shifts/20170130v024/xy_exp01.dat  150.210984  2.449333           95   11.2340357634    8.3336553006           95  150.210834  2.449322           95     11.5770596257     8.7519513235           95 
/work/00115/gebhardt/maverick/vdrp/shifts/20170130v024/xy_exp01.dat  150.208768   2.45398           95   2.14562311302   24.4827906048           95   150.20867  2.454047           95     2.15137426719    24.9098564367           95 
/work/00115/gebhardt/maverick/vdrp/shifts/20170130v024/xy_exp01.dat  150.212974  2.451513           95  0.696312104791    7.0006484172           95  150.212988  2.451698           95    0.122801649935    7.34296284269           95 
/work/00115/gebhardt/maverick/vdrp/shifts/20170130v024/xy_exp02.dat  150.206864  2.454332           95  0.00595785744629    26.271322144           95   150.20867  2.454047           95  -2.89536356383   20.3697504396           95 
/work/00115/gebhardt/maverick/vdrp/shifts/20170130v024/xy_exp03.dat  150.208786  2.454271           95  0.549847468226   24.9116014704           95   150.20867  2.454047           95   1.44938813452    24.7883922358           95 
/work/00115/gebhardt/maverick/vdrp/shifts/20170130v027/xy_exp01.dat  189.201317   62.24062           95  -15.1551713228   15.5512144888           95  189.201251  62.240724           95  -14.7858173312   15.6777058695           95 
/work/00115/gebhardt/maverick/vdrp/shifts/20170130v027/xy_exp02.dat  189.200838  62.240717           95  -15.4944819831    15.948341395           95  189.201251  62.240724           95  -15.8747902008   16.5276032274           95 
/work/00115/gebhardt/maverick/vdrp/shifts/20170130v027/xy_exp03.dat  189.201022  62.240763           95   -16.3805232887   14.6839829895           95  189.201251  62.240724           95   -16.7172772835   14.9158084426           95 
/work/00115/gebhardt/maverick/vdrp/shifts/20170131v032/xy_exp01.dat  150.188045  2.352748           95   7.96538632859  -20.4317617265           95  150.187933  2.352915           95   7.24200178437  -20.4104571568           95 
/work/00115/gebhardt/maverick/vdrp/shifts/20170131v032/xy_exp02.dat  150.187894  2.352693           95   7.15656435561  -19.4488542973           95  150.187933  2.352915           95   6.55445798514  -19.9927934244           95 
/work/00115/gebhardt/maverick/vdrp/shifts/20170131v033/xy_exp02.dat  189.117419  62.242528           95   4.88143701928   2.89089698464           95  189.117601  62.242477           95   4.92400421907   3.24446751212           95 
/work/00115/gebhardt/maverick/vdrp/shifts/20170131v033/xy_exp03.dat  189.117494  62.242533           95   3.80964121631    1.25032280809           95  189.117601  62.242477           95   3.76075618783    1.51572317426           95 
/work/00115/gebhardt/maverick/vdrp/shifts/20170131v033/xy_exp03.dat  189.128378  62.242484           95    14.880977218    15.7576767404           95  189.128424  62.242639           95   15.3686246818    15.4756953073           95 
/work/00115/gebhardt/maverick/vdrp/shifts/20170131v034/xy_exp01.dat  150.210892  2.252662           95   1.05169001126   14.0596720998           95  150.210814  2.252721           95   1.03503840898   14.4111889347           95 
/work/00115/gebhardt/maverick/vdrp/shifts/20170131v034/xy_exp02.dat  150.210783  2.252735           95  -0.0439474580562   15.1547991212           95  150.210814  2.252721           95  -0.0653916028342   15.0343179332           95 
/work/00115/gebhardt/maverick/vdrp/shifts/20170131v034/xy_exp03.dat  150.210916  2.252743           95  -0.945006391481   13.3171654486           95  150.210814  2.252721           95  -0.672300857178   13.5751042726           95 
/work/00115/gebhardt/maverick/vdrp/shifts/20170131v037/xy_exp01.dat  189.182142   62.23246           95  -8.52545658094   21.4672913704           95  189.182089  62.232402           95  -8.64400662451    21.2737837172           95 
/work/00115/gebhardt/maverick/vdrp/shifts/20170131v037/xy_exp03.dat  189.181712  62.232341           95  -10.5133578405    19.9206993597           95  189.182089  62.232402           95  -10.7011528853    20.5631675465           95 
/work/00115/gebhardt/maverick/vdrp/shifts/20170202v002/xy_exp01.dat  150.083424  2.450926           95   6.70429520033  -3.80388015016           95  150.083359  2.450854           95   6.79870391581   -3.4678323119           95 
/work/00115/gebhardt/maverick/vdrp/shifts/20170202v002/xy_exp02.dat  150.083133   2.45078           95    5.46620350813   -2.0716218288           95  150.083359  2.450854           95    5.67478345955   -2.9012013032           95 
/work/00115/gebhardt/maverick/vdrp/shifts/20170202v002/xy_exp03.dat  150.083454  2.450771           95   5.34348785758  -4.10971911574           95  150.083359  2.450854           95      4.908434272  -3.98025627315           95 
/work/00115/gebhardt/maverick/vdrp/shifts/20170202v003/xy_exp01.dat  150.078165  2.252467           95  -7.56911557229     6.52529235747           95  150.078254  2.252444           95   -7.32969616948    6.29718640893           95 
/work/00115/gebhardt/maverick/vdrp/shifts/20170202v003/xy_exp02.dat  150.078409   2.25238           95  -7.97469351181   6.67972953128           95  150.078254  2.252444           95  -8.46485083134   7.03146052542           95 
/work/00115/gebhardt/maverick/vdrp/shifts/20170202v003/xy_exp03.dat  150.078188  2.252446           95  -9.91910454003      6.15231329792           95  150.078254  2.252444           95  -9.78758088772    5.95452491986           95 
/work/00115/gebhardt/maverick/vdrp/shifts/20170202v008/xy_exp01.dat  189.289286  62.209345           95   0.591502777536   23.0724237488           95  189.289434  62.209275           95  0.242139992889   23.1286351244           95 
/work/00115/gebhardt/maverick/vdrp/shifts/20170202v008/xy_exp02.dat  189.289776  62.209396           95  -0.368922319491   24.4897252623           95  189.289434  62.209275           95  -0.390853992115   23.7694550629           95 
/work/00115/gebhardt/maverick/vdrp/shifts/20170205v012/xy_exp01.dat   189.12437  62.234246           95  -7.28646143692  -19.5672819663           95  189.124678  62.234296           95  -6.82597625891  -19.2720350888           95 
/work/00115/gebhardt/maverick/vdrp/shifts/20170205v012/xy_exp01.dat  189.142124  62.232942           95    7.4054551039   6.75342421036           95  189.142251   62.23274           95   6.96502360409   7.37003760138           95 
/work/00115/gebhardt/maverick/vdrp/shifts/20170205v012/xy_exp02.dat  189.142209  62.232715           95   5.96052378586   7.81036865155           95  189.142251   62.23274           95   6.07481280496   7.81019412056           95 
/work/00115/gebhardt/maverick/vdrp/shifts/20170205v012/xy_exp03.dat   189.14223  62.232609           95   5.13406244041   6.50122972505           95  189.142251   62.23274           95   5.52674738545   6.23770257269           95 
/work/00115/gebhardt/maverick/vdrp/shifts/20170221v010/xy_exp01.dat  150.083368  2.450786           95    6.18120965503  -4.72892149886           95  150.083359  2.450854           95   5.95695342124  -4.83228595889           95 
/work/00115/gebhardt/maverick/vdrp/shifts/20170221v010/xy_exp02.dat  150.083391  2.450739           95   5.69113593054  -4.24292667505           95  150.083359  2.450854           95    5.27964959372  -4.36670999358           95 
/work/00115/gebhardt/maverick/vdrp/shifts/20170221v010/xy_exp03.dat  150.083486  2.450763           95   4.83096767288   -6.21126171277           95  150.083359  2.450854           95   4.31005561749   -6.00001987387           95 
/work/00115/gebhardt/maverick/vdrp/shifts/20170221v012/xy_exp01.dat  189.081847  62.231607           95  -11.3935106924  -17.6750844814           95  189.081997  62.231451           95   -11.682175217  -17.1316097746           95 
/work/00115/gebhardt/maverick/vdrp/shifts/20170221v012/xy_exp01.dat  189.105882  62.234993           95    22.988847442   6.64257234923           95  189.105776   62.23469           95   22.0190502011   7.17261397779           95 
/work/00115/gebhardt/maverick/vdrp/shifts/20170221v012/xy_exp02.dat  189.105655  62.234742           95   21.1373172239   7.25914962203           95  189.105776   62.23469           95   21.1143242943   7.53427501884           95 
/work/00115/gebhardt/maverick/vdrp/shifts/20170221v012/xy_exp03.dat  189.096047  62.229649           95  -3.83129052687    4.45188256881           95  189.095892  62.229591           95  -4.15576588151    4.37502189994           95 
/work/00115/gebhardt/maverick/vdrp/shifts/20170221v012/xy_exp03.dat  189.105736  62.234681           95   20.4458430459    6.14288089824           95  189.105776   62.23469           95   20.5126252881    6.17589573968           95 
/work/00115/gebhardt/maverick/vdrp/shifts/20170221v014/xy_exp01.dat  189.117229   62.24237           95   5.11248822702   2.45641927899           95  189.117601  62.242477           95   5.79940316087   2.71242683182           95 
/work/00115/gebhardt/maverick/vdrp/shifts/20170221v014/xy_exp02.dat  189.117471  62.242489           95    5.0211675522   3.16600005426           95  189.117601  62.242477           95   5.12083422303   3.36459624622           95 
/work/00115/gebhardt/maverick/vdrp/shifts/20170221v014/xy_exp03.dat  189.117878  62.242579           95   4.75528201212    1.94411551625           95  189.117601  62.242477           95   4.18033796618     1.80280862457           95 
/work/00115/gebhardt/maverick/vdrp/shifts/20170221v015/xy_exp01.dat  150.107983  2.449271           95   15.2112465168   15.3599635018           95   150.10798  2.449206           95   15.4090559215   15.2344879856           95 
/work/00115/gebhardt/maverick/vdrp/shifts/20170221v015/xy_exp02.dat   150.10858  2.449773           95   11.6027569845   15.1793249149           95   150.10798  2.449206           95   14.5129001656   15.7748669049           95 
/work/00115/gebhardt/maverick/vdrp/shifts/20170221v015/xy_exp03.dat  150.108448  2.449585           95   11.5976505385   13.3029740422           95   150.10798  2.449206           95    13.681075817   13.8982120191           95 
/work/00115/gebhardt/maverick/vdrp/shifts/20170221v015/xy_exp03.dat  150.111166  2.455498           95  -11.4446340619   17.5160361275           95  150.111011  2.455651           95  -11.5756809497   18.2886963436           95 
/work/00115/gebhardt/maverick/vdrp/shifts/20170222v007/xy_exp01.dat   150.07816  2.252384           95    -5.02799912601    6.24220781286           95  150.078254  2.252444           95   -5.03294317844      5.84099689312           95 
/work/00115/gebhardt/maverick/vdrp/shifts/20170222v007/xy_exp02.dat  150.078314  2.252307           95  -5.52846717227   6.54955329852           95  150.078254  2.252444           95   -6.0612837389   6.47249767198           95 
/work/00115/gebhardt/maverick/vdrp/shifts/20170222v007/xy_exp03.dat  150.078345  2.252458           95   -6.5160694961    4.44912411175           95  150.078254  2.252444           95  -6.64607319096   4.75374818452           95 
/work/00115/gebhardt/maverick/vdrp/shifts/20170222v008/xy_exp01.dat  150.080878  2.356022           95   -11.0582189424   -9.74870765074           95  150.080962  2.356049           95   -10.9812344762  -10.0566248758           95 
/work/00115/gebhardt/maverick/vdrp/shifts/20170222v008/xy_exp02.dat  150.080895  2.355943           95  -11.6640754703    -9.05377395918           95  150.080962  2.356049           95  -11.8609031251  -9.45992357554           95 
/work/00115/gebhardt/maverick/vdrp/shifts/20170222v008/xy_exp03.dat  150.081019  2.356052           95   -12.9686014602  -11.4487486992           95  150.080962  2.356049           95   -13.0676829965  -11.2689276967           95 
/work/00115/gebhardt/maverick/vdrp/shifts/20170222v010/xy_exp01.dat  189.153014  62.203871           95  -9.87567237818  -13.0174039067           95  189.153231  62.203701           95  -10.1331202643  -12.3533417088           95 
/work/00115/gebhardt/maverick/vdrp/shifts/20170222v010/xy_exp02.dat  189.178637  62.204529           95   17.9947864902   19.7904218373           95  189.178843  62.204567           95   18.3157203361   19.9783257753           95 
/work/00115/gebhardt/maverick/vdrp/shifts/20170222v010/xy_exp03.dat  189.178534  62.204654           95   17.4292106428   17.7546198692           95  189.178843  62.204567           95   17.5024774585    18.356125168           95 
/work/00115/gebhardt/maverick/vdrp/shifts/20170222v010/xy_exp03.dat  189.174798  62.201506           95   4.63969339145    19.804033963           95   189.17469  62.201537           95   4.61576556794   19.5924684358           95 
/work/00115/gebhardt/maverick/vdrp/shifts/20170222v010/xy_exp03.dat  189.153089  62.203547           95  -12.0405136599   -13.423806226           95  189.153231  62.203701           95  -11.4569940044  -13.5777357899           95 
/work/00115/gebhardt/maverick/vdrp/shifts/20170225v014/xy_exp01.dat  189.201109  62.240715           95   -13.3934661293   18.9511692803           95  189.201251  62.240724           95   -13.5047765838   19.1641235796           95 
/work/00115/gebhardt/maverick/vdrp/shifts/20170225v014/xy_exp02.dat  189.201313  62.240671           95  -14.5084381375   19.5649450465           95  189.201251  62.240724           95  -14.2926661051   19.5905249686           95 
/work/00115/gebhardt/maverick/vdrp/shifts/20170225v014/xy_exp03.dat  189.201059  62.240726           95  -14.9627526311    17.8719083787           95  189.201251  62.240724           95  -15.1548634336    18.1303381741           95 
/work/00115/gebhardt/maverick/vdrp/shifts/20170225v014/xy_exp03.dat  189.195543  62.246306           95   6.77248552573    21.9503675623           95  189.195185  62.246404           95   7.40747540498    21.6649808193           95 
/work/00115/gebhardt/maverick/vdrp/shifts/20170225v015/xy_exp01.dat  189.172519  62.233989           95   4.60332349519     14.882577508           95  189.172689  62.234115           95   4.80767772061    15.3778348381           95 
/work/00115/gebhardt/maverick/vdrp/shifts/20170225v015/xy_exp01.dat  189.182201  62.232346           95  -9.62832800961    24.6868548318           95  189.182089  62.232402           95  -9.35517079993    24.6506067671           95 
/work/00115/gebhardt/maverick/vdrp/shifts/20170225v015/xy_exp02.dat  189.181917  62.232343           95    -10.1980157197    24.9102492833           95  189.182089  62.232402           95  -10.1921038237   25.2684373601           95 
/work/00115/gebhardt/maverick/vdrp/shifts/20170225v015/xy_exp03.dat  189.182224  62.232697           95  -10.2891234226   24.4420434596           95  189.182089  62.232402           95  -11.0233755901   23.6420502581           95 
/work/00115/gebhardt/maverick/vdrp/shifts/20170301v012/xy_exp03.dat   189.19534   62.23944           95  -12.3605910804   7.21203505758           95  189.195344  62.239426           95  -12.4055782159    7.18834301407           95 
/work/00115/gebhardt/maverick/vdrp/shifts/20170303v012/xy_exp03.dat  189.209046  62.210903           95   17.3738891548  -6.76729730776           95    189.2092  62.211086           95   18.0510557417  -6.97289770966           95 
/work/00115/gebhardt/maverick/vdrp/shifts/20170303v012/xy_exp03.dat  189.215168  62.205635           95   8.86432619584   13.0531282596           95   189.21536  62.205671           95   9.16584197161   13.2256567223           95 
/work/00115/gebhardt/maverick/vdrp/shifts/20170303v012/xy_exp03.dat  189.215168  62.205635           95   8.86432619584   13.0531282596           95   189.21536  62.205671           95   9.16584197161   13.2256567223           95 
/work/00115/gebhardt/maverick/vdrp/shifts/20170303v014/xy_exp01.dat  214.760582  52.789192           95   -8.99334386729  -22.5392237548           95  214.760449  52.789265           95   -9.15801975648  -22.8938894139           95 
/work/00115/gebhardt/maverick/vdrp/shifts/20170303v014/xy_exp02.dat  214.760559  52.789287           95  -9.50348117315  -22.1878429245           95  214.760449  52.789265           95   -9.7549174662   -22.207927851           95 
/work/00115/gebhardt/maverick/vdrp/shifts/20170303v014/xy_exp03.dat  214.760387  52.789455           95  -10.5195551745  -24.7183749943           95  214.760449  52.789265           95  -10.6609898152  -24.0356787043           95 
/work/00115/gebhardt/maverick/vdrp/shifts/20170305v009/xy_exp01.dat  214.986263  52.949116           95  -1.64917205628   -12.958525176           95  214.986204  52.949036           95  -1.88038268115  -12.7443663583           95 
/work/00115/gebhardt/maverick/vdrp/shifts/20170306v018/xy_exp02.dat  189.216014  62.231782           95  -6.42792534882   9.47015404695           95  189.215709  62.231633           95  -6.56920316026   8.74251593164           95 
/work/00115/gebhardt/maverick/vdrp/shifts/20170306v021/xy_exp02.dat   189.23508  62.210858           95   24.3341650588   14.4519015035           95  189.234681  62.211418           95   26.3634993834   15.0800193874           95 
/work/00115/gebhardt/maverick/vdrp/shifts/20170306v021/xy_exp03.dat  189.234728  62.211204           95   24.8154069297   13.1354977587           95  189.234681  62.211418           95   25.4879135348   13.5195235307           95 
/work/00115/gebhardt/maverick/vdrp/shifts/20170321v007/xy_exp01.dat  165.829121   18.02041           95   23.7307023719   5.04343051862           95  165.828902  18.020457           95   22.9948822351    5.2654405755           95 
/work/00115/gebhardt/maverick/vdrp/shifts/20170321v012/xy_exp01.dat  150.115728   2.24496           95   12.3470192742    -14.860724483           95  150.115611   2.24504           95   12.3468560612  -14.3507415766           95 
/work/00115/gebhardt/maverick/vdrp/shifts/20170321v012/xy_exp01.dat  150.115728   2.24496           95   12.3470192742    -14.860724483           95  150.115611   2.24504           95   12.3468560612  -14.3507415766           95 
/work/00115/gebhardt/maverick/vdrp/shifts/20170321v012/xy_exp02.dat  150.115666  2.244952           95   11.4705024565   -13.6424440172           95  150.115611   2.24504           95   11.3206745477    -13.3003060339           95 
/work/00115/gebhardt/maverick/vdrp/shifts/20170321v012/xy_exp02.dat  150.115666  2.244952           95   11.4705024565   -13.6424440172           95  150.115611   2.24504           95   11.3206745477    -13.3003060339           95 
/work/00115/gebhardt/maverick/vdrp/shifts/20170321v012/xy_exp03.dat  150.115671  2.245009           95     10.6476455401  -14.8011312129           95  150.115611   2.24504           95    10.6773546434  -14.5599743302           95 
/work/00115/gebhardt/maverick/vdrp/shifts/20170321v012/xy_exp03.dat  150.115671  2.245009           95     10.6476455401  -14.8011312129           95  150.115611   2.24504           95    10.6773546434  -14.5599743302           95 
/work/00115/gebhardt/maverick/vdrp/shifts/20170321v012/xy_exp03.dat  150.111651  2.253144           95      -5.364201264   13.6666155625           95  150.111389    2.2539           95   -7.07879066296   15.9808298638           95 
/work/00115/gebhardt/maverick/vdrp/shifts/20170322v010/xy_exp01.dat  150.113197  2.453062           95  -4.78650574487    10.7742321169           95  150.113323  2.452951           95  -4.72059374704    10.1736373257           95 
/work/00115/gebhardt/maverick/vdrp/shifts/20170322v010/xy_exp03.dat  150.107862  2.449092           95   16.3923682178    17.2207584191           95   150.10798  2.449206           95   15.8124790509   17.1099281278           95 
/work/00115/gebhardt/maverick/vdrp/shifts/20170322v011/xy_exp03.dat  214.977356  52.930785           95   -5.24699042301     13.321413162           95  214.977751  52.930517           95   -4.84018744811    14.5461884208           95 
/work/00115/gebhardt/maverick/vdrp/shifts/20170322v014/xy_exp03.dat  189.216153  62.233452           95  -2.25241857768   13.2413764492           95  189.216459  62.233691           95  -1.84755842546   14.1577588054           95 
/work/00115/gebhardt/maverick/vdrp/shifts/20170322v015/xy_exp03.dat  189.185414   62.21808           95   -4.68398293443  -14.6113397834           95  189.185558  62.218034           95   -4.95868113654   -14.509606059           95 
/work/00115/gebhardt/maverick/vdrp/shifts/20170322v016/xy_exp02.dat   189.24603  62.203202           95  -8.71280102784   12.7472007027           95  189.245926  62.202493           95  -10.6876082814   11.1207343698           95 
/work/00115/gebhardt/maverick/vdrp/shifts/20170322v018/xy_exp02.dat  215.098337  52.951033           95  -11.7662978608  -4.18138537656           95  215.098261  52.951115           95  -11.4890579368  -3.98785318615           95 
/work/00115/gebhardt/maverick/vdrp/shifts/20170322v018/xy_exp03.dat  215.094147  52.958332           95    7.11701555234   13.4984079823           95  215.093665  52.958486           95    8.29946519323   13.5405586284           95 
/work/00115/gebhardt/maverick/vdrp/shifts/20170322v019/xy_exp01.dat  215.071317  52.946082           95   22.6427945307   1.60720257928           95  215.071385  52.945898           95   22.2210378717    1.07554863027           95 
/work/00115/gebhardt/maverick/vdrp/shifts/20170322v019/xy_exp01.dat  215.073255  52.947643           95   21.3123234849   8.49798569939           95  215.073486  52.947611           95    20.811200027    8.61298396839           95 
/work/00115/gebhardt/maverick/vdrp/shifts/20170322v019/xy_exp02.dat  215.071716  52.945994           95   20.2343989536    2.30303073298           95  215.071385  52.945898           95   20.7296553227    1.67875775427           95 
/work/00115/gebhardt/maverick/vdrp/shifts/20170322v019/xy_exp02.dat  215.073586  52.947574           95   19.0665958672    9.19101580225           95  215.073486  52.947611           95   19.3198950697    9.21620770858           95 
/work/00115/gebhardt/maverick/vdrp/shifts/20170322v019/xy_exp03.dat  215.071181   52.94594           95   21.4576756832   0.373472125826           95  215.071385  52.945898           95   20.9935233284  0.430518396715           95 
/work/00115/gebhardt/maverick/vdrp/shifts/20170322v019/xy_exp03.dat  215.073567  52.947731           95    19.614146504    8.43333303551           95  215.073486  52.947611           95   19.5837253434   7.96796112816           95 
/work/00115/gebhardt/maverick/vdrp/shifts/20170326v006/xy_exp01.dat  150.115749  2.244946           95   12.2949648136  -15.0586434015           95  150.115611   2.24504           95    12.296305225  -14.4578554214           95 
/work/00115/gebhardt/maverick/vdrp/shifts/20170326v006/xy_exp01.dat  150.115749  2.244946           95   12.2949648136  -15.0586434015           95  150.115611   2.24504           95    12.296305225  -14.4578554214           95 
/work/00115/gebhardt/maverick/vdrp/shifts/20170326v006/xy_exp01.dat  150.111696  2.253182           95  -3.92768884131   13.7249247969           95  150.111389    2.2539           95  -5.43614372017   16.0967130956           95 
/work/00115/gebhardt/maverick/vdrp/shifts/20170326v006/xy_exp02.dat  150.115698  2.245037           95    10.7949037587   -14.3755451283           95  150.115611   2.24504           95     10.9628480216   -14.1112432229           95 
/work/00115/gebhardt/maverick/vdrp/shifts/20170326v006/xy_exp02.dat  150.115698  2.245037           95    10.7949037587   -14.3755451283           95  150.115611   2.24504           95     10.9628480216   -14.1112432229           95 
/work/00115/gebhardt/maverick/vdrp/shifts/20170326v006/xy_exp03.dat  150.115683  2.245073           95   10.7901399464   -15.745794643           95  150.115611   2.24504           95      11.0345149085  -15.5992473415           95 
/work/00115/gebhardt/maverick/vdrp/shifts/20170326v006/xy_exp03.dat  150.115683  2.245073           95   10.7901399464   -15.745794643           95  150.115611   2.24504           95      11.0345149085  -15.5992473415           95 
/work/00115/gebhardt/maverick/vdrp/shifts/20170326v006/xy_exp03.dat  150.111972  2.254135           95   -8.5810113107    13.703181258           95  150.111389    2.2539           95     -6.69792453325   14.9553262524           95 
/work/00115/gebhardt/maverick/vdrp/shifts/20170326v007/xy_exp01.dat  150.212505  2.351029           95   3.90829477277   10.1751020788           95   150.21255  2.351081           95   3.66229105177   10.1481570349           95 
/work/00115/gebhardt/maverick/vdrp/shifts/20170326v007/xy_exp01.dat  150.210107   2.35497           95  -2.87270039182   25.3312040741           95  150.209556  2.355306           95   -2.7430372096   27.6494750292           95 
/work/00115/gebhardt/maverick/vdrp/shifts/20170326v007/xy_exp02.dat  150.212508   2.35103           95    2.15005345603    10.675780186           95   150.21255  2.351081           95   1.91314032058    10.655673695           95 
/work/00115/gebhardt/maverick/vdrp/shifts/20170326v007/xy_exp03.dat   150.21245  2.351019           95   2.77759388246   9.36013837518           95   150.21255  2.351081           95   2.38962409818    9.1907861066           95 
/work/00115/gebhardt/maverick/vdrp/shifts/20170326v007/xy_exp03.dat  150.210011  2.355086           95  -4.29304487571    24.895197947           95  150.209556  2.355306           95  -4.01569899737   26.6921057781           95 
/work/00115/gebhardt/maverick/vdrp/shifts/20170326v010/xy_exp03.dat  189.290017  62.209171           95  -0.0824984765144  25.8123432557           95  189.289434  62.209275           95  0.791192213008    25.234059573           95 
/work/00115/gebhardt/maverick/vdrp/shifts/20170326v013/xy_exp01.dat  214.694345  52.783536           95  -4.65884468062   13.4994534629           95  214.694284  52.783355           95  -4.81923370137   12.8540839499           95 
/work/00115/gebhardt/maverick/vdrp/shifts/20170326v013/xy_exp03.dat   214.68406  52.786401           95    18.380585418   13.0306040574           95  214.683789  52.786331           95   18.8049032431   12.5493577427           95 
/work/00115/gebhardt/maverick/vdrp/shifts/20170326v013/xy_exp03.dat  214.693846  52.783624           95  -5.15492018869   13.1695652992           95  214.694284  52.783355           95  -6.43244171599   12.7055877207           95 
/work/00115/gebhardt/maverick/vdrp/shifts/20170327v012/xy_exp01.dat  214.985431  52.972223           95   19.8342957805    13.414005563           95  214.985004   52.97239           95   20.9295315953    13.551229538           95 
/work/00115/gebhardt/maverick/vdrp/shifts/20170328v010/xy_exp01.dat  214.793801  52.795305           95    18.4256864367   13.5340182783           95  214.793905  52.794577           95   17.6156527673   16.0367632251           95 
/work/00115/gebhardt/maverick/vdrp/shifts/20170328v010/xy_exp02.dat  214.789901  52.796011           95    10.5033500295   8.56640753765           95  214.789637  52.796247           95    10.3041431738   7.56023682532           95 
/work/00115/gebhardt/maverick/vdrp/shifts/20170328v010/xy_exp03.dat  214.789538  52.796058           95    10.1832990644   6.95832121219           95  214.789637  52.796247           95    10.6463400909   6.41520130455           95 
/work/00115/gebhardt/maverick/vdrp/shifts/20170328v011/xy_exp01.dat  214.777122   52.81406           95   -7.57499701924    6.79363581166           95  214.777075  52.814108           95  -7.60193809129    6.59465743623           95 
/work/00115/gebhardt/maverick/vdrp/shifts/20170328v018/xy_exp02.dat  214.708769   52.79123           95   10.6665594989   13.9022534971           95  214.708576  52.791321           95   11.1869609438   14.0164428203           95 
/work/00115/gebhardt/maverick/vdrp/shifts/20170328v018/xy_exp03.dat  214.708041  52.791638           95   11.8797796419   13.1143018913           95  214.708576  52.791321           95   10.3366285337   12.5874960771           95 
/work/00115/gebhardt/maverick/vdrp/shifts/20170331v006/xy_exp01.dat  150.114493  2.353117           95  -9.60028957221   2.72649571537           95  150.114465  2.353102           95    -9.49857549195     2.7785898651           95 
/work/00115/gebhardt/maverick/vdrp/shifts/20170331v006/xy_exp02.dat  150.114366  2.353131           95   -10.829790487   3.69545185071           95  150.114465  2.353102           95  -10.9465650577   3.34321523493           95 
/work/00115/gebhardt/maverick/vdrp/shifts/20170331v006/xy_exp03.dat  150.114312  2.353093           95  -10.3327065457    2.2753870395           95  150.114465  2.353102           95  -10.6724990008   1.84126563729           95 
/work/00115/gebhardt/maverick/vdrp/shifts/20170331v007/xy_exp01.dat  214.821927  52.816818           95    15.3803036348   10.9516030282           95  214.821686  52.816869           95    14.9689292738   10.5782115702           95 
/work/00115/gebhardt/maverick/vdrp/shifts/20170331v007/xy_exp02.dat    214.8216  52.816878           95   13.5141386952   11.0220574238           95  214.821686  52.816869           95    13.6738384975   11.1248021999           95 
/work/00115/gebhardt/maverick/vdrp/shifts/20170331v007/xy_exp03.dat  214.821675  52.817004           95    13.9141866466     9.2133839621           95  214.821686  52.816869           95    13.7468639078   9.67030111879           95 
/work/00115/gebhardt/maverick/vdrp/shifts/20170331v008/xy_exp01.dat  215.005504    52.9536           95   -2.45246904886   11.0231992538           95  215.005337  52.953701           95   -2.6417690578   10.5461663668           95 
/work/00115/gebhardt/maverick/vdrp/shifts/20170331v008/xy_exp01.dat  215.016393  52.952298           95    17.3987706009   24.6491811115           95  215.016231  52.952331           95   17.1227737657   24.4013951053           95 
/work/00115/gebhardt/maverick/vdrp/shifts/20170331v008/xy_exp02.dat  215.005392  52.953711           95  -3.89281461013   11.0666772475           95  215.005337  52.953701           95  -4.01662667984   11.0526760771           95 
/work/00115/gebhardt/maverick/vdrp/shifts/20170331v008/xy_exp02.dat  215.016154  52.952408           95   15.7037250603   24.5874350804           95  215.016231  52.952331           95   15.7478215816   24.9080398051           95 
/work/00115/gebhardt/maverick/vdrp/shifts/20170331v008/xy_exp03.dat  215.005201  52.953842           95  -3.68901490827    8.99536208928           95  215.005337  52.953701           95  -3.61833007448     9.5781718815           95 
/work/00115/gebhardt/maverick/vdrp/shifts/20170501v011/xy_exp01.dat  214.909309  53.211253           95   21.1840232596   -18.4952991052           95  214.909289  53.211223           95   21.1744656915   -18.6111952567           95 
/work/00115/gebhardt/maverick/vdrp/shifts/20170501v011/xy_exp02.dat  214.909551  53.211229           95    19.3280604728    -17.9086471751           95  214.909289  53.211223           95     19.824027206    -18.179832324           95 
/work/00115/gebhardt/maverick/vdrp/shifts/20170501v011/xy_exp03.dat  214.909227  53.211241           95   20.1905155108  -19.7780970565           95  214.909289  53.211223           95    20.0419778749  -19.7765024195           95 
/work/00115/gebhardt/maverick/vdrp/shifts/20170501v012/xy_exp03.dat  215.737001  52.546245           95  18.2623321908  -16.2197317617           95  215.737148  52.546185           95   17.8794181763  -16.2797313494           95 
/work/00115/gebhardt/maverick/vdrp/shifts/20170502v009/xy_exp01.dat  214.639338  53.044496           95    6.70961800255  -13.1487185689           95  214.639313  53.044478           95    6.72960211756  -13.2307389203           95 
/work/00115/gebhardt/maverick/vdrp/shifts/20170502v009/xy_exp02.dat  214.638959   53.04441           95    6.16321991533  -13.2251886731           95  214.639313  53.044478           95    5.58354879372  -12.6675888764           95 
/work/00115/gebhardt/maverick/vdrp/shifts/20170502v009/xy_exp02.dat  214.643211  53.054352           95    13.6903108656   22.9553236412           95  214.643322  53.054433           95    13.6033688282   23.3229648678           95 
/work/00115/gebhardt/maverick/vdrp/shifts/20170502v009/xy_exp03.dat  214.639203  53.044573           95    6.09152840783  -14.1406014537           95  214.639313  53.044478           95    5.72703097025  -14.3425540688           95 
/work/00115/gebhardt/maverick/vdrp/shifts/20170502v009/xy_exp03.dat  214.643367   53.05459           95    13.9085518278   22.1982452058           95  214.643322  53.054433           95    13.7466503705   21.6480433694           95 
/work/00115/gebhardt/maverick/vdrp/shifts/20170502v011/xy_exp01.dat  215.471431  53.378001           95   10.1449706407  -11.5613660216           95  215.471381  53.377917           95   10.1044525987  -11.8796963725           95 
/work/00115/gebhardt/maverick/vdrp/shifts/20170502v011/xy_exp02.dat  215.471394  53.377855           95   8.74618554878  -11.3628978167           95  215.471381  53.377917           95   8.87175109279  -11.1762667446           95 
/work/00115/gebhardt/maverick/vdrp/shifts/20170502v011/xy_exp03.dat  215.483264  53.386077           95  -0.563085087149   25.0123324744           95  215.483553  53.386523           95  -0.392640492134   26.7252115518           95 
/work/00115/gebhardt/maverick/vdrp/shifts/20170502v011/xy_exp03.dat  215.471293  53.377782           95    8.91215660564    -13.23351675           95  215.471381  53.377917           95    8.96262627074  -12.7145132988           95 
/work/00115/gebhardt/maverick/vdrp/shifts/20170503v007/xy_exp01.dat  214.917634  53.377677           95     7.43227379079  -11.0308044366           95  214.917374  53.377926           95    8.33533301304  -10.4832793081           95 
/work/00115/gebhardt/maverick/vdrp/shifts/20170503v007/xy_exp02.dat  214.917387  53.377931           95    7.04981660184  -8.96485546401           95  214.917374  53.377926           95   7.06659293112  -8.99352537391           95 
/work/00115/gebhardt/maverick/vdrp/shifts/20170503v008/xy_exp01.dat  214.348783  52.379878           95   24.6293644876  -18.0790839613           95  214.349158  52.379758           95   23.7001790072  -18.1274200278           95 
/work/00115/gebhardt/maverick/vdrp/shifts/20170503v008/xy_exp02.dat  214.349143  52.379623           95   21.9795494213   -18.1090987396           95  214.349158  52.379758           95    22.1525870253   -17.653750881           95 
/work/00115/gebhardt/maverick/vdrp/shifts/20170503v008/xy_exp03.dat  214.348779  52.379665           95    23.2077798167  -19.9336511069           95  214.349158  52.379758           95    22.5908687902  -19.2815936442           95 
/work/00115/gebhardt/maverick/vdrp/shifts/20170503v009/xy_exp01.dat  214.641143   52.55222           95   6.75928987478   14.1490876363           95  214.641503   52.55221           95   6.03004392657   14.4498704876           95 
/work/00115/gebhardt/maverick/vdrp/shifts/20170503v009/xy_exp03.dat  214.641775  52.552324           95    4.2830389198   14.1293140717           95  214.641503   52.55221           95   4.64887435754     13.5055471133           95 
/work/00115/gebhardt/maverick/vdrp/shifts/20170503v010/xy_exp01.dat  215.756072  52.879893           95    -12.897373553   2.39967075702           95  215.756398  52.880009           95   -13.3543229814   3.08319996869           95 
/work/00115/gebhardt/maverick/vdrp/shifts/20170503v010/xy_exp02.dat  215.756221  52.880085           95  -14.0728748346   4.41213928004           95  215.756398  52.880009           95  -14.5380436731   4.33246844221           95 
/work/00115/gebhardt/maverick/vdrp/shifts/20170503v010/xy_exp03.dat  215.756278  52.879863           95  -15.1070506854   2.34492861754           95  215.756398  52.880009           95  -15.1139049249   2.93159573495           95 
/work/00115/gebhardt/maverick/vdrp/shifts/20170518v006/xy_exp01.dat   214.59294  52.520023           95  -3.61314384908  -0.283855385617           95  214.593116  52.520113           95  -3.13360391385  -0.437659483786           95 
/work/00115/gebhardt/maverick/vdrp/shifts/20170518v006/xy_exp01.dat  214.591751  52.514511           95  -13.5409350253    17.0936715005           95  214.592045  52.514518           95  -12.9352956596    17.3143583265           95 
/work/00115/gebhardt/maverick/vdrp/shifts/20170518v006/xy_exp02.dat  214.603428  52.520105           95    16.6483830866   9.01169888974           95   214.60321  52.520092           95     16.188687896   8.87417289707           95 
/work/00115/gebhardt/maverick/vdrp/shifts/20170518v006/xy_exp02.dat  214.593215  52.520211           95   -3.91226270716  0.184975200817           95  214.593116  52.520113           95   -4.24661213445  0.429328728331           95 
/work/00115/gebhardt/maverick/vdrp/shifts/20170518v006/xy_exp02.dat  214.591226  52.514498           95   -15.7361982304   17.5681850969           95  214.592045  52.514518           95    -14.048382782   18.1813034193           95 
/work/00115/gebhardt/maverick/vdrp/shifts/20170518v006/xy_exp03.dat  214.593131  52.520055           95  -4.18973578289   -0.488753550612           95  214.593116  52.520113           95  -4.14104599466  -0.694439381362           95 
/work/00115/gebhardt/maverick/vdrp/shifts/20170518v006/xy_exp03.dat  214.591919  52.514428           95  -14.3210659659     17.2527887027           95  214.592045  52.514518           95  -13.9428534468    17.0575145719           95 
/work/00115/gebhardt/maverick/vdrp/shifts/20170519v002/xy_exp01.dat  215.703423  53.015801           95  -10.4233343431   15.0912604293           95  215.703502  53.016014           95   -9.96235395478    14.4550562583           95 
/work/00115/gebhardt/maverick/vdrp/shifts/20170519v002/xy_exp02.dat  215.703302  53.016251           95  -11.1601201859    13.9497791724           95  215.703502  53.016014           95  -11.1005888179    14.9047799508           95 
/work/00115/gebhardt/maverick/vdrp/shifts/20170519v008/xy_exp02.dat  215.205741  53.386528           95  -0.66380821877   19.5184314926           95  215.205428  53.386654           95  0.140607872913   19.6199439181           95 
/work/00115/gebhardt/maverick/vdrp/shifts/20170522v005/xy_exp01.dat  215.757405  52.554771           95  -8.83679541176    21.8669911903           95  215.757783  52.554627           95  -9.80605149303   21.7493986491           95 
/work/00115/gebhardt/maverick/vdrp/shifts/20170522v005/xy_exp01.dat  215.737186  52.546123           95    18.000985515   -25.1217314734           95  215.737148  52.546185           95    18.171107215  -24.9550047311           95 
/work/00115/gebhardt/maverick/vdrp/shifts/20170522v005/xy_exp02.dat  215.757889  52.554475           95   -11.2192515271     22.325478884           95  215.757783  52.554627           95  -10.7766568269   22.7221780993           95 
/work/00115/gebhardt/maverick/vdrp/shifts/20170522v005/xy_exp03.dat   215.75752  52.554614           95  -10.6694217174    20.870187507           95  215.757783  52.554627           95  -11.1706053368    21.157224151           95 
/work/00115/gebhardt/maverick/vdrp/shifts/20170522v005/xy_exp03.dat  215.736937  52.546213           95   17.2672644772  -25.6523145654           95  215.737148  52.546185           95   16.8062623972  -25.5473534079           95 
/work/00115/gebhardt/maverick/vdrp/shifts/20170523v008/xy_exp03.dat  215.464437  52.390538           95   24.9546399694    13.2643330619           95  215.464479  52.390675           95    25.077213855    13.7508901451           95 
/work/00115/gebhardt/maverick/vdrp/shifts/20170525v013/xy_exp01.dat  214.643233  53.054312           95    14.2220067166    13.7210497099           95  214.643322  53.054433           95    14.2409569537    14.1969448528           95 
/work/00115/gebhardt/maverick/vdrp/shifts/20170525v013/xy_exp02.dat  214.643462  53.054499           95   12.8122850113   15.3629445405           95  214.643322  53.054433           95    12.9796083807   15.0162092928           95 
/work/00115/gebhardt/maverick/vdrp/shifts/20170525v013/xy_exp03.dat  214.643008  53.054513           95    13.6241623901   13.4569598686           95  214.643322  53.054433           95    12.8873308304   13.4976333471           95 
/work/00115/gebhardt/maverick/vdrp/shifts/20170525v014/xy_exp01.dat  215.751347  52.876379           95  -8.85065342748     -21.72871716           95   215.75119  52.876155           95   -8.89313040403  -22.6032703725           95 
/work/00115/gebhardt/maverick/vdrp/shifts/20170525v014/xy_exp01.dat  215.756249  52.880008           95  -12.7785145872   -5.33723610582           95  215.756398  52.880009           95    -13.068606849  -5.19354189286           95 
/work/00115/gebhardt/maverick/vdrp/shifts/20170525v014/xy_exp02.dat  215.756309  52.880071           95  -14.1913096445   -4.36518839788           95  215.756398  52.880009           95  -14.4623616803  -4.48238981404           95 
/work/00115/gebhardt/maverick/vdrp/shifts/20170525v014/xy_exp03.dat   215.75627  52.880113           95  -14.0860464627  -5.44677206572           95  215.756398  52.880009           95  -14.4990398779  -5.66343857009           95 
/work/00115/gebhardt/maverick/vdrp/shifts/20170527v011/xy_exp01.dat  214.917558  53.377845           95    8.08583022495   -19.7465220739           95  214.917374  53.377926           95    8.57019755779  -19.6655361668           95 
/work/00115/gebhardt/maverick/vdrp/shifts/20170527v011/xy_exp02.dat  214.917131  53.377927           95    7.76581356198   -19.4143332002           95  214.917374  53.377926           95    7.29893994467   -19.1811630847           95 
/work/00115/gebhardt/maverick/vdrp/shifts/20170529v007/xy_exp02.dat  214.645087  52.554539           95   1.00813993811   17.2930636616           95  214.645336  52.554525           95  0.493212016571   17.4786268747           95 
/work/00115/gebhardt/maverick/vdrp/shifts/20170529v008/xy_exp01.dat  215.200468  53.221428           95   9.97066196716    18.552019574           95  215.200402  53.221467           95   10.1606252622   18.6141744819           95 
/work/00115/gebhardt/maverick/vdrp/shifts/20170529v008/xy_exp02.dat   215.20251   53.21032           95  -12.9634350635  -14.8169888243           95  215.202523  53.210367           95  -12.9129983893  -14.6530666828           95 
/work/00115/gebhardt/maverick/vdrp/shifts/20170529v008/xy_exp02.dat  215.200301  53.221557           95   9.35252075033   19.2585590717           95  215.200402  53.221467           95   9.01310783447   19.0657720337           95 
/work/00115/gebhardt/maverick/vdrp/shifts/20170529v008/xy_exp03.dat  215.202495  53.210344           95  -12.8331983915   -16.0324999018           95  215.202523  53.210367           95   -12.850264133  -15.9314611423           95 
/work/00115/gebhardt/maverick/vdrp/shifts/20170529v008/xy_exp03.dat  215.189546  53.218074           95   24.5663466563   -3.58553327428           95  215.188982  53.218136           95   25.7539677465  -3.92818762189           95 
/work/00115/gebhardt/maverick/vdrp/shifts/20170529v008/xy_exp03.dat  215.200527  53.221439           95    8.7896130452    17.8175039974           95  215.200402  53.221467           95   9.07570536592   17.7874656581           95 
/work/00115/gebhardt/maverick/vdrp/shifts/20170529v009/xy_exp02.dat  214.920406  52.716504           95  -2.06529546457   1.15522634929           95  214.920892  52.716597           95  -2.87910250485   1.91223742831           95 
/work/00115/gebhardt/maverick/vdrp/shifts/20170530v006/xy_exp01.dat  214.641707  52.552307           95   5.33556293175   6.40917188856           95  214.641503   52.55221           95   5.59226830734   5.90375593097           95 
/work/00115/gebhardt/maverick/vdrp/shifts/20170530v006/xy_exp01.dat  214.645546   52.55471           95   1.38559542243   17.8042056805           95  214.645336  52.554525           95   1.52000914088   17.0062251934           95 
/work/00115/gebhardt/maverick/vdrp/shifts/20170530v006/xy_exp02.dat  214.645219  52.554612           95  0.565323402135    17.7186851797           95  214.645336  52.554525           95  0.200703625864    17.5433845153           95 
/work/00115/gebhardt/maverick/vdrp/shifts/20170530v006/xy_exp02.dat  214.641494  52.552323           95   4.46294253205    6.80107970374           95  214.641503   52.55221           95   4.27286294659    6.44087845441           95 
/work/00115/gebhardt/maverick/vdrp/shifts/20170530v006/xy_exp03.dat  214.641711  52.552176           95   3.82117076559   5.04658281403           95  214.641503   52.55221           95   4.28547256131   4.96470665728           95 
/work/00115/gebhardt/maverick/vdrp/shifts/20170615v009/xy_exp01.dat  214.719354  52.767173           95    22.782881616  -4.16304580143           95  214.720041  52.767162           95    21.416117661  -3.55246041782           95 
/work/00115/gebhardt/maverick/vdrp/shifts/20170615v009/xy_exp02.dat  214.719531  52.767391           95   21.1600523599   -2.67544569907           95  214.720041  52.767162           95    19.8020642495  -2.93919067482           95 
/work/00115/gebhardt/maverick/vdrp/shifts/20170615v009/xy_exp03.dat  214.720034  52.766862           95   19.3482362527   -5.2365105625           95  214.720041  52.767162           95    19.8009446335  -4.25585089153           95 
/work/00115/gebhardt/maverick/vdrp/shifts/20170617v008/xy_exp01.dat   214.71994  52.767187           95   21.6657565179  -4.42572001107           95  214.720041  52.767162           95   21.4284516329  -4.41209170321           95 
/work/00115/gebhardt/maverick/vdrp/shifts/20170617v008/xy_exp02.dat  214.720246  52.767075           95    19.4343482438  -4.16558277953           95  214.720041  52.767162           95    19.9722755974   -4.07547413497           95 
/work/00115/gebhardt/maverick/vdrp/shifts/20170617v008/xy_exp03.dat  214.720043  52.767187           95    19.9411146485  -5.39715740201           95  214.720041  52.767162           95    19.9062478136   -5.48024363909           95 
/work/00115/gebhardt/maverick/vdrp/shifts/20170617v009/xy_exp01.dat  215.472563  52.878534           95  -0.0716635998392  -16.8061717372           95  215.472672  52.878533           95  -0.286496911892  -16.7064639264           95 
/work/00115/gebhardt/maverick/vdrp/shifts/20170617v009/xy_exp02.dat  215.472601  52.878562           95   -1.45598272434  -16.1858898739           95  215.472672  52.878533           95     -1.6402860132  -16.2128481903           95 
/work/00115/gebhardt/maverick/vdrp/shifts/20170617v009/xy_exp03.dat  215.472435  52.878537           95   -1.3174653533  -17.8317743863           95  215.472672  52.878533           95   -1.78743607923   -17.6208950036           95 
/work/00115/gebhardt/maverick/vdrp/shifts/20170621v007/xy_exp01.dat  214.729632  52.757412           95    -11.3771834559   22.5106695422           95  214.729493   52.75735           95   -11.1999996157   22.1788024665           95 
/work/00115/gebhardt/maverick/vdrp/shifts/20170621v007/xy_exp02.dat  214.729644  52.757289           95   -12.9045365623   23.2674731161           95  214.729493   52.75735           95   -12.5130494591   23.3239712683           95 
/work/00115/gebhardt/maverick/vdrp/shifts/20170621v007/xy_exp03.dat  214.729149  52.757414           95   -11.8558525086   21.5902887859           95  214.729493   52.75735           95    -12.631481027   21.7051394766           95 
/work/00115/gebhardt/maverick/vdrp/shifts/20170621v008/xy_exp01.dat  215.466663  53.046106           95   15.4710968354  -19.9774147048           95  215.466409  53.046066           95   15.9015133772  -20.3484433431           95 
/work/00115/gebhardt/maverick/vdrp/shifts/20170621v008/xy_exp02.dat  215.466289  53.046097           95    14.967734384  -19.6468307934           95  215.466409  53.046066           95   14.6854091021  -19.6328778176           95 
/work/00115/gebhardt/maverick/vdrp/shifts/20170621v008/xy_exp03.dat  215.466286  53.046109           95    14.9063646069  -20.9715648157           95  215.466409  53.046066           95   14.5992139216  -20.9935586307           95 
/work/00115/gebhardt/maverick/vdrp/shifts/20170625v005/xy_exp03.dat   214.75069  52.754378           95  -13.8857951062  -13.0186586887           95  214.750638  52.754259           95  -13.9681405219  -13.4540707359           95 
/work/00115/gebhardt/maverick/vdrp/shifts/20170625v006/xy_exp01.dat  215.473245  52.543816           95  -5.30225158803    -15.137892644           95  215.473425  52.543992           95  -5.39063402035  -14.3969862953           95 
/work/00115/gebhardt/maverick/vdrp/shifts/20170625v006/xy_exp03.dat   215.47381  52.543807           95  -7.87197570276  -15.4417443953           95  215.473425  52.543992           95  -6.82624517411  -15.1958008601           95 
/work/00115/gebhardt/maverick/vdrp/shifts/20170626v003/xy_exp01.dat  214.740449  52.750146           95    8.97122543675   17.2545168845           95  214.740489  52.750074           95    8.78112735348    17.0579337448           95 
/work/00115/gebhardt/maverick/vdrp/shifts/20170626v003/xy_exp02.dat  214.740488  52.750023           95   7.45459585206   17.7650777388           95  214.740489  52.750074           95   7.53153530403    17.9317937164           95 
/work/00115/gebhardt/maverick/vdrp/shifts/20170626v003/xy_exp03.dat  214.740646  52.750066           95   7.05402039585    16.4526427115           95  214.740489  52.750074           95   7.37530348608   16.3316161556           95 
/work/00115/gebhardt/maverick/vdrp/shifts/20170627v005/xy_exp01.dat  215.154704  53.036805           95  -0.238161207872   10.9082400621           95  215.154609  53.036716           95  -0.194446399296   10.5300388817           95 
/work/00115/gebhardt/maverick/vdrp/shifts/20170627v005/xy_exp01.dat  215.149009  53.041922           95    18.9358920377   22.0283562994           95  215.148913  53.041914           95    19.1098270361   21.9110917177           95 
/work/00115/gebhardt/maverick/vdrp/shifts/20170627v005/xy_exp02.dat  215.154419  53.036782           95  -0.880865139258   10.8502884398           95  215.154609  53.036716           95  -1.35474664436   10.8178679073           95 
/work/00115/gebhardt/maverick/vdrp/shifts/20170627v005/xy_exp02.dat  215.148581  53.041955           95    18.6598745307   22.0152328557           95  215.148913  53.041914           95   17.9496124894   22.1987754062           95 
/work/00115/gebhardt/maverick/vdrp/shifts/20170627v005/xy_exp03.dat  215.154478  53.036601           95  -1.24703880954   9.06135053106           95  215.154609  53.036716           95  -1.31955582409   9.55789215454           95 
/work/00115/gebhardt/maverick/vdrp/shifts/20170627v005/xy_exp03.dat  215.148875  53.041809           95   17.8923492253   20.5632260094           95  215.148913  53.041914           95   17.9847603074   20.9388720189           95 
/work/00115/gebhardt/maverick/vdrp/shifts/20170628v005/xy_exp01.dat  215.149574  53.023683           95  -10.9426262044   11.0704526175           95  215.149842  53.023678           95  -11.4718500683   11.3092207848           95 
/work/00115/gebhardt/maverick/vdrp/shifts/20170628v005/xy_exp02.dat  215.134127  53.018554           95     9.6161919825     -19.7340917           95  215.134356    53.0186           95    9.24336061679  -19.3675392322           95 
/work/00115/gebhardt/maverick/vdrp/shifts/20170628v005/xy_exp02.dat  215.149613  53.023579           95   -12.5651129149   11.2467562971           95  215.149842  53.023678           95   -12.8539909998   11.7847660538           95 
/work/00115/gebhardt/maverick/vdrp/shifts/20170628v005/xy_exp03.dat  215.149812  53.023757           95   -12.6611999328   10.8449150022           95  215.149842  53.023678           95    -12.844497909   10.6179669039           95 
/work/00115/gebhardt/maverick/vdrp/shifts/20170628v005/xy_exp03.dat  215.134291  53.018464           95    9.16442929975  -21.0359478541           95  215.134356    53.0186           95    9.25295758712  -20.5342639237           95 
/work/00115/gebhardt/maverick/vdrp/shifts/20170629v004/xy_exp03.dat  215.164627  53.034581           95   19.5707363112   8.50611758308           95  215.164187   53.03425           95   19.9036528457    7.0173678146           95 
/work/00115/gebhardt/maverick/vdrp/shifts/20170630v008/xy_exp01.dat  215.163015  53.008856           95  -5.43431123236  -16.0288165161           95  215.163434  53.008731           95  -6.44731719083  -16.0356433812           95 
/work/00115/gebhardt/maverick/vdrp/shifts/20170630v008/xy_exp02.dat  215.163344  53.008691           95  -7.35140019574     -15.7150901           95  215.163434  53.008731           95   -7.4635408986   -15.5002278861           95 
/work/00115/gebhardt/maverick/vdrp/shifts/20170630v008/xy_exp02.dat  215.164973  53.013997           95  -2.15298164398   3.00118177457           95  215.165042   53.01395           95  -2.36145528076    2.91457579859           95 
/work/00115/gebhardt/maverick/vdrp/shifts/20170630v008/xy_exp03.dat  215.163518  53.009161           95  -7.09961839273  -15.6776236409           95  215.163434  53.008731           95  -7.61435386164  -17.1488371461           95 
/work/00115/gebhardt/maverick/vdrp/shifts/20170630v008/xy_exp03.dat  215.165131  53.013833           95  -2.87017227055  0.971841131177           95  215.165042   53.01395           95  -2.51233751293   1.26598523085           95 
/work/00115/gebhardt/maverick/vdrp/shifts/20170630v009/xy_exp01.dat  214.926912  52.550004           95   -15.6880633677     11.0634336987           95  214.926847  52.550105           95   -15.4048547524    11.3322167456           95 
/work/00115/gebhardt/maverick/vdrp/shifts/20170630v009/xy_exp02.dat  214.917519   52.55078           95    2.93906090082   5.81232136841           95  214.917309  52.550711           95    3.24984041059   5.39227722679           95 
/work/00115/gebhardt/maverick/vdrp/shifts/20170630v009/xy_exp03.dat  214.917645  52.550967           95    3.16129422637    4.66244760732           95  214.917309  52.550711           95     3.4360472198   3.51578515482           95 
/work/00115/gebhardt/maverick/vdrp/shifts/20170701v008/xy_exp01.dat   215.20226  52.885977           95   -2.71621554902   19.7168841516           95  215.201973  52.886196           95   -1.81059203051   20.1528829041           95 
/work/00115/gebhardt/maverick/vdrp/shifts/20170701v008/xy_exp01.dat   215.18826  52.880491           95    15.9880185549  -11.3505123714           95  215.188474  52.880632           95    15.7920435464  -10.6906604305           95 
/work/00115/gebhardt/maverick/vdrp/shifts/20170701v008/xy_exp02.dat  215.201983  52.886058           95    -3.3361847902   20.5432010213           95  215.201973  52.886196           95   -3.09920437985   20.9803780246           95 
/work/00115/gebhardt/maverick/vdrp/shifts/20170701v008/xy_exp03.dat  215.201749  52.886245           95  -2.77910215254   19.5793349703           95  215.201973  52.886196           95   -3.29380934248   19.6337044581           95 
/work/00115/gebhardt/maverick/vdrp/shifts/20170701v009/xy_exp01.dat   215.48089  53.209319           95  -11.1095265767     -12.7199197417           95  215.481362  53.209068           95  -12.4223651812  -13.0784574767           95 
/work/00115/gebhardt/maverick/vdrp/shifts/20170701v009/xy_exp01.dat  215.477271  53.214423           95   4.03215999082     0.288654970836           95  215.477367    53.2144           95   3.80995046354  0.306217392583           95 
/work/00115/gebhardt/maverick/vdrp/shifts/20170701v009/xy_exp01.dat  215.477271  53.214423           95   4.03215999082     0.288654970836           95  215.477367    53.2144           95   3.80995046354  0.306217392583           95 
/work/00115/gebhardt/maverick/vdrp/shifts/20170701v009/xy_exp02.dat  215.477164  53.214612           95     2.885752237    1.53467072483           95  215.477367    53.2144           95   2.15506217271   1.04469239588           95 
/work/00115/gebhardt/maverick/vdrp/shifts/20170701v009/xy_exp02.dat  215.477164  53.214612           95     2.885752237    1.53467072483           95  215.477367    53.2144           95   2.15506217271   1.04469239588           95 
/work/00115/gebhardt/maverick/vdrp/shifts/20170701v009/xy_exp03.dat  215.481094  53.209283           95  -13.2437911192    -12.9330602494           95  215.481362  53.209068           95  -14.1049498601   -13.3705001928           95 
/work/00115/gebhardt/maverick/vdrp/shifts/20170701v009/xy_exp03.dat  215.477173  53.214366           95   2.44804991696   -0.281143618072           95  215.477367    53.2144           95    2.1274854316  0.0140293619564           95 
/work/00115/gebhardt/maverick/vdrp/shifts/20170701v009/xy_exp03.dat  215.477173  53.214366           95   2.44804991696   -0.281143618072           95  215.477367    53.2144           95    2.1274854316  0.0140293619564           95 
/work/00115/gebhardt/maverick/vdrp/shifts/20170720v002/xy_exp01.dat  215.134245  53.018463           95    9.99143092653  -20.1308715184           95  215.134356    53.0186           95    9.99201487961    -19.5822086125           95 
/work/00115/gebhardt/maverick/vdrp/shifts/20170720v002/xy_exp01.dat   215.14997  53.023525           95    -12.597838472   11.1959310449           95  215.149842  53.023678           95   -12.1068928767     11.5689924588           95 
/work/00115/gebhardt/maverick/vdrp/shifts/20170720v002/xy_exp02.dat  215.149953  53.023757           95  -13.4854244322   12.5997309674           95  215.149842  53.023678           95  -13.3944359553   12.2386562141           95 
/work/00115/gebhardt/maverick/vdrp/shifts/20170720v002/xy_exp02.dat  215.134035  53.018546           95   9.24338420694  -19.3926461722           95  215.134356    53.0186           95   8.70418131903  -18.9127516971           95 
/work/00115/gebhardt/maverick/vdrp/shifts/20170720v002/xy_exp03.dat  215.149532  53.023784           95   -12.7393555435   11.0607573078           95  215.149842  53.023678           95    -13.510009283   11.0128159471           95 
/work/00115/gebhardt/maverick/vdrp/shifts/20170720v002/xy_exp03.dat  215.134446  53.028913           95    24.7155589627   13.3034844489           95  215.134432  53.029162           95    25.1363913456   14.0955426269           95 
/work/00115/gebhardt/maverick/vdrp/shifts/20180210v006/xy_exp01.dat  149.982902  2.114485           95     14.2321728619    -6.72766910734           95   149.98301  2.114759           95   13.5933439212   -7.57374652421           95 
