/work/00115/gebhardt/maverick/vdrp/shifts/20170202v003/xy_exp01.dat  150.065524  2.267122           96   24.3600736266     17.2184214505           96  150.065729  2.267259           96    24.3308308986    16.3317490351           96 
/work/00115/gebhardt/maverick/vdrp/shifts/20170202v003/xy_exp01.dat  150.067268  2.273199           96   9.09801813497    0.335288851491           96  150.067246  2.273189           96    9.08678241676   0.421501259599           96 
/work/00115/gebhardt/maverick/vdrp/shifts/20170202v003/xy_exp02.dat  150.067069  2.273114           96   7.84455826171   1.83900147267           96  150.067246  2.273189           96   7.95162818493   1.15575607888           96 
/work/00115/gebhardt/maverick/vdrp/shifts/20170202v003/xy_exp02.dat  150.065938  2.267091           96   24.1063424874   16.7471210231           96  150.065729  2.267259           96   23.1956730587   17.0660075789           96 
/work/00115/gebhardt/maverick/vdrp/shifts/20170202v003/xy_exp03.dat  150.065884  2.267233           96   22.2469445681      15.5650907013           96  150.065729  2.267259           96   21.8729436813    15.9890754867           96 
/work/00115/gebhardt/maverick/vdrp/shifts/20170202v003/xy_exp03.dat  150.067232  2.273257           96   6.39443626992  -0.00772592568052           96  150.067246  2.273189           96   6.62889809737  0.0788250170741           96 
/work/00115/gebhardt/maverick/vdrp/shifts/20170202v008/xy_exp01.dat  189.305677  62.181509           96    3.73536883598  -12.6616109309           96  189.305473   62.18175           96   4.64097233535  -12.4378393964           96 
/work/00115/gebhardt/maverick/vdrp/shifts/20170202v008/xy_exp01.dat  189.322582  62.179738           96    -17.923346553    6.7858150797           96  189.322363  62.179725           96  -17.7482365517   6.45884118725           96 
/work/00115/gebhardt/maverick/vdrp/shifts/20170202v008/xy_exp01.dat  189.308902  62.179194           96   -6.19638627065  -13.0785191919           96  189.308827  62.179026           96  -6.61612789822  -13.5318185536           96 
/work/00115/gebhardt/maverick/vdrp/shifts/20170202v008/xy_exp01.dat  189.312896  62.184008           96    4.03500942615   2.43555821324           96   189.31339  62.184056           96   3.69475924048   3.21193624951           96 
/work/00115/gebhardt/maverick/vdrp/shifts/20170202v008/xy_exp02.dat  189.305325  62.181552           96    3.57106742978  -12.4120820311           96  189.305473   62.18175           96    4.00768709031  -11.7962312965           96 
/work/00115/gebhardt/maverick/vdrp/shifts/20170202v008/xy_exp02.dat  189.313061  62.183863           96    2.81581937323   3.00044074019           96   189.31339  62.184056           96    3.06160196064   3.85355229062           96 
/work/00115/gebhardt/maverick/vdrp/shifts/20170205v012/xy_exp01.dat  189.092607  62.211732           96  -3.20234980596  -11.5280323403           96  189.092607  62.211613           96  -3.53950468234    -11.26373286           96 
/work/00115/gebhardt/maverick/vdrp/shifts/20170205v012/xy_exp01.dat  189.110832  62.214546           96   23.6429233239   6.29001191614           96  189.110681  62.214467           96   23.2627538104   6.26614481651           96 
/work/00115/gebhardt/maverick/vdrp/shifts/20170205v012/xy_exp02.dat    189.1109  62.214595           96    22.961940371   6.71093602553           96  189.110681  62.214467           96   22.3725443561   6.70614535408           96 
/work/00115/gebhardt/maverick/vdrp/shifts/20170205v012/xy_exp02.dat  189.092772  62.211663           96  -4.11717181115   -10.716887875           96  189.092607  62.211613           96   -4.4296818574  -10.8237820079           96 
/work/00115/gebhardt/maverick/vdrp/shifts/20170205v012/xy_exp03.dat  189.110298  62.214543           96   21.6431079313   4.45783159451           96  189.110681  62.214467           96   21.8244951962   5.13242749573           96 
/work/00115/gebhardt/maverick/vdrp/shifts/20170221v012/xy_exp01.dat  189.066168  62.210363           96   12.8386000821   8.47964411356           96  189.066175  62.210436           96   13.0532428579   8.32755610978           96 
/work/00115/gebhardt/maverick/vdrp/shifts/20170221v012/xy_exp02.dat  189.066254  62.210502           96   12.4174656285   8.64771599428           96  189.066175  62.210436           96   12.1485132547   8.68894672986           96 
/work/00115/gebhardt/maverick/vdrp/shifts/20170221v012/xy_exp03.dat  189.066146  62.210481           96   11.6447824572    7.19122361533           96  189.066175  62.210436           96   11.5467992605    7.32910992407           96 
/work/00115/gebhardt/maverick/vdrp/shifts/20170221v015/xy_exp01.dat  150.123804  2.476564           96   2.83804833851   25.1115674927           96  150.123329  2.476723           96   3.34993135628   26.8390736749           96 
/work/00115/gebhardt/maverick/vdrp/shifts/20170221v015/xy_exp02.dat  150.123767   2.47648           96   2.26590073825   25.5873457384           96  150.123329  2.476723           96   2.45377479248   27.3794552464           96 
/work/00115/gebhardt/maverick/vdrp/shifts/20170221v015/xy_exp03.dat  150.121781  2.474136           96   12.4439583589   24.7162934366           96  150.121492  2.474368           96    12.356659905   26.0468443418           96 
/work/00115/gebhardt/maverick/vdrp/shifts/20170221v015/xy_exp03.dat  150.123373  2.476493           96   2.20914326735   24.8979957315           96  150.123329  2.476723           96   1.62195666786   25.5028466609           96 
/work/00115/gebhardt/maverick/vdrp/shifts/20170222v007/xy_exp01.dat  150.067236  2.273176           96     11.4020943311  0.0524891682675           96  150.067246  2.273189           96    11.3813370367  -0.00276799244369           96 
/work/00115/gebhardt/maverick/vdrp/shifts/20170222v007/xy_exp02.dat  150.067254  2.273079           96   10.7045116102  0.813329019017           96  150.067246  2.273189           96   10.3529968599  0.628715775274           96 
/work/00115/gebhardt/maverick/vdrp/shifts/20170222v007/xy_exp03.dat    150.0671  2.273174           96   9.53681600655  -0.615465291423           96  150.067246  2.273189           96   9.76820706631  -1.09001431356           96 
/work/00115/gebhardt/maverick/vdrp/shifts/20170222v008/xy_exp01.dat  150.064672  2.371422           96    11.8273489492    10.4340688471           96  150.064583  2.371187           96    12.3767786339    11.152627897           96 
/work/00115/gebhardt/maverick/vdrp/shifts/20170222v008/xy_exp02.dat  150.064637  2.371545           96   10.5051592667     10.9038668262           96  150.064583  2.371187           96   11.4971050758   11.7493147938           96 
/work/00115/gebhardt/maverick/vdrp/shifts/20170222v008/xy_exp03.dat  150.064655   2.37143           96    9.68415562563   9.25848849382           96  150.064583  2.371187           96    10.2903298774   9.94032495802           96 
/work/00115/gebhardt/maverick/vdrp/shifts/20170222v010/xy_exp02.dat  189.135316  62.184791           96   17.9470110998   6.24859172758           96  189.135273  62.184863           96   18.1066788906   6.03200709545           96 
/work/00115/gebhardt/maverick/vdrp/shifts/20170222v010/xy_exp03.dat  189.135161  62.184914           96   17.3223793924   4.14684607763           96  189.135273  62.184863           96   17.2936646521    4.4081542661           96 
/work/00115/gebhardt/maverick/vdrp/shifts/20170225v014/xy_exp02.dat  189.223214  62.219017           96   1.39734164668   4.39871393126           96  189.223459  62.218997           96   1.10089616461   4.69248870851           96 
/work/00115/gebhardt/maverick/vdrp/shifts/20170225v015/xy_exp02.dat  189.204139  62.205799           96    -8.94060283024  -0.114438934601           96  189.204498  62.206033           96  -8.60300587257   0.86476829053           96 
/work/00115/gebhardt/maverick/vdrp/shifts/20170225v015/xy_exp02.dat  189.209315  62.210995           96      1.2752789786    17.8025770293           96    189.2092  62.211086           96   1.65412821962   17.8349777182           96 
/work/00115/gebhardt/maverick/vdrp/shifts/20170225v015/xy_exp03.dat  189.209101  62.211002           96  0.672641861561   15.8973033949           96    189.2092  62.211086           96  0.822914321522   16.2079052893           96 
/work/00115/gebhardt/maverick/vdrp/shifts/20170301v013/xy_exp01.dat  189.195828  62.210236           96     12.53991359      -2.36068553125           96  189.195972  62.210238           96   12.4060293858   -2.15933336817           96 
/work/00115/gebhardt/maverick/vdrp/shifts/20170301v013/xy_exp03.dat  189.195751   62.21027           96   11.7856458612   -3.38829775669           96  189.195972  62.210238           96   11.4771674452  -3.15228300816           96 
/work/00115/gebhardt/maverick/vdrp/shifts/20170301v014/xy_exp03.dat  189.195968  62.210164           96   14.7578622049  -1.24730037559           96  189.195972  62.210238           96   14.9713783098  -1.08784769453           96 
/work/00115/gebhardt/maverick/vdrp/shifts/20170301v014/xy_exp03.dat  189.208729  62.210898           96   4.53680064966   17.7593401869           96    189.2092  62.211086           96   4.63240949066   18.7956037457           96 
/work/00115/gebhardt/maverick/vdrp/shifts/20170306v018/xy_exp02.dat  189.234689  62.211347           96   16.1904283261  -7.60209004477           96  189.234741  62.211444           96    16.424735898  -7.32885394074           96 
/work/00115/gebhardt/maverick/vdrp/shifts/20170306v018/xy_exp03.dat  189.234653  62.211542           96   15.5362760201  -8.95092011519           96  189.234741  62.211444           96   15.1630740113  -9.03460051182           96 
/work/00115/gebhardt/maverick/vdrp/shifts/20170306v021/xy_exp01.dat  189.284449  62.182231           96  -6.36247108916   21.3907975775           96  189.284532  62.182197           96  -6.54311386918   21.4331435611           96 
/work/00115/gebhardt/maverick/vdrp/shifts/20170306v021/xy_exp02.dat  189.284519  62.182239           96  -7.01233558449   22.0406854897           96  189.284532  62.182197           96  -7.14807613247   21.9705926366           96 
/work/00115/gebhardt/maverick/vdrp/shifts/20170306v021/xy_exp03.dat  189.284313  62.182264           96  -7.61360945082   20.2499206148           96  189.284532  62.182197           96  -8.02370883568   20.4091652302           96 
/work/00115/gebhardt/maverick/vdrp/shifts/20170322v011/xy_exp03.dat  214.939383  52.930981           96    20.0737368863   -19.9171098551           96  214.939276  52.930804           96    19.6086502939   -19.4235178639           96 
/work/00115/gebhardt/maverick/vdrp/shifts/20170322v014/xy_exp01.dat  189.234691  62.211537           96   17.6096304609  -6.89502404693           96  189.234741  62.211444           96   17.2879675336  -7.02019015384           96 
/work/00115/gebhardt/maverick/vdrp/shifts/20170322v014/xy_exp01.dat  189.244819  62.214551           96   16.6327351698    13.246823307           96  189.244848    62.2145           96   16.4547975335   13.1803718523           96 
/work/00115/gebhardt/maverick/vdrp/shifts/20170322v014/xy_exp02.dat   189.23461  62.211244           96   15.6615192548    -6.46883383986           96  189.234741  62.211444           96     16.121749206   -5.87307259683           96 
/work/00115/gebhardt/maverick/vdrp/shifts/20170322v014/xy_exp03.dat  189.234925  62.211369           96    15.426616208  -7.10231705354           96  189.234741  62.211444           96   15.8254819915  -7.19810466436           96 
/work/00115/gebhardt/maverick/vdrp/shifts/20170322v016/xy_exp01.dat  189.284242  62.182314           96   -4.8976550538   20.5618493322           96  189.284532  62.182197           96  -5.52355266274   20.7135773564           96 
/work/00115/gebhardt/maverick/vdrp/shifts/20170322v016/xy_exp02.dat  189.284246  62.182262           96  -6.61427474636   21.0950370221           96  189.284532  62.182197           96  -7.08391588976   21.3500867288           96 
/work/00115/gebhardt/maverick/vdrp/shifts/20170322v016/xy_exp03.dat  189.284513  62.181985           96   -7.2464551676     19.5828931396           96  189.284532  62.182197           96  -6.64389014185   20.0523724937           96 
/work/00115/gebhardt/maverick/vdrp/shifts/20170322v019/xy_exp01.dat  215.118771  52.928382           96   2.93932140073  -10.8107915683           96  215.118765   52.92837           96   2.93215805677    -10.855339047           96 
/work/00115/gebhardt/maverick/vdrp/shifts/20170322v019/xy_exp02.dat  215.118887  52.928369           96   1.20093353305   -10.1384476782           96  215.118765   52.92837           96   1.44065186528   -10.2508927517           96 
/work/00115/gebhardt/maverick/vdrp/shifts/20170322v019/xy_exp03.dat  215.118491    52.9284           96   2.28662252661   -11.6623967741           96  215.118765   52.92837           96   1.70458069823  -11.4997333546           96 
/work/00115/gebhardt/maverick/vdrp/shifts/20170326v007/xy_exp01.dat   150.22875  2.367766           96   21.8775356407  -3.76009378873           96  150.228765  2.367862           96   21.5624175287  -3.60826640461           96 
/work/00115/gebhardt/maverick/vdrp/shifts/20170326v010/xy_exp03.dat  189.305884  62.181629           96     4.50509910742  -10.215714695           96  189.305473   62.18175           96   5.26095858416  -10.5242516688           96 
/work/00115/gebhardt/maverick/vdrp/shifts/20170326v010/xy_exp03.dat  189.314027  62.184052           96     3.64982294413  5.98595932231           96   189.31339  62.184056           96   4.28357591346   5.12360874205           96 
/work/00115/gebhardt/maverick/vdrp/shifts/20170326v013/xy_exp01.dat  214.720064   52.76734           96   20.4375612525  -15.0780497187           96  214.720041  52.767162           96   20.2069261134  -15.6780029429           96 
/work/00115/gebhardt/maverick/vdrp/shifts/20170326v013/xy_exp02.dat  214.720004  52.767389           96   19.6427472708  -13.7058320979           96  214.720041  52.767162           96   19.2182062925   -14.4087395526           96 
/work/00115/gebhardt/maverick/vdrp/shifts/20170326v013/xy_exp03.dat  214.719943  52.767213           96   18.8651741611  -15.7520029641           96  214.720041  52.767162           96   18.5934645676  -15.8258253983           96 
/work/00115/gebhardt/maverick/vdrp/shifts/20170327v011/xy_exp01.dat  214.746674  52.787956           96  -2.88314312233   6.90332545325           96  214.746507  52.787929           96   -2.5969777532   6.65888174095           96 
/work/00115/gebhardt/maverick/vdrp/shifts/20170327v011/xy_exp01.dat  214.737723   52.79273           96   22.1083677771   14.0117747795           96  214.737984  52.793074           96   22.1293956821   15.3741353778           96 
/work/00115/gebhardt/maverick/vdrp/shifts/20170327v011/xy_exp02.dat  214.743279    52.7825           96   -6.15503987927  -13.1021024233           96  214.742978  52.782296           96  -5.88021535144  -14.0472911055           96 
/work/00115/gebhardt/maverick/vdrp/shifts/20170327v011/xy_exp02.dat  214.729572  52.785176           96    24.9280539777   -17.271556879           96   214.72973  52.785422           96   24.9992094391  -16.3241532854           96 
/work/00115/gebhardt/maverick/vdrp/shifts/20170327v011/xy_exp03.dat  214.729964  52.785423           96   24.9739603363  -17.6245893852           96   214.72973  52.785422           96   25.4321729374  -17.8473679944           96 
/work/00115/gebhardt/maverick/vdrp/shifts/20170327v011/xy_exp03.dat  214.742886   52.78236           96  -5.16719391914  -15.4491646403           96  214.742978  52.782296           96  -5.44726655976  -15.5707118087           96 
/work/00115/gebhardt/maverick/vdrp/shifts/20170328v010/xy_exp01.dat  214.746692  52.787895           96    14.3163258724  -1.83068374743           96  214.746507  52.787929           96   13.9929675865  -2.10021937985           96 
/work/00115/gebhardt/maverick/vdrp/shifts/20170328v010/xy_exp01.dat  214.741231  52.789239           96    5.24860955611  -10.9159869716           96  214.740865  52.789248           96   4.52728149515   -11.256067337           96 
/work/00115/gebhardt/maverick/vdrp/shifts/20170328v010/xy_exp02.dat  214.746285  52.787935           96    12.4678576149  -1.63479583078           96  214.746507  52.787929           96    12.9046541318  -1.42674842602           96 
/work/00115/gebhardt/maverick/vdrp/shifts/20170328v010/xy_exp02.dat  214.742956   52.78237           96   -2.00789795189   13.9970138035           96  214.742978  52.782296           96   -2.06749015501   14.2610460415           96 
/work/00115/gebhardt/maverick/vdrp/shifts/20170328v010/xy_exp03.dat  214.746478   52.78786           96    13.0920046155  -2.36763748562           96  214.746507  52.787929           96    13.2468595628  -2.57186601452           96 
/work/00115/gebhardt/maverick/vdrp/shifts/20170328v010/xy_exp03.dat  214.743066  52.782453           96   -1.32875389934   12.6699080078           96  214.742978  52.782296           96   -1.72529758616   13.1159155873           96 
/work/00115/gebhardt/maverick/vdrp/shifts/20170328v019/xy_exp01.dat  214.866019  52.873428           96  -0.615369970833    8.41694025657           96  214.865802   52.87341           96  -0.218877223857   8.15365261284           96 
/work/00115/gebhardt/maverick/vdrp/shifts/20170328v019/xy_exp01.dat   214.86872  52.871515           96   -8.89434481119    4.76550688774           96  214.868853  52.871542           96    -9.1123760835   4.97866205345           96 
/work/00115/gebhardt/maverick/vdrp/shifts/20170328v019/xy_exp02.dat  214.855868  52.877694           96    24.5726112022    13.3157154932           96  214.855917  52.877568           96   24.2796369697    12.9534256524           96 
/work/00115/gebhardt/maverick/vdrp/shifts/20170328v019/xy_exp02.dat  214.869006  52.871701           96   -10.5133098915    6.29037622329           96  214.868853  52.871542           96  -10.4626924623    5.63036467229           96 
/work/00115/gebhardt/maverick/vdrp/shifts/20170328v019/xy_exp02.dat  214.865826  52.873461           96   -1.53633299603    8.99328822367           96  214.865802   52.87341           96  -1.56916301751    8.80526986851           96 
/work/00115/gebhardt/maverick/vdrp/shifts/20170328v019/xy_exp03.dat  214.865844  52.873475           96   -1.2069129782   7.61115232448           96  214.865802   52.87341           96  -1.22642168509   7.36074392051           96 
/work/00115/gebhardt/maverick/vdrp/shifts/20170328v019/xy_exp03.dat  214.868769  52.871552           96   -9.9398980769   4.13886983712           96  214.868853  52.871542           96  -10.1199320367   4.18578561358           96 
/work/00115/gebhardt/maverick/vdrp/shifts/20170328v019/xy_exp03.dat  214.868921  52.872885           96  -8.15154097705    8.6042335344           96  214.869294  52.873027           96  -8.65927360606   9.41690732549           96 
/work/00115/gebhardt/maverick/vdrp/shifts/20170331v006/xy_exp03.dat  150.130119  2.370581           96   6.28962050149  -8.70483267536           96  150.130202  2.370488           96   6.39505564852  -9.14084236279           96 
/work/00115/gebhardt/maverick/vdrp/shifts/20170331v007/xy_exp01.dat  214.769322  52.803292           96   -8.27128121047    11.101698468           96  214.769026  52.803223           96   -8.96135175135   11.0789604861           96 
/work/00115/gebhardt/maverick/vdrp/shifts/20170331v007/xy_exp02.dat  214.769003  52.803344           96  -10.1325147439   11.2041822566           96  214.769026  52.803223           96   -10.2564472867   11.6247713588           96 
/work/00115/gebhardt/maverick/vdrp/shifts/20170331v007/xy_exp03.dat  214.769148   52.80314           96   -10.0555868164    10.5486078319           96  214.769026  52.803223           96   -10.1834220513   10.1698709405           96 
/work/00115/gebhardt/maverick/vdrp/shifts/20170331v013/xy_exp01.dat  214.879605  52.872442           96   1.95946613803  -15.8967897272           96  214.879448  52.872977           96   3.10992935955  -14.3149214237           96 
/work/00115/gebhardt/maverick/vdrp/shifts/20170418v003/xy_exp01.dat  189.517921  62.154549           96   10.7308581954  -4.32404448186           96  189.517969  62.154531           96    10.7298508157     -4.22054251425           96 
/work/00115/gebhardt/maverick/vdrp/shifts/20170418v003/xy_exp02.dat   189.51805  62.154562           96   11.7580875505  -5.13183771552           96  189.517969  62.154531           96   11.5861556371  -5.16985506966           96 
/work/00115/gebhardt/maverick/vdrp/shifts/20170418v003/xy_exp03.dat  189.518019  62.154576           96   10.0693547915  -5.90393728638           96  189.517969  62.154531           96   9.89005274726  -5.86982470707           96 
/work/00115/gebhardt/maverick/vdrp/shifts/20170419v006/xy_exp01.dat  214.527541  52.584736           96   9.68545885243   24.9098317597           96  214.527647  52.584979           96   10.2348106342     24.1906306891           96 
/work/00115/gebhardt/maverick/vdrp/shifts/20170420v016/xy_exp03.dat  214.141233  53.366216           96   -15.5696687414    1.42571487101           96  214.141573   53.36631           96   -16.0681497937   2.05774184962           96 
/work/00115/gebhardt/maverick/vdrp/shifts/20170420v017/xy_exp02.dat  215.223796  52.372481           96    24.8015042356  -4.38908867988           96  215.223949   52.37253           96    24.5696014258  -4.08838722571           96 
/work/00115/gebhardt/maverick/vdrp/shifts/20170420v017/xy_exp03.dat  215.223799  52.372568           96    23.4833782062  -3.24057445243           96  215.223949   52.37253           96    23.1266888732  -3.22721309279           96 
/work/00115/gebhardt/maverick/vdrp/shifts/20170421v016/xy_exp03.dat  214.139775  53.206905           96  -2.59729000944   24.4173193292           96   214.13961  53.206656           96  -2.67843483742   23.4563184393           96 
/work/00115/gebhardt/maverick/vdrp/shifts/20170421v016/xy_exp03.dat  214.126096  53.207489           96   24.7419382367   13.1539242138           96  214.126182  53.207672           96   24.8695141042   13.8263281779           96 
/work/00115/gebhardt/maverick/vdrp/shifts/20170421v017/xy_exp01.dat  214.139923  53.198452           96   -15.3095627516  -1.98965899899           96  214.140147  53.198314           96  -15.9633449138  -2.21930714259           96 
/work/00115/gebhardt/maverick/vdrp/shifts/20170421v017/xy_exp03.dat  214.139259  53.206785           96  -2.27537236525   23.9464839935           96   214.13961  53.206656           96  -3.15981098012   23.8677653182           96 
/work/00115/gebhardt/maverick/vdrp/shifts/20170423v008/xy_exp01.dat  213.994153  52.345992           96  -3.65278606199   -3.86875315763           96  213.994343  52.345868           96  -3.43204225759  -3.29853733459           96 
/work/00115/gebhardt/maverick/vdrp/shifts/20170423v008/xy_exp01.dat  213.999291  52.339655           96  -1.69619512483    21.5146261035           96  213.999079  52.339578           96  -2.23229851214   21.5975110051           96 
/work/00115/gebhardt/maverick/vdrp/shifts/20170423v008/xy_exp02.dat  213.999134  52.339665           96    -2.73302937738   22.2224797311           96  213.999079  52.339578           96   -2.96227221103   22.4677907069           96 
/work/00115/gebhardt/maverick/vdrp/shifts/20170423v008/xy_exp02.dat  213.994452   52.34589           96    -3.91001651749  -2.41213535043           96  213.994343  52.345868           96   -4.16196077323  -2.42826071366           96 
/work/00115/gebhardt/maverick/vdrp/shifts/20170423v008/xy_exp03.dat  213.999202  52.339612           96  -3.19964510297   21.3087316217           96  213.999079  52.339578           96  -3.49632731755    21.3211729662           96 
/work/00115/gebhardt/maverick/vdrp/shifts/20170423v008/xy_exp03.dat  213.994541  52.346053           96  -4.04307630867  -4.02989030883           96  213.994343  52.345868           96  -4.69587128522   -3.57488498639           96 
/work/00115/gebhardt/maverick/vdrp/shifts/20170423v015/xy_exp01.dat  215.244692  52.701271           96  -16.0784851903    3.63785306793           96  215.244729  52.701352           96  -16.0261823458    3.93586392353           96 
/work/00115/gebhardt/maverick/vdrp/shifts/20170423v015/xy_exp02.dat  215.244575  52.701285           96  -17.3021383172    4.07608971074           96  215.244729  52.701352           96  -17.5019838086    4.43817082708           96 
/work/00115/gebhardt/maverick/vdrp/shifts/20170423v015/xy_exp03.dat  215.244711  52.701289           96  -17.2684452567   2.80045706486           96  215.244729  52.701352           96  -17.2065300112   3.02214812767           96 
/work/00115/gebhardt/maverick/vdrp/shifts/20170423v016/xy_exp01.dat  215.783256  52.368551           96   8.45238088304  -9.21971449143           96  215.783199  52.368477           96   8.45498936262   -9.51409610471           96 
/work/00115/gebhardt/maverick/vdrp/shifts/20170423v016/xy_exp02.dat  215.783376  52.368507           96   6.51880320704  -8.90166670246           96  215.783199  52.368477           96   6.82722609592   -9.1622613168           96 
/work/00115/gebhardt/maverick/vdrp/shifts/20170423v016/xy_exp03.dat  215.783129  52.368405           96   7.38320422823  -11.0104557476           96  215.783199  52.368477           96    7.3516249029  -10.7106844177           96 
/work/00115/gebhardt/maverick/vdrp/shifts/20170427v004/xy_exp03.dat  214.414901  52.623802           96   25.6910752389   22.6880112896           96  214.414791  52.623642           96   25.2482222122   23.1278378091           96 
/work/00115/gebhardt/maverick/vdrp/shifts/20170427v004/xy_exp03.dat  214.398438  52.625837           96  -4.72573963852   2.12531386054           96  214.398284  52.625709           96  -5.21328878946   2.42177210223           96 
/work/00115/gebhardt/maverick/vdrp/shifts/20170427v005/xy_exp01.dat   214.27699  52.510745           96   6.37893744432   5.32415845554           96  214.276964  52.510648           96   6.19376816377   5.62565303331           96 
/work/00115/gebhardt/maverick/vdrp/shifts/20170427v005/xy_exp02.dat  214.277156  52.510612           96   4.96200126531   6.38907071758           96  214.276964  52.510648           96   4.62192847844   6.10958165075           96 
/work/00115/gebhardt/maverick/vdrp/shifts/20170427v005/xy_exp03.dat   214.27701  52.510649           96   5.14861978419   4.57075603684           96  214.276964  52.510648           96   5.05400028672   4.53585533241           96 
/work/00115/gebhardt/maverick/vdrp/shifts/20170427v013/xy_exp01.dat   214.39825  53.199309           96   21.3907363254   -17.7529963192           96  214.398282   53.19918           96   21.1219380671  -18.1379351772           96 
/work/00115/gebhardt/maverick/vdrp/shifts/20170427v013/xy_exp02.dat  214.398229    53.1992           96   19.9348689549  -17.8282709427           96  214.398282   53.19918           96   19.8004611912    -17.841767456           96 
/work/00115/gebhardt/maverick/vdrp/shifts/20170427v013/xy_exp03.dat  214.398089  53.199229           96   20.4381183746  -19.2894443648           96  214.398282   53.19918           96   19.9869157635  -19.2618024176           96 
/work/00115/gebhardt/maverick/vdrp/shifts/20170427v014/xy_exp01.dat   214.41443  52.707387           96  -9.40525030342   23.2898322925           96  214.414509  52.707347           96  -9.62267506177   23.2336647504           96 
/work/00115/gebhardt/maverick/vdrp/shifts/20170427v014/xy_exp02.dat  214.414444  52.707432           96   -10.5849569575   24.0293503148           96  214.414509  52.707347           96     -10.84428708   23.8137461331           96 
/work/00115/gebhardt/maverick/vdrp/shifts/20170427v014/xy_exp03.dat  214.414392    52.7074           96   -10.5799972352   22.3452174187           96  214.414509  52.707347           96   -10.8923697956   22.2823281374           96 
/work/00115/gebhardt/maverick/vdrp/shifts/20170428v007/xy_exp01.dat  215.666834  52.681883           96   23.5742884081  -2.26997304084           96  215.666903  52.681882           96   23.7118510941  -2.20859807173           96 
/work/00115/gebhardt/maverick/vdrp/shifts/20170428v007/xy_exp02.dat  215.667116  52.682081           96    23.2290151325  -2.05528237037           96  215.666903  52.681882           96    22.5239040324  -1.57346344189           96 
/work/00115/gebhardt/maverick/vdrp/shifts/20170428v007/xy_exp03.dat  215.667128  52.681823           96    23.2490198698  -2.60094939908           96  215.666903  52.681882           96    22.8778033123  -2.98623864843           96 
/work/00115/gebhardt/maverick/vdrp/shifts/20170428v019/xy_exp02.dat  214.125474  52.700778           96   6.04314675006  -8.62610404473           96  214.125329  52.700768           96     6.313674033  -8.79394353157           96 
/work/00115/gebhardt/maverick/vdrp/shifts/20170501v011/xy_exp01.dat  214.965732  53.198262           96  -7.81693137134   -6.11063830885           96  214.965739  53.198383           96  -7.63591424555   -5.71414245331           96 
/work/00115/gebhardt/maverick/vdrp/shifts/20170501v011/xy_exp01.dat  214.967332  53.200347           96  -7.55219585309    2.14622881483           96  214.967346   53.20029           96  -7.67084817785    1.97611024847           96 
/work/00115/gebhardt/maverick/vdrp/shifts/20170501v011/xy_exp03.dat  214.958906  53.201125           96   8.82417618296  -4.62629679188           96  214.958983  53.201142           96    8.70292508184  -4.49739866125           96 
/work/00115/gebhardt/maverick/vdrp/shifts/20170501v012/xy_exp01.dat  215.792646  52.533527           96  -9.51548774836   -5.37941652559           96  215.792882  52.533481           96   -10.053853914  -5.31101659514           96 
/work/00115/gebhardt/maverick/vdrp/shifts/20170501v012/xy_exp02.dat  215.793099  52.533541           96  -11.8080237235  -4.37356092919           96  215.792882  52.533481           96  -11.4686863809    -4.7702027999           96 
/work/00115/gebhardt/maverick/vdrp/shifts/20170501v012/xy_exp03.dat  215.792436  52.533507           96  -10.379947869  -6.56513512683           96  215.792882  52.533481           96  -11.3046377775   -6.2370753975           96 
/work/00115/gebhardt/maverick/vdrp/shifts/20170502v009/xy_exp03.dat  214.675714   53.03326           96     17.945533584   -15.865690961           96   214.67574  53.033383           96    18.0905115034  -15.4435270611           96 
/work/00115/gebhardt/maverick/vdrp/shifts/20170502v010/xy_exp01.dat  214.969653  53.034434           96  -15.2526403306      6.7556208249           96  214.969975  53.034501           96  -15.7722786572     7.2791277356           96 
/work/00115/gebhardt/maverick/vdrp/shifts/20170502v010/xy_exp02.dat   214.97014  53.034743           96  -16.4467197972     8.7807446314           96  214.969975  53.034501           96  -16.5096573332     7.8412661786           96 
/work/00115/gebhardt/maverick/vdrp/shifts/20170502v010/xy_exp03.dat  214.969712  53.034602           96   -16.0569153695   6.58070918412           96  214.969975  53.034501           96  -16.7281981761   6.50496669543           96 
/work/00115/gebhardt/maverick/vdrp/shifts/20170502v010/xy_exp03.dat  214.963987  53.036296           96   -2.24449797999   6.59928653732           96  214.963669  53.036304           96   -1.6137457419   6.32207087982           96 
/work/00115/gebhardt/maverick/vdrp/shifts/20170502v011/xy_exp01.dat  215.514931  53.367056           96   9.73431215596  -4.61929433528           96  215.514793  53.366974           96   9.86554609412  -5.01652852057           96 
/work/00115/gebhardt/maverick/vdrp/shifts/20170502v011/xy_exp02.dat  215.514683  53.366983           96   8.85837224276   -4.3899322652           96  215.514793  53.366974           96    8.6329073198   -4.3121651306           96 
/work/00115/gebhardt/maverick/vdrp/shifts/20170502v011/xy_exp03.dat  215.514757  53.367034           96    8.89026694522  -5.69309799956           96  215.514793  53.366974           96    8.72374898339   -5.8509206581           96 
/work/00115/gebhardt/maverick/vdrp/shifts/20170502v012/xy_exp02.dat  215.517884  52.371448           96  -10.4652928396    10.8220836786           96  215.517954  52.371436           96  -10.6231542542    10.846939821           96 
/work/00115/gebhardt/maverick/vdrp/shifts/20170503v007/xy_exp01.dat  214.967338   53.37017           96    0.739843720468     13.06687637           96  214.967568  53.370125           96   0.225972738692   13.1458579067           96 
/work/00115/gebhardt/maverick/vdrp/shifts/20170503v007/xy_exp02.dat  214.967356  53.369962           96  -0.901814548239   13.9075782654           96  214.967568  53.370125           96  -1.04249105959   14.6368931736           96 
/work/00115/gebhardt/maverick/vdrp/shifts/20170503v007/xy_exp03.dat  214.967395  53.370181           96   -1.34693748514   13.1605314586           96  214.967568  53.370125           96   -1.76953036485   13.1488210389           96 
/work/00115/gebhardt/maverick/vdrp/shifts/20170503v008/xy_exp01.dat  214.403989    52.3672           96  -3.92811482304  -8.87231116394           96  214.404042  52.367193           96  -4.04447483456  -8.84646120807           96 
/work/00115/gebhardt/maverick/vdrp/shifts/20170503v008/xy_exp01.dat  214.407584  52.376407           96   2.76210298682   24.5385644304           96  214.407324  52.376366           96   3.21933418161   24.1654326152           96 
/work/00115/gebhardt/maverick/vdrp/shifts/20170503v008/xy_exp02.dat  214.407123  52.376443           96   2.18936262918    24.7072741137           96  214.407324  52.376366           96    1.67216775706   24.6403258475           96 
/work/00115/gebhardt/maverick/vdrp/shifts/20170503v008/xy_exp02.dat  214.404195  52.367168           96  -5.93509845149   -8.31253818983           96  214.404042  52.367193           96   -5.59197409711  -8.37149509966           96 
/work/00115/gebhardt/maverick/vdrp/shifts/20170503v008/xy_exp03.dat  214.403941  52.367017           96   -5.21716894391  -10.6685793867           96  214.404042  52.367193           96   -5.15375354101  -10.0002079979           96 
/work/00115/gebhardt/maverick/vdrp/shifts/20170503v008/xy_exp03.dat  214.407417  52.376409           96    1.98929541763   23.2377754683           96  214.407324  52.376366           96    2.11016500625   23.0116611736           96 
/work/00115/gebhardt/maverick/vdrp/shifts/20170503v009/xy_exp03.dat  214.674905  52.538216           96   17.8175809169  -1.23082458888           96  214.674851  52.537961           96    17.535907989    -2.11251032134           96 
/work/00115/gebhardt/maverick/vdrp/shifts/20170522v005/xy_exp01.dat  215.792709  52.533477           96  -10.6452759782   -14.6957987978           96  215.792882  52.533481           96  -10.9819976023  -14.5215795085           96 
/work/00115/gebhardt/maverick/vdrp/shifts/20170522v005/xy_exp02.dat   215.79286  52.533484           96   -11.9047058248    -13.558692156           96  215.792882  52.533481           96  -11.9528999713  -13.5479676137           96 
/work/00115/gebhardt/maverick/vdrp/shifts/20170522v005/xy_exp03.dat  215.792829  52.533376           96  -12.4025718036  -15.5045798659           96  215.792882  52.533481           96   -12.346777326  -15.1131178172           96 
/work/00115/gebhardt/maverick/vdrp/shifts/20170523v008/xy_exp01.dat  215.517904  52.371435           96  -8.45361277995  0.620434722345           96  215.517954  52.371436           96  -8.55188342854  0.669763262869           96 
/work/00115/gebhardt/maverick/vdrp/shifts/20170523v008/xy_exp02.dat  215.521075  52.373564           96  -12.4117461448   11.0876729154           96  215.521063  52.373529           96  -12.4406152009    10.962220657           96 
/work/00115/gebhardt/maverick/vdrp/shifts/20170523v008/xy_exp02.dat  215.517845   52.37143           96  -9.18624521775   1.13706059464           96  215.517954  52.371436           96  -9.39471083582   1.25708398267           96 
/work/00115/gebhardt/maverick/vdrp/shifts/20170523v008/xy_exp03.dat  215.517498  52.371436           96     -8.98090831  -0.401008519673           96  215.517954  52.371436           96  -9.89089574605  0.0190612996047           96 
/work/00115/gebhardt/maverick/vdrp/shifts/20170525v013/xy_exp01.dat  214.694875   53.03541           96   -15.3500701285    1.85114940451           96  214.695026  53.035487           96    -15.521172752    2.24410520021           96 
/work/00115/gebhardt/maverick/vdrp/shifts/20170525v013/xy_exp03.dat  214.675206  53.033014           96    17.7096918212  -25.3646287331           96   214.67574  53.033383           96    17.2576306445  -23.6626498035           96 
/work/00115/gebhardt/maverick/vdrp/shifts/20170525v013/xy_exp03.dat  214.681177  53.037096           96    12.5862462795  -6.47601762299           96  214.681031  53.037238           96    13.0952989097  -6.15652683453           96 
/work/00115/gebhardt/maverick/vdrp/shifts/20170527v011/xy_exp01.dat  214.967372  53.370119           96   0.859623037315    3.90633304099           96  214.967568  53.370125           96   0.494226131355   4.11653914432           96 
/work/00115/gebhardt/maverick/vdrp/shifts/20170527v011/xy_exp02.dat  214.967735  53.370033           96   -1.24673224827    4.46940984866           96  214.967568  53.370125           96  -0.776822454515      4.601872984           96 
/work/00115/gebhardt/maverick/vdrp/shifts/20170527v011/xy_exp03.dat    214.9677   53.37004           96  -1.13184078165   3.38895142869           96  214.967568  53.370125           96  -0.74036077571   3.53305751686           96 
/work/00115/gebhardt/maverick/vdrp/shifts/20170529v007/xy_exp02.dat  214.670873  52.537842           96   25.1290219911   -13.227593539           96  214.670072  52.537928           96   26.8484757887  -13.6918658702           96 
/work/00115/gebhardt/maverick/vdrp/shifts/20170529v008/xy_exp02.dat  215.230706   53.20505           96   24.9145530857  -4.69766027666           96  215.230133  53.205147           96   26.1759495995    -4.937103345           96 
/work/00115/gebhardt/maverick/vdrp/shifts/20170529v009/xy_exp01.dat  214.950536   52.70632           96   24.7749616182  -4.37451998223           96  214.951047  52.706205           96   23.5905471735  -4.26995781397           96 
/work/00115/gebhardt/maverick/vdrp/shifts/20170529v009/xy_exp01.dat  214.958782  52.704021           96    4.9767002905  -4.12713363034           96  214.958804   52.70405           96   4.97818595477  -4.01224125285           96 
/work/00115/gebhardt/maverick/vdrp/shifts/20170529v009/xy_exp02.dat   214.95881  52.704058           96   3.79670724844  -3.41863343102           96  214.958804   52.70405           96    3.7961612705  -3.45026327885           96 
/work/00115/gebhardt/maverick/vdrp/shifts/20170529v009/xy_exp03.dat  214.958785  52.704035           96   3.73132481839  -4.75480300837           96  214.958804   52.70405           96   3.71708052523   -4.68823813866           96 
/work/00115/gebhardt/maverick/vdrp/shifts/20170530v006/xy_exp01.dat  214.688599  52.541144           96  -3.93252869776   13.4508969986           96  214.688707  52.541173           96  -4.10242832225   13.6457034334           96 
/work/00115/gebhardt/maverick/vdrp/shifts/20170530v006/xy_exp02.dat  214.670835  52.537844           96   24.9414975921   -13.2574439918           96  214.670072  52.537928           96   26.5829344354   -13.6914903477           96 
/work/00115/gebhardt/maverick/vdrp/shifts/20170615v009/xy_exp02.dat  214.769977  52.748972           96  -5.86201250767   -15.0164757435           96  214.769927  52.749252           96   -5.32778052449  -14.1547706224           96 
/work/00115/gebhardt/maverick/vdrp/shifts/20170615v009/xy_exp03.dat   214.77026  52.749233           96  -6.01269428624  -15.2196908604           96  214.769927  52.749252           96   -5.32885854343  -15.4718848854           96 
/work/00115/gebhardt/maverick/vdrp/shifts/20170617v008/xy_exp02.dat  214.769822  52.749371           96   -4.75600139042  -15.1182001191           96  214.769927  52.749252           96   -5.14733188988   -15.4058446843           96 
/work/00115/gebhardt/maverick/vdrp/shifts/20170617v008/xy_exp03.dat  214.767991  52.750757           96    0.93093326117  -13.7450925334           96   214.76777  52.750817           96    1.45855998725   -13.7581385921           96 
/work/00115/gebhardt/maverick/vdrp/shifts/20170621v007/xy_exp01.dat  214.759177    52.7377           96    0.691860901373  -13.8355545174           96  214.759301  52.738069           96    1.02059544132  -12.5203967018           96 
/work/00115/gebhardt/maverick/vdrp/shifts/20170621v007/xy_exp01.dat  214.759177    52.7377           96    0.691860901373  -13.8355545174           96   214.75935  52.737027           96  -0.692756486495  -15.8591683614           96 
/work/00115/gebhardt/maverick/vdrp/shifts/20170621v007/xy_exp02.dat  214.759269   52.73807           96  -0.228338105086  -11.4010998226           96  214.759301  52.738069           96  -0.292826005576  -11.3742816911           96 
/work/00115/gebhardt/maverick/vdrp/shifts/20170621v007/xy_exp02.dat  214.759403  52.736691           96   -2.63187278962  -15.7546852308           96   214.75935  52.737027           96   -2.00621363031  -14.7130350994           96 
/work/00115/gebhardt/maverick/vdrp/shifts/20170621v007/xy_exp03.dat  214.759666  52.737577           96   -1.89249763758  -14.2486923485           96  214.759301  52.738069           96  -0.411126731743  -12.9934441885           96 
/work/00115/gebhardt/maverick/vdrp/shifts/20170621v007/xy_exp03.dat  214.759666  52.737577           96   -1.89249763758  -14.2486923485           96   214.75935  52.737027           96   -2.12450184438  -16.3322039314           96 
/work/00115/gebhardt/maverick/vdrp/shifts/20170625v005/xy_exp01.dat  214.779112  52.745175           96   18.1715557699  -15.4950787673           96  214.778752  52.745301           96   19.0750140099  -15.4241388304           96 
/work/00115/gebhardt/maverick/vdrp/shifts/20170625v005/xy_exp02.dat  214.778739  52.745177           96   17.4952603864  -15.0042562637           96  214.778752  52.745301           96   17.6622019705  -14.5892779044           96 
/work/00115/gebhardt/maverick/vdrp/shifts/20170625v005/xy_exp03.dat  214.778743  52.745422           96   17.8036943962  -15.8100331968           96  214.778752  52.745301           96    17.598154163  -16.1945927958           96 
/work/00115/gebhardt/maverick/vdrp/shifts/20170626v003/xy_exp01.dat  214.778262  52.735595           96    12.7897391366   5.34890846509           96   214.77827  52.735593           96    12.7708996287    5.34991157791           96 
/work/00115/gebhardt/maverick/vdrp/shifts/20170626v003/xy_exp01.dat  214.786749   52.73351           96   -7.14003377279   6.53387904778           96   214.78678  52.733463           96   -7.27384749794    6.41022942522           96 
/work/00115/gebhardt/maverick/vdrp/shifts/20170626v003/xy_exp02.dat   214.77828  52.735533           96   11.4085836053    6.0390914372           96   214.77827  52.735593           96   11.5211947413    6.22469881392           96 
/work/00115/gebhardt/maverick/vdrp/shifts/20170626v003/xy_exp02.dat  214.786568  52.733476           96   -8.0862496941   7.12857014955           96   214.78678  52.733463           96   -8.5235425565    7.28520881942           96 
/work/00115/gebhardt/maverick/vdrp/shifts/20170626v003/xy_exp03.dat   214.77828  52.735544           96   11.2694318668    4.47432573976           96   214.77827  52.735593           96   11.3650045803    4.6241860272           96 
/work/00115/gebhardt/maverick/vdrp/shifts/20170626v003/xy_exp03.dat  214.786761  52.733634           96  -8.37742439912    6.22248171704           96   214.78678  52.733463           96  -8.67973614373   5.68462649172           96 
/work/00115/gebhardt/maverick/vdrp/shifts/20170628v005/xy_exp01.dat  215.177397  53.005888           96    7.5215498416  -20.0396482248           96  215.177528  53.006002           96   7.44710629673  -19.5462750344           96 
/work/00115/gebhardt/maverick/vdrp/shifts/20170628v005/xy_exp02.dat  215.174296  53.007227           96    14.2917750616  -18.1870722004           96  215.174113  53.007256           96    14.6937200421  -18.2675739902           96 
/work/00115/gebhardt/maverick/vdrp/shifts/20170628v005/xy_exp02.dat  215.177451  53.005992           96     6.1986626217  -19.1756360843           96  215.177528  53.006002           96    6.06467706368  -19.0699655933           96 
/work/00115/gebhardt/maverick/vdrp/shifts/20170628v005/xy_exp03.dat  215.177605   53.00609           96    6.06374599378  -19.8791630016           96  215.177528  53.006002           96    6.07427382331  -20.2370376908           96 
/work/00115/gebhardt/maverick/vdrp/shifts/20170630v008/xy_exp03.dat  215.197872  53.002527           96   16.2897109499   -4.5673916336           96  215.197843   53.00261           96   16.4772257614  -4.32642049135           96 
/work/00115/gebhardt/maverick/vdrp/shifts/20170701v008/xy_exp01.dat  215.236667  52.872653           96    9.82109554336   9.27981568991           96  215.236573  52.872781           96     10.206590471    9.6045479073           96 
/work/00115/gebhardt/maverick/vdrp/shifts/20170701v008/xy_exp01.dat  215.242297  52.870902           96   -3.93782606883   8.97387970659           96   215.24225  52.870836           96   -3.95013698452   8.71555151111           96 
/work/00115/gebhardt/maverick/vdrp/shifts/20170701v008/xy_exp02.dat  215.237094  52.872604           96    7.62104677695   10.3561310441           96  215.236573  52.872781           96    8.91787482335   10.4329072918           96 
/work/00115/gebhardt/maverick/vdrp/shifts/20170701v008/xy_exp03.dat  215.236935  52.872583           96   7.70391663898   8.78988841372           96  215.236573  52.872781           96    8.72329850686   9.08599974291           96 
/work/00115/gebhardt/maverick/vdrp/shifts/20170701v009/xy_exp01.dat  215.517466  53.200541           96   4.93707887877     -6.09242178488           96  215.517566  53.200399           96   4.51689548487  -6.45474168902           96 
/work/00115/gebhardt/maverick/vdrp/shifts/20170701v009/xy_exp02.dat  215.517299  53.200645           96   3.77102815907    -5.1771862561           96  215.517566  53.200399           96   2.86192713279  -5.71509207632           96 
/work/00115/gebhardt/maverick/vdrp/shifts/20170701v009/xy_exp03.dat   215.51748  53.200416           96   3.02771748849    -6.77353405129           96  215.517566  53.200399           96    2.8343699465   -6.74603434802           96 
/work/00115/gebhardt/maverick/vdrp/shifts/20170720v002/xy_exp01.dat  215.177252  53.006014           96    7.36931365219  -19.5138668753           96  215.177528  53.006002           96    6.81331465738    -19.2898272866           96 
/work/00115/gebhardt/maverick/vdrp/shifts/20170720v002/xy_exp02.dat  215.177627  53.006355           96   5.89154613009  -17.3837093819           96  215.177528  53.006002           96   5.52548316556  -18.6193995245           96 
/work/00115/gebhardt/maverick/vdrp/shifts/20170720v002/xy_exp02.dat  215.175802  53.016148           96   24.9407108467   12.5438896953           96   215.17629  53.016299           96   24.2304129785   13.4967612652           96 
/work/00115/gebhardt/maverick/vdrp/shifts/20170720v002/xy_exp02.dat  215.174101  53.007199           96   14.0876380943  -18.0123951721           96  215.174113  53.007256           96   14.1544935995  -17.8166573993           96 
/work/00115/gebhardt/maverick/vdrp/shifts/20170720v002/xy_exp03.dat  215.176126  53.016511           96    24.7693643707   12.8001040836           96   215.17629  53.016299           96    24.1148366406   12.2707452026           96 
/work/00115/gebhardt/maverick/vdrp/shifts/20170720v002/xy_exp03.dat  215.177647  53.005985           96    5.15155623458  -19.7871071156           96  215.177528  53.006002           96     5.4099963388  -19.8454670435           96 
/work/00115/gebhardt/maverick/vdrp/shifts/20171220v015/xy_exp01.dat  149.964556  2.136113           96   14.4168776141    8.64902503117           96  149.964452  2.136165           96   14.0619216024    8.87045598224           96 
/work/00115/gebhardt/maverick/vdrp/shifts/20171221v016/xy_exp01.dat  149.964457  2.136219           96    13.9646133908       8.927288016           96  149.964452  2.136165           96    14.1210894696    9.04403684373           96 
/work/00115/gebhardt/maverick/vdrp/shifts/20171221v016/xy_exp03.dat  149.964485  2.136041           96   13.3403794021     8.55418824212           96  149.964452  2.136165           96   12.8975938188    8.42262661017           96 
/work/00115/gebhardt/maverick/vdrp/shifts/20171225v015/xy_exp01.dat  149.964616  2.136133           96   7.57756360512    6.74668613554           96  149.964452  2.136165           96   7.17133624292    7.1897895002           96 
/work/00115/gebhardt/maverick/vdrp/shifts/20171225v015/xy_exp02.dat  149.964437  2.136167           96    5.85369861232      7.8807764936           96  149.964452  2.136165           96    5.88800760619     7.8385071035           96 
/work/00115/gebhardt/maverick/vdrp/shifts/20171225v015/xy_exp03.dat  149.964268  2.136107           96    5.75174528903    7.0128627445           96  149.964452  2.136165           96    5.91917194914   6.33926551564           96 
/work/00115/gebhardt/maverick/vdrp/shifts/20180113v013/xy_exp01.dat  149.964426  2.136031           96   5.21484042443    7.56018159093           96  149.964452  2.136165           96   4.85211664999   7.22868353772           96 
/work/00115/gebhardt/maverick/vdrp/shifts/20180113v013/xy_exp02.dat    149.9643  2.135967           96   3.82345513932     8.75872244775           96  149.964452  2.136165           96   3.50069408349    7.92031601108           96 
/work/00115/gebhardt/maverick/vdrp/shifts/20180114v013/xy_exp02.dat  149.964584  2.136158           96   12.0403219522    8.93049745373           96  149.964452  2.136165           96    11.770985355     9.32241028468           96 
/work/00115/gebhardt/maverick/vdrp/shifts/20180120v008/xy_exp01.dat   149.96441  2.136223           96   13.6473344846   9.12590678127           96  149.964452  2.136165           96    13.904298732    9.10598785207           96 
/work/00115/gebhardt/maverick/vdrp/shifts/20180120v008/xy_exp02.dat  149.964354  2.136191           96   12.3196680166   10.0681300928           96  149.964452  2.136165           96   12.5835022029    9.81624077114           96 
/work/00115/gebhardt/maverick/vdrp/shifts/20180123v009/xy_exp01.dat  149.964527  2.136242           96    13.8364717862    8.98285096211           96  149.964452  2.136165           96     13.932202041        9.35765109           96 
/work/00115/gebhardt/maverick/vdrp/shifts/20180123v009/xy_exp02.dat  149.964219   2.13606           96   12.6759156147   10.9635491406           96  149.964452  2.136165           96   12.7907219513    10.0512349418           96 
/work/00115/gebhardt/maverick/vdrp/shifts/20180124v010/xy_exp01.dat  149.964504   2.13627           96   13.8102620176       8.93360453085           96  149.964452  2.136165           96   14.0351703203    9.29039052388           96 
/work/00115/gebhardt/maverick/vdrp/shifts/20180124v010/xy_exp02.dat   149.96434  2.136027           96   12.9350440761   10.5237436425           96  149.964452  2.136165           96   12.7213797072    9.92083036472           96 
/work/00115/gebhardt/maverick/vdrp/shifts/20180124v010/xy_exp03.dat  149.964426   2.13609           96   12.8038422017     8.64727614071           96  149.964452  2.136165           96   12.6222821671    8.42662915062           96 
/work/00115/gebhardt/maverick/vdrp/shifts/20180209v009/xy_exp01.dat  149.964422  2.136179           96     14.1501986651    9.49453642761           96  149.964452  2.136165           96    14.2495031593      9.42875912727           96 
/work/00115/gebhardt/maverick/vdrp/shifts/20180209v009/xy_exp02.dat  149.964349  2.136209           96   12.5696632293   10.3539393485           96  149.964452  2.136165           96   12.8981191415    10.1204659237           96 
/work/00115/gebhardt/maverick/vdrp/shifts/20180210v006/xy_exp01.dat  149.964456  2.136251           96     13.5088021999     8.95726020832           96  149.964452  2.136165           96   13.7654220425     9.1310584806           96 
/work/00115/gebhardt/maverick/vdrp/shifts/20180210v006/xy_exp03.dat  149.964372  2.136092           96   12.5870361289    8.66357340287           96  149.964452  2.136165           96   12.5129835889    8.28093815834           96 
/work/00115/gebhardt/maverick/vdrp/shifts/20180222v020/xy_exp01.dat   189.43656   62.25449           96    21.7583396745    6.67940855361           96  189.436952  62.254497           96    21.4009140373    7.23122730085           96 
/work/00115/gebhardt/maverick/vdrp/shifts/20180222v020/xy_exp02.dat  189.436544  62.254431           96   20.3296569051    7.33992667628           96  189.436952  62.254497           96    20.1305236984   8.03589837636           96 
/work/00115/gebhardt/maverick/vdrp/shifts/20180222v020/xy_exp02.dat  189.442696  62.244407           96  -15.1186106775   -4.98874151015           96  189.442465  62.244523           96    -14.554233801  -5.06524479868           96 
/work/00115/gebhardt/maverick/vdrp/shifts/20180222v020/xy_exp03.dat  189.436762  62.254469           96    20.3193489475    6.40361084166           96  189.436952  62.254497           96    20.2185590921    6.72204820659           96 
/work/00115/gebhardt/maverick/vdrp/shifts/20180222v020/xy_exp03.dat  189.442103  62.244461           96   -14.2994438322   -7.00426275869           96  189.442465  62.244523           96   -14.4660625154   -6.37945357427           96 
