/work/00115/gebhardt/maverick/vdrp/shifts/20170418v003/xy_exp01.dat  189.690849  62.201959          103   24.6469452597   18.0194768579          103  189.690798  62.202614          103    26.4429315236      16.4891288968          103 
/work/00115/gebhardt/maverick/vdrp/shifts/20170418v003/xy_exp03.dat  189.678301  62.197128          103  -2.90600902666   10.6427772192          103  189.677967  62.197149          103  -3.19463513488   10.1560008375          103 
/work/00115/gebhardt/maverick/vdrp/shifts/20170418v004/xy_exp01.dat   150.05866  1.920753          103    6.51849306275  -12.9001094657          103  150.058546  1.920771          103    6.69180697447   -12.5227475469          103 
/work/00115/gebhardt/maverick/vdrp/shifts/20170418v004/xy_exp01.dat  150.055299  1.926453          103   -3.86388588881   8.53622588707          103   150.05518  1.926413          103   -3.50678400146    8.81287598174          103 
/work/00115/gebhardt/maverick/vdrp/shifts/20170418v004/xy_exp02.dat  150.054791  1.926217          103  -1.60306009017     7.8007189991          103   150.05518  1.926413          103  -2.96592417268   7.02651119418          103 
/work/00115/gebhardt/maverick/vdrp/shifts/20170418v013/xy_exp02.dat  189.363958  62.352072          103  13.7588466211   6.75958141435          103   189.36332  62.352064          103  14.3480384025   5.87097450098          103 
/work/00115/gebhardt/maverick/vdrp/shifts/20170418v013/xy_exp03.dat  189.363516  62.352319          103   13.4682621984    6.4655623688          103   189.36332  62.352064          103   12.9053878476    5.6698786298          103 
/work/00115/gebhardt/maverick/vdrp/shifts/20170419v006/xy_exp01.dat  214.670441  52.595068          103   12.6417732711    9.9874899477          103  214.670401   52.59464          103   11.9733544079     11.3785155839          103 
/work/00115/gebhardt/maverick/vdrp/shifts/20170419v006/xy_exp02.dat  214.670392  52.594655          103   12.2032112843      9.97404050298          103  214.670401   52.59464          103   12.2008135358    10.0314656021          103 
/work/00115/gebhardt/maverick/vdrp/shifts/20170419v006/xy_exp03.dat  214.670425  52.594843          103   10.8902422139    9.55704208569          103  214.670401   52.59464          103   10.5630397253   10.2126076064          103 
/work/00115/gebhardt/maverick/vdrp/shifts/20170420v016/xy_exp02.dat   214.02387  53.435742          103   23.8009876176     10.6226281675          103  214.024072  53.435557          103   23.1141454775    10.2232765119          103 
/work/00115/gebhardt/maverick/vdrp/shifts/20170420v016/xy_exp03.dat  214.016621  53.428244          103    23.8443857926   -20.0383936813          103   214.01638  53.428133          103    24.1258676782   -20.628037846          103 
/work/00115/gebhardt/maverick/vdrp/shifts/20170420v017/xy_exp03.dat  215.121183  52.432158          103    17.7275709139  -2.23395986205          103  215.120941  52.432154          103    18.2045394296  -2.46816609337          103 
/work/00115/gebhardt/maverick/vdrp/shifts/20170421v016/xy_exp01.dat  214.032636  53.259867          103    -10.072306537  -6.70805508767          103  214.032655  53.259731          103    -10.3265607068  -7.12845903872          103 
/work/00115/gebhardt/maverick/vdrp/shifts/20170421v016/xy_exp01.dat  214.024622  53.266271          103    15.6320610362    6.2761199121          103  214.024594   53.26626          103     15.6684745857   6.21385499626          103 
/work/00115/gebhardt/maverick/vdrp/shifts/20170421v016/xy_exp02.dat   214.02453  53.266295          103   16.2462859362    4.74180064946          103  214.024594   53.26626          103   16.0668479771     4.69015240521          103 
/work/00115/gebhardt/maverick/vdrp/shifts/20170421v016/xy_exp02.dat  214.032366  53.259821          103  -9.22658633245   -8.63869027728          103  214.032655  53.259731          103  -9.92809747464    -8.65233555499          103 
/work/00115/gebhardt/maverick/vdrp/shifts/20170421v016/xy_exp03.dat  214.024616  53.266261          103   14.6437978445    5.3196305226          103  214.024594   53.26626          103    14.684634303   5.29535693982          103 
/work/00115/gebhardt/maverick/vdrp/shifts/20170421v016/xy_exp03.dat  214.032491  53.259725          103  -11.0036688586  -8.22319225329          103  214.032655  53.259731          103  -11.3104414962  -8.04687666546          103 
/work/00115/gebhardt/maverick/vdrp/shifts/20170421v017/xy_exp01.dat  214.032627  53.259866          103   -9.94384532986  -6.81109369341          103  214.032655  53.259731          103  -10.2136798743  -7.21977869168          103 
/work/00115/gebhardt/maverick/vdrp/shifts/20170421v017/xy_exp01.dat  214.024589  53.266299          103    15.8474037012   6.25510744522          103  214.024594   53.26626          103   15.7754266215   6.13408026967          103 
/work/00115/gebhardt/maverick/vdrp/shifts/20170421v017/xy_exp02.dat  214.032431  53.259888          103   -10.4453155665   -5.91167551872          103  214.032655  53.259731          103    -11.128507758   -6.20389516509          103 
/work/00115/gebhardt/maverick/vdrp/shifts/20170421v017/xy_exp02.dat  214.024566  53.266319          103     15.009026442    7.31330650212          103  214.024594   53.26626          103    14.8607089057    7.14974968398          103 
/work/00115/gebhardt/maverick/vdrp/shifts/20170421v017/xy_exp02.dat   214.03918  53.267125          103    -11.896094513    23.8854451824          103  214.039275   53.26731          103    -11.783561987    24.5730035288          103 
/work/00115/gebhardt/maverick/vdrp/shifts/20170421v017/xy_exp03.dat  214.024597  53.266292          103   14.2126731126   5.95214937656          103  214.024594   53.26626          103   14.1673173588    5.8460561774          103 
/work/00115/gebhardt/maverick/vdrp/shifts/20170421v017/xy_exp03.dat  214.032523  53.259942          103  -11.2299013575  -6.95320228694          103  214.032655  53.259731          103  -11.8219024852  -7.50758082191          103 
/work/00115/gebhardt/maverick/vdrp/shifts/20170423v008/xy_exp01.dat  214.150118  52.352779          103   23.6553788896    1.27718396081          103  214.149729  52.352594          103   22.6137368406   1.57750142417          103 
/work/00115/gebhardt/maverick/vdrp/shifts/20170423v015/xy_exp01.dat    215.1321  52.767289          103    7.4795730971    13.1409925523          103  215.132864   52.76732          103   6.02327317077    13.9540244376          103 
/work/00115/gebhardt/maverick/vdrp/shifts/20170424v009/xy_exp01.dat  214.418581  52.350173          103    6.07369293471   4.40199366782          103  214.418633  52.350098          103   6.07933607239   4.69515669245          103 
/work/00115/gebhardt/maverick/vdrp/shifts/20170424v009/xy_exp01.dat  214.425154  52.345807          103    13.6410534346   24.3700463361          103  214.424432   52.34609          103   12.5463422927   22.8335537144          103 
/work/00115/gebhardt/maverick/vdrp/shifts/20170424v009/xy_exp02.dat  214.418422  52.350099          103    4.33370573965   4.96094375259          103  214.418633  52.350098          103    4.76302219874   5.13698056847          103 
/work/00115/gebhardt/maverick/vdrp/shifts/20170424v009/xy_exp03.dat    214.4185  52.350053          103    4.76575930356    3.76115125167          103  214.418633  52.350098          103   5.09751127116   3.71964515653          103 
/work/00115/gebhardt/maverick/vdrp/shifts/20170427v003/xy_exp01.dat  214.146893   52.85053          103    4.79977917137   11.4746951179          103  214.146939  52.850624          103   5.02365359668   11.2019374993          103 
/work/00115/gebhardt/maverick/vdrp/shifts/20170427v004/xy_exp03.dat  214.539327  52.639228          103  -1.93657611445   -24.623099864          103  214.539395   52.63908          103  -2.00269296769  -24.0739414704          103 
/work/00115/gebhardt/maverick/vdrp/shifts/20170427v004/xy_exp03.dat  214.539327  52.639228          103  -1.93657611445   -24.623099864          103  214.539395   52.63908          103  -2.00269296769  -24.0739414704          103 
/work/00115/gebhardt/maverick/vdrp/shifts/20170427v014/xy_exp01.dat  214.295016  52.764096          103   13.1783749681  -3.69196983703          103  214.295055  52.764131          103   13.1554291882  -3.54174604825          103 
/work/00115/gebhardt/maverick/vdrp/shifts/20170427v014/xy_exp02.dat  214.295086  52.763948          103    11.5917938835  -3.53116253577          103  214.295055  52.764131          103    11.9344488189  -2.96444410783          103 
/work/00115/gebhardt/maverick/vdrp/shifts/20170427v014/xy_exp03.dat  214.295211  52.764135          103    11.5850179892  -4.33633521305          103  214.295055  52.764131          103    11.8860768867  -4.49461052724          103 
/work/00115/gebhardt/maverick/vdrp/shifts/20170428v020/xy_exp01.dat  214.589975  53.429865          103   -8.9708228922   8.91049843813          103  214.590022  53.429977          103  -8.87888439904   9.31581576994          103 
/work/00115/gebhardt/maverick/vdrp/shifts/20170428v020/xy_exp02.dat  214.590034  53.429926          103  -10.1011198844   9.28423857428          103  214.590022  53.429977          103  -9.99531585789   9.43647952877          103 
/work/00115/gebhardt/maverick/vdrp/shifts/20170428v020/xy_exp03.dat  214.589945  53.429997          103  -9.68215933631    8.31003509349          103  214.590022  53.429977          103  -9.86203666761    8.32029078503          103 
/work/00115/gebhardt/maverick/vdrp/shifts/20170501v012/xy_exp01.dat  215.675208  52.600117          103   24.5655387206    3.49298315578          103  215.674864  52.600179          103   25.3417408585   3.37855268921          103 
/work/00115/gebhardt/maverick/vdrp/shifts/20170501v012/xy_exp01.dat  215.673821  52.597239          103    22.951618321   -7.18132227475          103   215.67411  52.597062          103   22.1100482203  -7.49302212863          103 
/work/00115/gebhardt/maverick/vdrp/shifts/20170501v012/xy_exp02.dat  215.674824  52.600268          103   24.1422448008   4.16989914173          103  215.674864  52.600179          103   23.9279480408    3.91615958261          103 
/work/00115/gebhardt/maverick/vdrp/shifts/20170501v012/xy_exp02.dat  215.674421  52.597047          103   20.0566245594  -6.71787582407          103   215.67411  52.597062          103    20.696151577   -6.95538438554          103 
/work/00115/gebhardt/maverick/vdrp/shifts/20170501v012/xy_exp03.dat  215.674895  52.600014          103  23.7797593466   1.94073920942          103  215.674864  52.600179          103   24.0914654563   2.45090949375          103 
/work/00115/gebhardt/maverick/vdrp/shifts/20170502v009/xy_exp02.dat  214.585455  53.095951          103   -7.49592644169   2.27010006374          103  214.585469  53.095852          103   -7.68003798032   1.96343880011          103 
/work/00115/gebhardt/maverick/vdrp/shifts/20170502v009/xy_exp02.dat  214.585455  53.095951          103   -7.49592644169   2.27010006374          103  214.585469  53.095852          103   -7.68003798032   1.96343880011          103 
/work/00115/gebhardt/maverick/vdrp/shifts/20170502v010/xy_exp01.dat  214.854621  53.098323          103    9.3036152419     3.92841247018          103  214.854566  53.098416          103   9.55738487612    4.17706391576          103 
/work/00115/gebhardt/maverick/vdrp/shifts/20170502v010/xy_exp02.dat  214.854482  53.098366          103    8.9047225337    4.49586620429          103  214.854566  53.098416          103   8.82057507953    4.73729704428          103 
/work/00115/gebhardt/maverick/vdrp/shifts/20170502v010/xy_exp03.dat  214.854685  53.098262          103    8.12732725716   3.01655989663          103  214.854566  53.098416          103   8.60178707321   3.40181044581          103 
/work/00115/gebhardt/maverick/vdrp/shifts/20170502v011/xy_exp01.dat  215.407546  53.430637          103   18.6080658935   -4.2267224819          103   215.40769  53.430716          103   18.4602787836    -3.833736007          103 
/work/00115/gebhardt/maverick/vdrp/shifts/20170502v011/xy_exp01.dat  215.412123  53.433941          103   15.1965199565   10.8134619536          103  215.412057  53.433815          103   15.1187140438   10.3446995753          103 
/work/00115/gebhardt/maverick/vdrp/shifts/20170502v011/xy_exp02.dat  215.407933   53.43079          103   16.8830793186  -2.65972890153          103   215.40769  53.430716          103   17.2285764349  -3.13222550932          103 
/work/00115/gebhardt/maverick/vdrp/shifts/20170502v011/xy_exp02.dat  215.412045  53.433876          103   14.0089850569   11.2307444985          103  215.412057  53.433815          103   13.8871426886   11.0462411222          103 
/work/00115/gebhardt/maverick/vdrp/shifts/20170502v011/xy_exp03.dat  215.412082   53.43381          103    13.9214180902   9.51708535885          103  215.412057  53.433815          103    13.9773986547   9.50902056299          103 
/work/00115/gebhardt/maverick/vdrp/shifts/20170503v009/xy_exp01.dat  214.572667  52.594521          103   7.58836678359  -11.2237666342          103  214.572853  52.594461          103   7.12844953287  -11.2478277287          103 
/work/00115/gebhardt/maverick/vdrp/shifts/20170503v009/xy_exp01.dat  214.566489  52.597148          103   23.8278867647  -8.35438573021          103  214.566801  52.597152          103   23.2154881227  -8.05331871774          103 
/work/00115/gebhardt/maverick/vdrp/shifts/20170503v009/xy_exp02.dat  214.566709  52.597107          103   21.8962885062  -7.73682592286          103  214.566801  52.597152          103   21.7823082164   -7.5050397801          103 
/work/00115/gebhardt/maverick/vdrp/shifts/20170503v009/xy_exp03.dat  214.566713  52.597265          103   22.1809103247  -8.71127525773          103  214.566801  52.597152          103    21.834734254    -8.99881507327          103 
/work/00115/gebhardt/maverick/vdrp/shifts/20170518v006/xy_exp01.dat  214.696045  52.523027          103   10.2405653366   -24.9529587766          103  214.696095  52.522714          103   9.91661638986   -23.8681822338          103 
/work/00115/gebhardt/maverick/vdrp/shifts/20170519v002/xy_exp01.dat  215.816113  53.023314          103   25.0924919571   -13.273982278          103  215.816557  53.023442          103    26.1577435632   -13.3176976779          103 
/work/00115/gebhardt/maverick/vdrp/shifts/20170519v002/xy_exp02.dat  215.816467  53.023505          103   24.9296173712    -13.151985873          103  215.816557  53.023442          103   25.0191053321   -12.8666613487          103 
/work/00115/gebhardt/maverick/vdrp/shifts/20170519v002/xy_exp03.dat  215.816651  53.023174          103   24.9216768364  -13.2690286864          103  215.816557  53.023442          103   25.1156497874    -14.2358029038          103 
/work/00115/gebhardt/maverick/vdrp/shifts/20170519v008/xy_exp01.dat  215.138033  53.427235          103  -2.85267118756  -15.8542593043          103  215.138192  53.427254          103   -3.12636696833  -15.6395684662          103 
/work/00115/gebhardt/maverick/vdrp/shifts/20170519v008/xy_exp02.dat  215.138049  53.427131          103  -4.40579245937  -15.5707007613          103  215.138192  53.427254          103  -4.48020235056  -15.0371960695          103 
/work/00115/gebhardt/maverick/vdrp/shifts/20170519v008/xy_exp03.dat  215.138192  53.427267          103  -4.48995237078   -16.3911374017          103  215.138192  53.427254          103  -4.51103253366  -16.4329212272          103 
/work/00115/gebhardt/maverick/vdrp/shifts/20170522v005/xy_exp01.dat  215.675128  52.600218          103   24.2762636131   -6.47121499502          103  215.674864  52.600179          103   24.7395305111  -6.84311892474          103 
/work/00115/gebhardt/maverick/vdrp/shifts/20170522v005/xy_exp02.dat  215.674865  52.600107          103    23.6576300747   -6.10607251011          103  215.674864  52.600179          103   23.7695104756  -5.87225011248          103 
/work/00115/gebhardt/maverick/vdrp/shifts/20170522v005/xy_exp03.dat  215.674748  52.600264          103   23.7348745911  -7.26716019213          103  215.674864  52.600179          103   23.3754195748  -7.43675397509          103 
/work/00115/gebhardt/maverick/vdrp/shifts/20170525v013/xy_exp01.dat  214.584622  53.099162          103  -0.215732316262    2.86372324532          103  214.584436  53.099004          103   -0.10472145116    2.17607593191          103 
/work/00115/gebhardt/maverick/vdrp/shifts/20170525v013/xy_exp01.dat  214.585747  53.096024          103   -7.36701107554   -6.21328355383          103  214.585469  53.095852          103   -7.09952290005   -7.03365827696          103 
/work/00115/gebhardt/maverick/vdrp/shifts/20170525v013/xy_exp01.dat  214.585747  53.096024          103   -7.36701107554   -6.21328355383          103  214.585469  53.095852          103   -7.09952290005   -7.03365827696          103 
/work/00115/gebhardt/maverick/vdrp/shifts/20170525v013/xy_exp01.dat  214.577977  53.101593          103    16.5324642615    4.40956259519          103  214.578097  53.101736          103    16.5258057524    4.98597539496          103 
/work/00115/gebhardt/maverick/vdrp/shifts/20170525v013/xy_exp02.dat  214.585407   53.09595          103  -8.08460960233  -5.95817118847          103  214.585469  53.095852          103   -8.36011268858  -6.21610585372          103 
/work/00115/gebhardt/maverick/vdrp/shifts/20170525v013/xy_exp02.dat  214.585407   53.09595          103  -8.08460960233  -5.95817118847          103  214.585469  53.095852          103   -8.36011268858  -6.21610585372          103 
/work/00115/gebhardt/maverick/vdrp/shifts/20170525v013/xy_exp02.dat  214.578286  53.101824          103   15.0376823944   6.26743403876          103  214.578097  53.101736          103    15.2653315397   5.80330052773          103 
/work/00115/gebhardt/maverick/vdrp/shifts/20170525v013/xy_exp03.dat  214.585299  53.095814          103   -8.18277779678  -8.01846819414          103  214.585469  53.095852          103   -8.45268955362  -7.73401471815          103 
/work/00115/gebhardt/maverick/vdrp/shifts/20170525v013/xy_exp03.dat  214.585299  53.095814          103   -8.18277779678  -8.01846819414          103  214.585469  53.095852          103   -8.45268955362  -7.73401471815          103 
/work/00115/gebhardt/maverick/vdrp/shifts/20170525v013/xy_exp03.dat  214.578562  53.101706          103    14.2224920352   4.63031265185          103  214.578097  53.101736          103    15.1727089987   4.28548012765          103 
/work/00115/gebhardt/maverick/vdrp/shifts/20170529v007/xy_exp01.dat  214.572987  52.594571          103   7.07241945267  -19.5885284439          103  214.572853  52.594461          103     7.170280549  -20.0713437899          103 
/work/00115/gebhardt/maverick/vdrp/shifts/20170529v007/xy_exp01.dat  214.566595  52.597117          103    23.615872179  -17.2005863607          103  214.566801  52.597152          103   23.2610684563   -16.895782795          103 
/work/00115/gebhardt/maverick/vdrp/shifts/20170529v007/xy_exp02.dat  214.566795  52.597191          103   21.9044236267  -16.2660366176          103  214.566801  52.597152          103    21.833114804   -16.387690026          103 
/work/00115/gebhardt/maverick/vdrp/shifts/20170529v008/xy_exp01.dat  215.140754  53.269386          103   2.78373653694   15.6602028887          103  215.140664  53.269395          103   2.97164671637   15.6028767616          103 
/work/00115/gebhardt/maverick/vdrp/shifts/20170529v008/xy_exp02.dat  215.140539  53.269407          103   2.08508586901   15.9717109508          103  215.140664  53.269395          103   1.82490207326   16.0529437045          103 
/work/00115/gebhardt/maverick/vdrp/shifts/20170529v008/xy_exp03.dat  215.140689  53.269434          103    1.9014716766    14.9250896236          103  215.140664  53.269395          103   1.88710406089   14.7754130173          103 
/work/00115/gebhardt/maverick/vdrp/shifts/20170529v009/xy_exp01.dat  214.859714  52.760757          103  -12.4042011548  -12.2137463621          103  214.859982  52.760688          103  -13.0381799953   -12.188266434          103 
/work/00115/gebhardt/maverick/vdrp/shifts/20170529v009/xy_exp01.dat   214.85874   52.76288          103  -7.21456702919  -6.21517788895          103  214.858534   52.76312          103  -6.43912271602  -5.62647706751          103 
/work/00115/gebhardt/maverick/vdrp/shifts/20170529v009/xy_exp02.dat  214.858746  52.762898          103  -8.37984540678  -5.59144083837          103  214.858534   52.76312          103  -7.62032689574  -5.06690358688          103 
/work/00115/gebhardt/maverick/vdrp/shifts/20170529v009/xy_exp03.dat  214.859987  52.760723          103  -14.2546881824  -12.7472616472          103  214.859982  52.760688          103  -14.2987902559    -12.865793557          103 
/work/00115/gebhardt/maverick/vdrp/shifts/20170529v009/xy_exp03.dat  214.858657  52.762873          103  -8.32253330288  -6.99291923762          103  214.858534   52.76312          103  -7.69969759365   -6.30404009655          103 
/work/00115/gebhardt/maverick/vdrp/shifts/20170530v006/xy_exp01.dat  214.566552  52.597114          103   23.2376609209  -17.0211354828          103  214.566801  52.597152          103   22.8019293676  -16.6671291721          103 
/work/00115/gebhardt/maverick/vdrp/shifts/20170530v006/xy_exp02.dat  214.587171  52.600303          103  -14.0925172841    12.9711537338          103  214.587582  52.600354          103  -14.8293438495    13.5174158598          103 
/work/00115/gebhardt/maverick/vdrp/shifts/20170530v006/xy_exp02.dat  214.566678  52.597156          103   21.7330908674   -16.2325268281          103  214.566801  52.597152          103   21.4832214491   -16.1319566205          103 
/work/00115/gebhardt/maverick/vdrp/shifts/20170530v006/xy_exp03.dat  214.566777  52.597184          103    21.591750401  -17.5250147356          103  214.566801  52.597152          103    21.495516899  -17.6072614298          103 
/work/00115/gebhardt/maverick/vdrp/shifts/20170615v009/xy_exp01.dat  214.671793  52.814773          103  -9.17102788026   5.66320092872          103  214.671829  52.814841          103  -9.13611575182   5.91784650754          103 
/work/00115/gebhardt/maverick/vdrp/shifts/20170615v009/xy_exp01.dat  214.660049  52.819694          103   21.5220323516   10.6287499851          103  214.660273   52.81969          103   21.0761162825   10.8258694776          103 
/work/00115/gebhardt/maverick/vdrp/shifts/20170615v009/xy_exp02.dat  214.671679  52.814853          103  -10.4358796797    6.42747299813          103  214.671829  52.814841          103   -10.7489676938    6.5292641245          103 
/work/00115/gebhardt/maverick/vdrp/shifts/20170615v009/xy_exp03.dat  214.671845  52.814524          103  -11.2740993733   4.19862120359          103  214.671829  52.814841          103   -10.7504848956   5.21321024322          103 
/work/00115/gebhardt/maverick/vdrp/shifts/20170617v008/xy_exp01.dat  214.671663   52.81469          103  -9.13156216899   4.56565299629          103  214.671829  52.814841          103  -9.22356344211   5.21179230107          103 
/work/00115/gebhardt/maverick/vdrp/shifts/20170617v008/xy_exp01.dat  214.660907    52.8198          103   19.9095363886   11.0983414696          103  214.660273   52.81969          103   20.9841880671   10.1473155804          103 
/work/00115/gebhardt/maverick/vdrp/shifts/20170617v008/xy_exp02.dat  214.671847  52.815102          103   -10.3095849831    6.4117852481          103  214.671829  52.814841          103   -10.6787194363    5.54683947812          103 
/work/00115/gebhardt/maverick/vdrp/shifts/20170617v008/xy_exp03.dat   214.67214  52.814808          103    -11.407042604   4.32672215348          103  214.671829  52.814841          103   -10.7451303111    4.14265224865          103 
/work/00115/gebhardt/maverick/vdrp/shifts/20170617v008/xy_exp03.dat  214.660443   52.81962          103    19.0203533757    9.0096844898          103  214.660273   52.81969          103    19.4626492692     9.0779987843          103 
/work/00115/gebhardt/maverick/vdrp/shifts/20170617v009/xy_exp02.dat  215.415692  52.934361          103   -2.21635287509   11.0130373038          103  215.415793  52.934264          103    -2.56534914586   10.7935569187          103 
/work/00115/gebhardt/maverick/vdrp/shifts/20170621v007/xy_exp01.dat  214.656217  52.801124          103      1.3281851016  -4.27794066185          103  214.656066  52.801042          103    1.49807260585   -4.6857334188          103 
/work/00115/gebhardt/maverick/vdrp/shifts/20170621v007/xy_exp02.dat  214.655751  52.801006          103   0.749163807246   -3.9545038278          103  214.656066  52.801042          103   0.185806827459  -3.54283140984          103 
/work/00115/gebhardt/maverick/vdrp/shifts/20170621v007/xy_exp03.dat  214.655931  52.801022          103   0.301463810638  -5.35216157659          103  214.656066  52.801042          103  0.0670974979349  -5.16087128938          103 
/work/00115/gebhardt/maverick/vdrp/shifts/20170621v008/xy_exp01.dat  215.414717  53.102577          103   6.40096125374   13.2217455308          103  215.414833  53.102769          103   6.47914948709   13.9528477519          103 
/work/00115/gebhardt/maverick/vdrp/shifts/20170621v008/xy_exp02.dat   215.41499  53.102867          103   5.11427091274   15.1326553198          103  215.414833  53.102769          103   5.26426282169   14.6666929456          103 
/work/00115/gebhardt/maverick/vdrp/shifts/20170621v008/xy_exp03.dat  215.414691  53.102683          103    5.31744768566   12.8937295706          103  215.414833  53.102769          103   5.17761562157   13.3066435332          103 
/work/00115/gebhardt/maverick/vdrp/shifts/20170625v006/xy_exp01.dat  215.409503  52.600546          103   8.20846005306    10.7558559947          103  215.409643  52.600565          103   7.96002484277   10.9473360521          103 
/work/00115/gebhardt/maverick/vdrp/shifts/20170626v003/xy_exp01.dat  214.684584  52.795328          103   -10.6139309111   11.8379313212          103  214.684674   52.79534          103    -10.772356736    11.9610122603          103 
/work/00115/gebhardt/maverick/vdrp/shifts/20170626v003/xy_exp02.dat  214.684669  52.795285          103  -12.0961647183   12.6496321456          103  214.684674   52.79534          103  -12.0210383672    12.8331503223          103 
/work/00115/gebhardt/maverick/vdrp/shifts/20170626v003/xy_exp03.dat  214.684669  52.795363          103   -12.132244091    11.3037142552          103  214.684674   52.79534          103  -12.1776026816    11.233593134          103 
/work/00115/gebhardt/maverick/vdrp/shifts/20170627v005/xy_exp01.dat  215.086007  53.088096          103    15.1000749906   11.3792760171          103  215.085912  53.088169          103    15.4000092893   11.5251989922          103 
/work/00115/gebhardt/maverick/vdrp/shifts/20170628v005/xy_exp02.dat  215.069532  53.072246          103    20.7319197125  -7.43547480108          103  215.069324  53.072283          103    21.1946705246  -7.51294210212          103 
/work/00115/gebhardt/maverick/vdrp/shifts/20170628v005/xy_exp02.dat  215.075517  53.075494          103    14.2229119358    8.7483846248          103  215.075386  53.075276          103    14.1335072746   7.91880899946          103 
/work/00115/gebhardt/maverick/vdrp/shifts/20170628v005/xy_exp03.dat  215.069159  53.072321          103    21.5846244741  -8.71242660885          103  215.069324  53.072283          103    21.2038909464  -8.67896294438          103 
/work/00115/gebhardt/maverick/vdrp/shifts/20170628v005/xy_exp03.dat  215.075259  53.075242          103    14.3358882484   6.52234051529          103  215.075386  53.075276          103     14.142676128   6.75276417269          103 
/work/00115/gebhardt/maverick/vdrp/shifts/20170629v004/xy_exp01.dat   215.10306  53.073143          103   2.26237856387   -24.8513876165          103  215.103437  53.073135          103   1.51677717415  -24.5200466379          103 
/work/00115/gebhardt/maverick/vdrp/shifts/20170629v004/xy_exp01.dat   215.10611  53.078751          103    5.1780006584   -3.81326977649          103  215.106087   53.07871          103    5.1580422227  -3.96774202403          103 
/work/00115/gebhardt/maverick/vdrp/shifts/20170629v004/xy_exp01.dat  215.114463  53.081761          103  -6.31063506227    13.8423234441          103  215.114614  53.081816          103  -6.51736321266   14.1633970033          103 
/work/00115/gebhardt/maverick/vdrp/shifts/20170629v004/xy_exp02.dat  215.103262  53.072938          103   0.338232035647    -24.4943169822          103  215.103437  53.073135          103   0.308699533682   -23.6909728082          103 
/work/00115/gebhardt/maverick/vdrp/shifts/20170629v004/xy_exp02.dat  215.100492  53.081308          103    18.9240712172  -0.0320970014112          103  215.100604   53.08135          103    18.7725907647   0.209923435415          103 
/work/00115/gebhardt/maverick/vdrp/shifts/20170629v004/xy_exp02.dat  215.106088  53.078685          103    3.90877905103    -3.21865614837          103  215.106087   53.07871          103     3.9501564504   -3.13870196238          103 
/work/00115/gebhardt/maverick/vdrp/shifts/20170629v004/xy_exp02.dat  215.114596   53.08193          103    -7.5102327769     15.3443785308          103  215.114614  53.081816          103   -7.72507972496    14.9925464242          103 
/work/00115/gebhardt/maverick/vdrp/shifts/20170629v004/xy_exp03.dat  215.103341  53.073049          103  0.166421842544  -25.2475886955          103  215.103437  53.073135          103  0.115413926073  -24.8783139548          103 
/work/00115/gebhardt/maverick/vdrp/shifts/20170629v004/xy_exp03.dat  215.106014  53.078661          103   3.82144492494  -4.55377264211          103  215.106087   53.07871          103   3.75682490138  -4.32603551524          103 
/work/00115/gebhardt/maverick/vdrp/shifts/20170629v004/xy_exp03.dat  215.114591  53.081796          103  -7.90530062463   13.7186717759          103  215.114614  53.081816          103  -7.91845159385   13.8051864014          103 
/work/00115/gebhardt/maverick/vdrp/shifts/20170630v008/xy_exp01.dat  215.100033  53.069195          103   12.9173301854   19.5263936729          103  215.100337  53.069585          103   12.9400702959   21.0765937765          103 
/work/00115/gebhardt/maverick/vdrp/shifts/20170630v008/xy_exp02.dat  215.103171  53.064782          103  -1.15107924991   8.74272939347          103  215.103625   53.06475          103  -2.08465964499    9.06874182943          103 
/work/00115/gebhardt/maverick/vdrp/shifts/20170630v008/xy_exp03.dat  215.099923  53.069609          103   12.6166210547   19.6486278257          103  215.100337  53.069585          103   11.7735271948   19.9626026246          103 
/work/00115/gebhardt/maverick/vdrp/shifts/20170630v009/xy_exp01.dat  214.850663  52.604351          103    19.0415634006     17.4331927368          103  214.850623  52.604605          103    19.5081600009    18.2244402899          103 
/work/00115/gebhardt/maverick/vdrp/shifts/20170630v009/xy_exp02.dat    214.8414   52.59721          103    25.3244436757  -13.4868398402          103  214.841526  52.597326          103    25.2517206601  -12.9918486794          103 
/work/00115/gebhardt/maverick/vdrp/shifts/20170630v009/xy_exp02.dat  214.850928  52.604653          103    17.8028590678   19.6101867204          103  214.850623  52.604605          103    18.3336838405   19.1711561484          103 
/work/00115/gebhardt/maverick/vdrp/shifts/20170630v009/xy_exp03.dat  214.850483  52.604622          103    18.8223821343    17.2217321334          103  214.850623  52.604605          103    18.5191932753   17.2959660006          103 
/work/00115/gebhardt/maverick/vdrp/shifts/20170701v008/xy_exp01.dat  215.132371  52.926246          103   -2.16965898088  -16.3244376804          103   215.13189  52.926438          103  -0.928705034172  -16.1586509768          103 
/work/00115/gebhardt/maverick/vdrp/shifts/20170701v008/xy_exp02.dat  215.132168  52.926322          103   -2.94183311832   -15.445211268          103   215.13189  52.926438          103   -2.21669594163  -15.3331055858          103 
/work/00115/gebhardt/maverick/vdrp/shifts/20170701v008/xy_exp02.dat  215.132089  52.932491          103    6.91362258701   4.45748938589          103  215.131984  52.931783          103    6.00519563853   2.06518393209          103 
/work/00115/gebhardt/maverick/vdrp/shifts/20170701v008/xy_exp03.dat   215.13231  52.926623          103  -2.94047909283  -15.6819889066          103   215.13189  52.926438          103   -2.41147202994  -16.6792523614          103 
/work/00115/gebhardt/maverick/vdrp/shifts/20170701v009/xy_exp03.dat  215.412465  53.269413          103   15.9124200234     15.5461104517          103  215.412838  53.269632          103   15.5413127108    16.6085495446          103 
/work/00115/gebhardt/maverick/vdrp/shifts/20170720v002/xy_exp01.dat  215.069478  53.072094          103     21.340139221  -8.18265095795          103  215.069324  53.072283          103    21.9377334907    -7.71705646986          103 
/work/00115/gebhardt/maverick/vdrp/shifts/20170720v002/xy_exp01.dat  215.075377  53.075174          103     14.732334057   7.37576543013          103  215.075386  53.075276          103    14.8757992966     7.71434178281          103 
/work/00115/gebhardt/maverick/vdrp/shifts/20170720v002/xy_exp02.dat  215.075417  53.075349          103   13.6440935346   8.64748852302          103  215.075386  53.075276          103   13.5891548537   8.38189207716          103 
/work/00115/gebhardt/maverick/vdrp/shifts/20170720v002/xy_exp02.dat  215.069622  53.072343          103    20.166269005  -6.57293126399          103  215.069324  53.072283          103   20.6509449831  -7.04957231162          103 
/work/00115/gebhardt/maverick/vdrp/shifts/20170720v002/xy_exp03.dat  215.068816  53.072199          103    21.3902231545  -9.02813005579          103  215.069324  53.072283          103    20.5351437458  -8.27476467233          103 
/work/00115/gebhardt/maverick/vdrp/shifts/20170720v002/xy_exp03.dat   215.07551  53.075277          103    13.2338452767   7.27747314758          103  215.075386  53.075276          103    13.4733106543   7.15667964637          103 
/work/00115/gebhardt/maverick/vdrp/shifts/20170720v003/xy_exp01.dat  215.128992  52.595241          103   2.50478040986  -15.6136303912          103  215.128932  52.595294          103   2.70445301081  -15.4963645154          103 
/work/00115/gebhardt/maverick/vdrp/shifts/20170720v003/xy_exp01.dat  215.134621   52.59912          103  -2.72996960238   2.25012736625          103  215.134454  52.599133          103  -2.37936662549   2.13782627798          103 
/work/00115/gebhardt/maverick/vdrp/shifts/20171220v015/xy_exp02.dat   149.99262  2.051894          103    24.293458853   -18.4430951507          103  149.992742  2.051715          103   25.0722108849   -18.4811666901          103 
/work/00115/gebhardt/maverick/vdrp/shifts/20171221v016/xy_exp02.dat  149.992418   2.05176          103   24.5675531315  -17.6297443132          103  149.992742  2.051715          103   25.3137740554   -18.539772965          103 
/work/00115/gebhardt/maverick/vdrp/shifts/20171225v015/xy_exp01.dat  149.992835  2.051759          103    19.594000129   -21.3133585406          103  149.992742  2.051715          103   19.5544668581  -20.9452875308          103 
/work/00115/gebhardt/maverick/vdrp/shifts/20171225v015/xy_exp02.dat  149.992758  2.051722          103    18.2796752372    -20.3587562749          103  149.992742  2.051715          103    18.2711238395   -20.2965031151          103 
/work/00115/gebhardt/maverick/vdrp/shifts/20171225v015/xy_exp03.dat  149.992832  2.051609          103     18.796802881  -21.8728204769          103  149.992742  2.051715          103    18.3023008012  -21.7958203839          103 
/work/00115/gebhardt/maverick/vdrp/shifts/20180110v021/xy_exp02.dat  149.992489  2.051881          103   24.1784498249  -17.9055727652          103  149.992742  2.051715          103   25.1632743299   -18.3700572077          103 
/work/00115/gebhardt/maverick/vdrp/shifts/20180113v013/xy_exp01.dat  149.992738  2.051676          103   17.3652566055   -20.8980372957          103  149.992742  2.051715          103   17.2529903821  -20.9835692844          103 
/work/00115/gebhardt/maverick/vdrp/shifts/20180113v013/xy_exp02.dat  149.992629  2.051772          103   15.5143818398    -20.0521141349          103  149.992742  2.051715          103   15.9015526697    -20.291866052          103 
/work/00115/gebhardt/maverick/vdrp/shifts/20180113v013/xy_exp03.dat  149.987708  2.048425          103     16.61764247  -0.142393301823          103  149.987894  2.048674          103   16.2020763647  -1.18097046653          103 
/work/00115/gebhardt/maverick/vdrp/shifts/20180113v013/xy_exp03.dat  149.992837  2.051675          103   16.2642445848   -21.9888474785          103  149.992742  2.051715          103   15.9630716152  -21.7724089143          103 
/work/00115/gebhardt/maverick/vdrp/shifts/20180114v013/xy_exp02.dat   149.99268  2.051612          103   24.3601776782   -18.4556844349          103  149.992742  2.051715          103   24.1602932611    -18.8394749332          103 
/work/00115/gebhardt/maverick/vdrp/shifts/20180114v013/xy_exp03.dat  149.992768  2.051807          103   23.8655137247   -20.6477993506          103  149.992742  2.051715          103   24.0992133099   -20.3951557364          103 
/work/00115/gebhardt/maverick/vdrp/shifts/20180120v008/xy_exp02.dat  149.992532  2.051775          103   24.3970901487  -17.8260999111          103  149.992742  2.051715          103   24.9756206835   -18.3578567876          103 
/work/00115/gebhardt/maverick/vdrp/shifts/20180123v009/xy_exp02.dat  149.992528   2.05169          103   24.8737845639  -17.4878231961          103  149.992742  2.051715          103   25.1986422342    -18.191618221          103 
/work/00115/gebhardt/maverick/vdrp/shifts/20180209v009/xy_exp02.dat  149.992572  2.051805          103   24.7074648092  -17.7562391001          103  149.992742  2.051715          103   25.3029603103    -18.108981952          103 
/work/00115/gebhardt/maverick/vdrp/shifts/20180210v006/xy_exp02.dat  149.992553  2.051608          103   24.7635376999   -17.6507520512          103  149.992742  2.051715          103   24.7896431078  -18.4318116435          103 
