/work/00115/gebhardt/maverick/vdrp/shifts/20170103v002/xy_exp01.dat  149.776663  1.939729          104   8.32764603812  -9.31670872572          104   149.77693  1.939369          104   8.87512630078  -10.8341902055          104 
/work/00115/gebhardt/maverick/vdrp/shifts/20170103v002/xy_exp02.dat  149.776668  1.939248          104    8.6205403988  -9.53290514037          104   149.77693  1.939369          104   7.73592459501  -10.0767954504          104 
/work/00115/gebhardt/maverick/vdrp/shifts/20170103v002/xy_exp03.dat  149.776653  1.939525          104   7.24356017239  -10.5833630875          104   149.77693  1.939369          104    7.15952280721  -11.7242457287          104 
/work/00115/gebhardt/maverick/vdrp/shifts/20170103v003/xy_exp01.dat  150.375911  2.543439          104  0.901681255118  -1.77486390531          104  150.375964  2.543333          104   1.10264236403  -2.15111861181          104 
/work/00115/gebhardt/maverick/vdrp/shifts/20170103v003/xy_exp01.dat  150.375911  2.543439          104  0.901681255118  -1.77486390531          104  150.375964  2.543333          104   1.10264236403  -2.15111861181          104 
/work/00115/gebhardt/maverick/vdrp/shifts/20170103v003/xy_exp01.dat   150.37231   2.54905          104  -8.08074115274    20.475266919          104  150.372106  2.548971          104   -7.4242905854   20.9091299238          104 
/work/00115/gebhardt/maverick/vdrp/shifts/20170103v003/xy_exp02.dat  150.375966  2.543392          104  0.242534344816  -1.81430493079          104  150.375964  2.543333          104   0.41993600734  -1.93132804253          104 
/work/00115/gebhardt/maverick/vdrp/shifts/20170103v003/xy_exp02.dat  150.375966  2.543392          104  0.242534344816  -1.81430493079          104  150.375964  2.543333          104   0.41993600734  -1.93132804253          104 
/work/00115/gebhardt/maverick/vdrp/shifts/20170103v003/xy_exp02.dat  150.372046  2.549078          104  -8.29632931286   21.5277911949          104  150.372106  2.548971          104  -8.10699589796   21.1289210351          104 
/work/00115/gebhardt/maverick/vdrp/shifts/20170103v003/xy_exp03.dat  150.375929  2.543419          104  -0.270524140288   -3.80068088589          104  150.375964  2.543333          104  -0.0908337693836  -4.08247712006          104 
/work/00115/gebhardt/maverick/vdrp/shifts/20170103v003/xy_exp03.dat  150.375929  2.543419          104  -0.270524140288   -3.80068088589          104  150.375964  2.543333          104  -0.0908337693836  -4.08247712006          104 
/work/00115/gebhardt/maverick/vdrp/shifts/20170103v003/xy_exp03.dat  150.372136  2.549012          104    -8.8005671989    18.9751709591          104  150.372106  2.548971          104    -8.61775558294   18.9777745969          104 
/work/00115/gebhardt/maverick/vdrp/shifts/20170106v003/xy_exp01.dat  149.879524  2.041387          104   2.22614301778   -13.718962181          104  149.879502  2.041533          104   1.83431396773  -13.3598079557          104 
/work/00115/gebhardt/maverick/vdrp/shifts/20170106v003/xy_exp01.dat  149.879524  2.041387          104   2.22614301778   -13.718962181          104  149.879502  2.041533          104   1.83431396773  -13.3598079557          104 
/work/00115/gebhardt/maverick/vdrp/shifts/20170106v003/xy_exp02.dat  149.876895  2.039664          104    11.6081546982  -8.63243192923          104  149.876982  2.039404          104    12.2098616703  -9.41474995145          104 
/work/00115/gebhardt/maverick/vdrp/shifts/20170106v003/xy_exp03.dat  149.876989  2.039537          104   10.6344907388  -10.6398562756          104  149.876982  2.039404          104   11.0457553994  -10.8863238823          104 
/work/00115/gebhardt/maverick/vdrp/shifts/20170127v008/xy_exp01.dat  150.073006  2.216468          104   -7.26167581032  -11.2293137871          104  150.072957  2.216316          104   -6.89020752901  -10.7905517652          104 
/work/00115/gebhardt/maverick/vdrp/shifts/20170127v008/xy_exp01.dat  150.070863    2.2108          104    5.98993574927   6.09650300692          104  150.070788  2.210729          104    6.06440768741    6.4606158728          104 
/work/00115/gebhardt/maverick/vdrp/shifts/20170127v008/xy_exp01.dat  150.066898  2.210356          104  -0.188753822767   19.0512094996          104  150.066852  2.210383          104  -0.358707399444   19.1403521235          104 
/work/00115/gebhardt/maverick/vdrp/shifts/20170127v008/xy_exp01.dat  150.069626  2.205279          104    20.5141296923   20.3755886836          104  150.069571  2.205199          104    20.6541215017   20.6957347479          104 
/work/00115/gebhardt/maverick/vdrp/shifts/20170127v008/xy_exp02.dat  150.066925  2.210394          104  -0.98149843942   19.2485657855          104  150.066852  2.210383          104  -1.08661909306   19.4924501059          104 
/work/00115/gebhardt/maverick/vdrp/shifts/20170127v008/xy_exp02.dat  150.073169  2.216381          104  -7.41387169142  -11.2095897596          104  150.072957  2.216316          104  -7.61811528076  -10.4384547993          104 
/work/00115/gebhardt/maverick/vdrp/shifts/20170127v008/xy_exp02.dat  150.070786  2.210758          104   5.24405659109   6.76366520804          104  150.070788  2.210729          104   5.33649768215   6.81271456996          104 
/work/00115/gebhardt/maverick/vdrp/shifts/20170127v008/xy_exp02.dat  150.069556  2.205324          104   19.5156322447   20.8558996591          104  150.069571  2.205199          104   19.9262096414   21.0478353571          104 
/work/00115/gebhardt/maverick/vdrp/shifts/20170127v008/xy_exp03.dat  150.070804  2.210742          104   4.58297493727   5.00506642838          104  150.070788  2.210729          104   4.59230089345   5.07866088463          104 
/work/00115/gebhardt/maverick/vdrp/shifts/20170127v008/xy_exp03.dat   150.06691  2.210399          104  -1.76948399983   17.5508171343          104  150.066852  2.210383          104  -1.83081312226   17.7583973273          104 
/work/00115/gebhardt/maverick/vdrp/shifts/20170127v008/xy_exp03.dat  150.069519  2.205358          104   18.5971937767    19.170183143          104  150.069571  2.205199          104   19.1820154884   19.3137779473          104 
/work/00115/gebhardt/maverick/vdrp/shifts/20170129v002/xy_exp01.dat  150.172757  2.404736          104     24.8422717811   17.5821813607          104  150.173054  2.404198          104     27.050246959    17.7134956286          104 
/work/00115/gebhardt/maverick/vdrp/shifts/20170129v002/xy_exp01.dat  150.180086  2.412555          104     15.1242779368  -19.7382478058          104  150.180176  2.412452          104    15.6106557405   -19.8138807807          104 
/work/00115/gebhardt/maverick/vdrp/shifts/20170129v002/xy_exp02.dat  150.180286  2.412325          104    15.2492377152    -19.531622325          104  150.180176  2.412452          104   14.6513942194   -19.4413184352          104 
/work/00115/gebhardt/maverick/vdrp/shifts/20170129v002/xy_exp02.dat  150.172974  2.404546          104    24.8781456026    17.6602057432          104  150.173054  2.404198          104   26.0909789206      18.08606009          104 
/work/00115/gebhardt/maverick/vdrp/shifts/20170129v002/xy_exp03.dat  150.180008  2.412619          104   12.9791474456   -20.548698779          104  150.180176  2.412452          104   13.8101526233  -20.7384617204          104 
/work/00115/gebhardt/maverick/vdrp/shifts/20170129v002/xy_exp03.dat  150.172866  2.404289          104   24.6116205763    17.185623218          104  150.173054  2.404198          104    25.249742181   16.7889140619          104 
/work/00115/gebhardt/maverick/vdrp/shifts/20170129v008/xy_exp01.dat  189.278938  62.241281          104   20.3151429788     19.5058549083          104  189.278858  62.241582          104   21.2741204312    20.0279201026          104 
/work/00115/gebhardt/maverick/vdrp/shifts/20170129v008/xy_exp02.dat  189.266131  62.231724          104    4.22488245972   -17.4778605022          104  189.266021  62.231467          104    3.58037417166   -18.1668085568          104 
/work/00115/gebhardt/maverick/vdrp/shifts/20170129v008/xy_exp02.dat  189.278565  62.241388          104    20.3583574912    19.7360596119          104  189.278858  62.241582          104    20.6399678528    20.5421681252          104 
/work/00115/gebhardt/maverick/vdrp/shifts/20170129v008/xy_exp03.dat  189.278727  62.241483          104    19.7401933531     18.5281604765          104  189.278858  62.241582          104    19.9019849225   18.9142827151          104 
/work/00115/gebhardt/maverick/vdrp/shifts/20170130v021/xy_exp01.dat  189.182316  62.232512          104  -2.85382337535   12.7791203482          104  189.182089  62.232402          104  -3.40043095581   12.7244697383          104 
/work/00115/gebhardt/maverick/vdrp/shifts/20170130v021/xy_exp02.dat  189.182108  62.232694          104  -3.86266929863   13.0568058545          104  189.182089  62.232402          104  -4.70886872239   13.6812981018          104 
/work/00115/gebhardt/maverick/vdrp/shifts/20170130v023/xy_exp01.dat  150.078925  2.240482          104  0.782489120086   -19.8394330865          104  150.078868  2.240456          104  0.975579948004   -19.7231580324          104 
/work/00115/gebhardt/maverick/vdrp/shifts/20170130v023/xy_exp01.dat  150.072639  2.246176          104  -3.35144954306    10.3999062817          104  150.072728  2.246099          104  -3.30366462009    9.97912524487          104 
/work/00115/gebhardt/maverick/vdrp/shifts/20170130v023/xy_exp01.dat  150.066211  2.242263          104    21.337155516    21.5170568449          104  150.066059  2.242149          104   21.9847276212    21.7362623899          104 
/work/00115/gebhardt/maverick/vdrp/shifts/20170130v023/xy_exp02.dat   150.07893  2.240387          104  -0.260216201756   -19.8009676703          104  150.078868  2.240456          104  -0.339122412739   -19.4765922694          104 
/work/00115/gebhardt/maverick/vdrp/shifts/20170130v023/xy_exp02.dat  150.072614  2.246341          104    -5.1054007004    11.0563310309          104  150.072728  2.246099          104   -4.61836400695    10.2256916029          104 
/work/00115/gebhardt/maverick/vdrp/shifts/20170130v023/xy_exp02.dat  150.066092  2.242082          104    20.8019478258    21.7485879199          104  150.066059  2.242149          104    20.6700293881    21.9828259023          104 
/work/00115/gebhardt/maverick/vdrp/shifts/20170130v023/xy_exp03.dat  150.078978  2.240389          104   -1.25352794773   -21.6844133712          104  150.078868  2.240456          104   -1.22892082271   -21.2216497679          104 
/work/00115/gebhardt/maverick/vdrp/shifts/20170130v023/xy_exp03.dat  150.072744  2.246283          104    -6.0871784559    8.80746331959          104  150.072728  2.246099          104   -5.50815171846    8.48063456853          104 
/work/00115/gebhardt/maverick/vdrp/shifts/20170130v023/xy_exp03.dat  150.066165  2.242021          104    19.9449514616    19.6627741247          104  150.066059  2.242149          104    19.7802453284    20.2377590749          104 
/work/00115/gebhardt/maverick/vdrp/shifts/20170130v024/xy_exp01.dat    150.1701  2.439661          104   25.0228659322   8.47859885748          104  150.170157  2.438999          104     26.8533549123    6.93878730862          104 
/work/00115/gebhardt/maverick/vdrp/shifts/20170130v024/xy_exp01.dat  150.175598  2.444257          104  0.109132056836   1.83704129608          104  150.175606  2.444288          104  0.00131957697948    1.87777247759          104 
/work/00115/gebhardt/maverick/vdrp/shifts/20170130v024/xy_exp02.dat  150.168017  2.439532          104     24.6696457915   9.79648699482          104  150.170157  2.438999          104   21.8067207143   2.39850220255          104 
/work/00115/gebhardt/maverick/vdrp/shifts/20170130v024/xy_exp02.dat  150.180811   2.44597          104    -20.7752508546  -14.4824103495          104  150.179436  2.445912          104  -17.7570110504  -10.5591607701          104 
/work/00115/gebhardt/maverick/vdrp/shifts/20170130v024/xy_exp03.dat  150.169972  2.439577          104   24.8332104821   8.55942139272          104  150.170157  2.438999          104   26.1513769078    6.81730943695          104 
/work/00115/gebhardt/maverick/vdrp/shifts/20170130v027/xy_exp01.dat   189.19487  62.276949          104  -1.60827805826  -17.5791465248          104  189.195069  62.276875          104   -2.0184372772   -17.461643151          104 
/work/00115/gebhardt/maverick/vdrp/shifts/20170130v027/xy_exp01.dat  189.205815  62.286684          104   16.3596705265   17.6523730946          104   189.20602  62.286685          104   16.1639547636    17.934328964          104 
/work/00115/gebhardt/maverick/vdrp/shifts/20170130v027/xy_exp02.dat  189.195037  62.276783          104   -3.3456191127  -16.8485552529          104  189.195069  62.276875          104  -3.10659335683  -16.6131132582          104 
/work/00115/gebhardt/maverick/vdrp/shifts/20170130v027/xy_exp02.dat  189.208473  62.277139          104  -15.3256279786   2.24177374449          104  189.208357  62.277042          104  -15.4979627165   1.88124351416          104 
/work/00115/gebhardt/maverick/vdrp/shifts/20170130v027/xy_exp02.dat  189.205885  62.286494          104   14.6463296581   18.2003435725          104   189.20602  62.286685          104   15.0762305325   18.7826374714          104 
/work/00115/gebhardt/maverick/vdrp/shifts/20170130v027/xy_exp03.dat  189.195247  62.276968          104   -3.84918499559  -17.7871701229          104  189.195069  62.276875          104   -3.94958810619  -18.2240628027          104 
/work/00115/gebhardt/maverick/vdrp/shifts/20170130v027/xy_exp03.dat   189.20616  62.286659          104     14.020976709   17.3087808639          104   189.20602  62.286685          104    14.2329675962    17.171824067          104 
/work/00115/gebhardt/maverick/vdrp/shifts/20170131v034/xy_exp01.dat  150.171787  2.238009          104   24.7223072521  0.264952032515          104  150.171421  2.237947          104   25.6505080932    1.2250033555          104 
/work/00115/gebhardt/maverick/vdrp/shifts/20170131v034/xy_exp02.dat  150.171607  2.237968          104     24.1095811297   1.33885559813          104  150.171421  2.237947          104     24.5500804883   1.84812958023          104 
/work/00115/gebhardt/maverick/vdrp/shifts/20170131v034/xy_exp03.dat  150.171416  2.237829          104    24.3038179785  0.163643871134          104  150.171421  2.237947          104    23.9431942595  0.388877297168          104 
/work/00115/gebhardt/maverick/vdrp/shifts/20170131v034/xy_exp03.dat  150.175918  2.241113          104    5.39800453029  -6.51572351571          104  150.175871  2.241158          104    5.35990428175  -6.28468731411          104 
/work/00115/gebhardt/maverick/vdrp/shifts/20170202v002/xy_exp01.dat  150.072483  2.411644          104   5.93899806691   4.92070501425          104  150.072415  2.411433          104   6.45080102433   5.53297636805          104 
/work/00115/gebhardt/maverick/vdrp/shifts/20170202v002/xy_exp02.dat  150.072438   2.41143          104    5.38014490393   6.03543723336          104  150.072415  2.411433          104    5.32685624856   6.09963001445          104 
/work/00115/gebhardt/maverick/vdrp/shifts/20170202v003/xy_exp01.dat  150.072941  2.216355          104  -6.45744589765    -8.88057202496          104  150.072957  2.216316          104   -6.30782842497   -8.85528005566          104 
/work/00115/gebhardt/maverick/vdrp/shifts/20170202v003/xy_exp01.dat  150.070804  2.210741          104   6.64251209134     8.32269254024          104  150.070788  2.210729          104    6.64878981572    8.39438427748          104 
/work/00115/gebhardt/maverick/vdrp/shifts/20170202v003/xy_exp01.dat  150.067037  2.210498          104  0.227160999274     20.2910946218          104  150.066852  2.210383          104   0.227146724613    21.0748666483          104 
/work/00115/gebhardt/maverick/vdrp/shifts/20170202v003/xy_exp01.dat  150.069718  2.205246          104   21.3758220984     22.0894192474          104  150.069571  2.205199          104    21.2401565452    22.6278099491          104 
/work/00115/gebhardt/maverick/vdrp/shifts/20170202v003/xy_exp02.dat  150.069494  2.205287          104   19.6896616768   23.4299672175          104  150.069571  2.205199          104     20.10497516   23.3621146436          104 
/work/00115/gebhardt/maverick/vdrp/shifts/20170202v003/xy_exp02.dat  150.070868  2.210753          104   5.59226691207   8.83868593286          104  150.070788  2.210729          104   5.51361172372   9.12868548666          104 
/work/00115/gebhardt/maverick/vdrp/shifts/20170202v003/xy_exp02.dat  150.066817  2.210424          104  -1.09986983709   21.8381063117          104  150.066852  2.210383          104  -0.90803439767   21.8091665994          104 
/work/00115/gebhardt/maverick/vdrp/shifts/20170202v003/xy_exp03.dat  150.072896  2.216307          104  -8.85413177602     -8.99448602423          104  150.072957  2.216316          104  -8.76572995353   -9.19792475605          104 
/work/00115/gebhardt/maverick/vdrp/shifts/20170202v003/xy_exp03.dat  150.070749  2.210811          104   3.86612100556      8.01493245032          104  150.070788  2.210729          104   4.19088479021     8.0517415978          104 
/work/00115/gebhardt/maverick/vdrp/shifts/20170202v003/xy_exp03.dat  150.066973  2.210553          104  -2.52048309072      20.0393477955          104  150.066852  2.210383          104  -2.23076072069    20.7322227533          104 
/work/00115/gebhardt/maverick/vdrp/shifts/20170202v003/xy_exp03.dat  150.069666   2.20534          104   18.5317659004      21.7268588472          104  150.069571  2.205199          104   18.7822485714    22.2851695694          104 
/work/00115/gebhardt/maverick/vdrp/shifts/20170202v008/xy_exp01.dat  189.296277  62.242614          104   -7.98690667997   2.05091761981          104  189.296239  62.242745          104   -7.5657504935   2.27249066067          104 
/work/00115/gebhardt/maverick/vdrp/shifts/20170205v012/xy_exp01.dat  189.220569  62.245465          104   24.7930839331  -17.7327396731          104  189.220345  62.245587          104   24.9059393943  -18.2994705117          104 
/work/00115/gebhardt/maverick/vdrp/shifts/20170205v012/xy_exp01.dat  189.220183  62.242174          104   15.0830999561  -10.9135454826          104  189.219925  62.242261          104   15.0616658151  -11.4471727545          104 
/work/00115/gebhardt/maverick/vdrp/shifts/20170205v012/xy_exp01.dat  189.235048  62.238752          104   20.8217530417   16.2909159261          104  189.235447  62.238823          104   21.4364958859   16.6584268026          104 
/work/00115/gebhardt/maverick/vdrp/shifts/20170205v012/xy_exp02.dat  189.220619  62.245663          104   24.5146892298  -17.6673653135          104  189.220345  62.245587          104   24.0155911057  -17.8590968749          104 
/work/00115/gebhardt/maverick/vdrp/shifts/20170205v012/xy_exp02.dat  189.219585  62.241997          104   13.0719073075  -10.8669583768          104  189.219925  62.242261          104   14.1713048087  -11.0068172318          104 
/work/00115/gebhardt/maverick/vdrp/shifts/20170205v012/xy_exp02.dat  189.235264  62.238599          104   19.7226875941   17.3566109567          104  189.235447  62.238823          104   20.5460827913   17.0987943103          104 
/work/00115/gebhardt/maverick/vdrp/shifts/20170205v012/xy_exp03.dat  189.235246  62.238673          104   19.3636545491    15.597230416          104  189.235447  62.238823          104   19.9964274809   15.5279521809          104 
/work/00115/gebhardt/maverick/vdrp/shifts/20170205v012/xy_exp03.dat  189.220159  62.245622          104   23.3725985779  -19.7528462721          104  189.220345  62.245587          104   23.4664436332  -19.4298874293          104 
/work/00115/gebhardt/maverick/vdrp/shifts/20170205v012/xy_exp03.dat  189.219875  62.242259          104   13.5645517699  -12.6391737509          104  189.219925  62.242261          104    13.622057957  -12.5777509596          104 
/work/00115/gebhardt/maverick/vdrp/shifts/20170221v010/xy_exp03.dat  150.065993  2.410367          104  -5.16648754556    24.6132379282          104  150.066265  2.410338          104  -4.55574467892    23.8418514481          104 
/work/00115/gebhardt/maverick/vdrp/shifts/20170221v012/xy_exp01.dat  189.182146  62.232675          104  -4.28468706654   12.6002993817          104  189.182089  62.232402          104   -5.1181658482   13.1297842127          104 
/work/00115/gebhardt/maverick/vdrp/shifts/20170221v012/xy_exp02.dat  189.181714  62.232649          104  -5.70934354158    12.448656198          104  189.182089  62.232402          104  -6.02315358702   13.4916238876          104 
/work/00115/gebhardt/maverick/vdrp/shifts/20170221v015/xy_exp01.dat  150.075301  2.438294          104    15.692110787  -11.0977634385          104  150.075303  2.438175          104   16.0387928911   -11.349538846          104 
/work/00115/gebhardt/maverick/vdrp/shifts/20170221v015/xy_exp01.dat  150.073303  2.444183          104   2.45601112023   6.95518076592          104  150.073233  2.444242          104   2.42658544985   7.28326223725          104 
/work/00115/gebhardt/maverick/vdrp/shifts/20170221v015/xy_exp02.dat  150.075253   2.43822          104   15.1131983473  -10.5689133875          104  150.075303  2.438175          104    15.142638661  -10.8091614986          104 
/work/00115/gebhardt/maverick/vdrp/shifts/20170221v015/xy_exp03.dat  150.075305  2.438219          104   14.1770019684  -12.6008356579          104  150.075303  2.438175          104   14.3108422842   -12.685860424          104 
/work/00115/gebhardt/maverick/vdrp/shifts/20170222v007/xy_exp01.dat  150.072921  2.216372          104     -4.2185383342   -9.34590671914          104  150.072957  2.216316          104   -3.97895288327     -9.34946744484          104 
/work/00115/gebhardt/maverick/vdrp/shifts/20170222v007/xy_exp01.dat  150.069783  2.205138          104     24.1700578365    21.5914135687          104  150.069571  2.205199          104    23.5809474218      22.1231929662          104 
/work/00115/gebhardt/maverick/vdrp/shifts/20170222v007/xy_exp01.dat  150.070824  2.210834          104     8.73152375014    7.58575246993          104  150.070788  2.210729          104    8.98419394354        7.895291346          104 
/work/00115/gebhardt/maverick/vdrp/shifts/20170222v007/xy_exp01.dat  150.066918  2.210463          104     2.44809120769    20.2245195101          104  150.066852  2.210383          104    2.56735125031      20.5782033468          104 
/work/00115/gebhardt/maverick/vdrp/shifts/20170222v007/xy_exp02.dat  150.069632  2.205265          104   22.4666324665   22.4429192863          104  150.069571  2.205199          104   22.5525832541   22.7547206609          104 
/work/00115/gebhardt/maverick/vdrp/shifts/20170222v007/xy_exp02.dat  150.066876  2.210392          104   1.55704772009   21.1192972034          104  150.066852  2.210383          104   1.53898732108   21.2097268621          104 
/work/00115/gebhardt/maverick/vdrp/shifts/20170222v007/xy_exp02.dat  150.070869    2.2108          104   7.89257511712   8.14440863186          104  150.070788  2.210729          104   7.95583268652   8.52681597477          104 
/work/00115/gebhardt/maverick/vdrp/shifts/20170222v007/xy_exp03.dat   150.06681  2.210487          104  0.556482172194    19.4216168465          104  150.066852  2.210383          104  0.954221729879   19.4909490567          104 
/work/00115/gebhardt/maverick/vdrp/shifts/20170222v007/xy_exp03.dat  150.073024  2.216273          104  -5.33337401408   -10.5596993043          104  150.072957  2.216316          104  -5.59208268405  -10.4367207791          104 
/work/00115/gebhardt/maverick/vdrp/shifts/20170222v007/xy_exp03.dat  150.070823  2.210779          104   7.28465687642    6.60608020638          104  150.070788  2.210729          104   7.37106416108    6.8080371807          104 
/work/00115/gebhardt/maverick/vdrp/shifts/20170222v007/xy_exp03.dat   150.06956  2.205309          104   21.6106038931    20.8604918219          104  150.069571  2.205199          104   21.9678175683   21.0359379667          104 
/work/00115/gebhardt/maverick/vdrp/shifts/20170222v008/xy_exp01.dat  150.077069  2.309955          104    23.1999315466   -10.5831244676          104  150.077149  2.309812          104    23.7890644799  -10.5556947931          104 
/work/00115/gebhardt/maverick/vdrp/shifts/20170222v008/xy_exp02.dat  150.076876  2.309947          104   21.9781466726    -9.38161159474          104  150.077149  2.309812          104   22.9093769654  -9.95896712424          104 
/work/00115/gebhardt/maverick/vdrp/shifts/20170222v008/xy_exp03.dat  150.076864  2.309965          104    20.6935604832  -11.1882014664          104  150.077149  2.309812          104    21.7026129308  -11.7680004571          104 
/work/00115/gebhardt/maverick/vdrp/shifts/20170222v010/xy_exp01.dat  189.234447  62.211398          104   -3.5853675573  -22.1708645091          104  189.234741  62.211444          104   -3.1504916557  -21.8848784441          104 
/work/00115/gebhardt/maverick/vdrp/shifts/20170222v010/xy_exp02.dat  189.234458  62.211477          104  -3.86137516797  -21.9336154742          104  189.234741  62.211444          104  -3.66164536721  -21.4865985213          104 
/work/00115/gebhardt/maverick/vdrp/shifts/20170222v010/xy_exp03.dat  189.235495  62.211356          104  -3.94393490787  -21.9163631164          104  189.234741  62.211444          104  -4.47584861911  -23.1075344571          104 
/work/00115/gebhardt/maverick/vdrp/shifts/20170225v007/xy_exp03.dat  150.174914  2.217144          104   -8.84610520079   -13.031133813          104  150.174899  2.217035          104  -8.54023507521  -12.7794714845          104 
/work/00115/gebhardt/maverick/vdrp/shifts/20170225v014/xy_exp01.dat   189.19527   62.27685          104  -0.975156640464  -13.8037164166          104  189.195069  62.276875          104  -0.706990263274  -14.0262011448          104 
/work/00115/gebhardt/maverick/vdrp/shifts/20170225v014/xy_exp01.dat  189.205971   62.28656          104    17.1718684823   21.0342861654          104   189.20602  62.286685          104    17.4914939002   21.3615033859          104 
/work/00115/gebhardt/maverick/vdrp/shifts/20170225v014/xy_exp02.dat  189.195149  62.276952          104  -1.34580553895  -13.3309739212          104  189.195069  62.276875          104  -1.49438397575   -13.600631088          104 
/work/00115/gebhardt/maverick/vdrp/shifts/20170225v014/xy_exp02.dat  189.207912  62.276926          104  -13.7870335415     4.049818687          104  189.208357  62.277042          104  -13.8774323311   4.89929937704          104 
/work/00115/gebhardt/maverick/vdrp/shifts/20170225v014/xy_exp02.dat  189.206192  62.286674          104   16.5054952249   21.9989297664          104   189.20602  62.286685          104   16.7043624863   21.7869387148          104 
/work/00115/gebhardt/maverick/vdrp/shifts/20170225v014/xy_exp03.dat  189.195003  62.276805          104  -2.49859362428   -15.2960657525          104  189.195069  62.276875          104  -2.35700589469   -15.0601107809          104 
/work/00115/gebhardt/maverick/vdrp/shifts/20170225v014/xy_exp03.dat  189.205985  62.286515          104   15.3761846458    19.9257679606          104   189.20602  62.286685          104   15.8415161801    20.3275729042          104 
/work/00115/gebhardt/maverick/vdrp/shifts/20170301v012/xy_exp03.dat  189.205901  62.286614          104   16.5724945389     19.86453971          104   189.20602  62.286685          104   16.6657367446    20.1749098655          104 
/work/00115/gebhardt/maverick/vdrp/shifts/20170301v012/xy_exp03.dat  189.195064  62.276822          104  -1.68159391699  -15.3310140301          104  189.195069  62.276875          104  -1.53082291589   -15.2137830342          104 
/work/00115/gebhardt/maverick/vdrp/shifts/20170303v012/xy_exp01.dat   189.28947  62.209118          104  -1.48042243778   4.14641440439          104  189.289644  62.209202          104  -1.06203453559   4.18758399683          104 
/work/00115/gebhardt/maverick/vdrp/shifts/20170303v012/xy_exp02.dat  189.289112  62.209201          104   -2.2508603737   4.19998951244          104  189.289644  62.209202          104  -1.69358686862   4.89772046079          104 
/work/00115/gebhardt/maverick/vdrp/shifts/20170303v012/xy_exp03.dat  189.305458  62.208769          104   12.4145390198   24.8665369134          104  189.305338   62.20887          104   12.5744034873   24.4828442769          104 
/work/00115/gebhardt/maverick/vdrp/shifts/20170303v012/xy_exp03.dat  189.289401  62.209272          104  -2.90308980409    2.6170319207          104  189.289644  62.209202          104  -2.84738028324   3.09322605274          104 
/work/00115/gebhardt/maverick/vdrp/shifts/20170303v014/xy_exp01.dat  214.827119  52.770502          104  -0.930490872806  -4.32388016824          104  214.827224  52.770536          104  -0.672228547002  -4.34803179461          104 
/work/00115/gebhardt/maverick/vdrp/shifts/20170303v014/xy_exp02.dat  214.827203  52.770666          104  -1.13003854024  -4.11099896597          104  214.827224  52.770536          104  -1.26934010979  -3.66187423932          104 
/work/00115/gebhardt/maverick/vdrp/shifts/20170303v014/xy_exp03.dat  214.827257  52.770486          104   -2.1801284312  -5.29477632029          104  214.827224  52.770536          104  -2.17658586976  -5.48856441694          104 
/work/00115/gebhardt/maverick/vdrp/shifts/20170305v009/xy_exp01.dat  215.045041  52.930954          104  -9.56526696935  -2.64318059567          104  215.045083  52.931046          104  -9.35108345417  -2.91174376222          104 
/work/00115/gebhardt/maverick/vdrp/shifts/20170321v007/xy_exp01.dat  165.834975  17.981959          104   10.0057744434   15.6061193927          104  165.835045  17.982045          104   10.0618758134   15.2186171924          104 
/work/00115/gebhardt/maverick/vdrp/shifts/20170321v012/xy_exp01.dat  150.072598  2.246046          104  -2.65429305134    15.3827517901          104  150.072728  2.246099          104  -3.07574907728   15.1044194646          104 
/work/00115/gebhardt/maverick/vdrp/shifts/20170321v012/xy_exp01.dat  150.078908  2.240541          104  0.892958634937   -14.5405621337          104  150.078868  2.240456          104   1.22677156408  -14.5945042745          104 
/work/00115/gebhardt/maverick/vdrp/shifts/20170321v012/xy_exp03.dat  150.072696  2.246144          104    -4.81397773832   15.0816292041          104  150.072728  2.246099          104   -4.74522399458   14.8951675585          104 
/work/00115/gebhardt/maverick/vdrp/shifts/20170321v012/xy_exp03.dat  150.078835  2.240328          104  0.00467377301592  -14.9658612434          104  150.078868  2.240456          104  -0.442709494806  -14.8037569558          104 
/work/00115/gebhardt/maverick/vdrp/shifts/20170322v010/xy_exp02.dat  150.073144  2.444574          104   2.14882088504   11.5261669066          104  150.073233  2.444242          104   2.94194730495   10.5764646393          104 
/work/00115/gebhardt/maverick/vdrp/shifts/20170322v010/xy_exp02.dat  150.081511  2.441057          104  -4.81895757254  -20.3706124643          104  150.080902  2.440585          104  -2.16867962444  -19.5574417809          104 
/work/00115/gebhardt/maverick/vdrp/shifts/20170322v010/xy_exp03.dat    150.0815   2.44072          104  -3.73387007584   -22.6255145817          104  150.080902  2.440585          104  -2.09845317517  -21.1463986288          104 
/work/00115/gebhardt/maverick/vdrp/shifts/20170322v011/xy_exp01.dat  215.038007  52.919258          104    1.32528489373   4.55154878492          104  215.038243  52.919145          104   1.63590417059   5.12723488269          104 
/work/00115/gebhardt/maverick/vdrp/shifts/20170322v011/xy_exp02.dat  215.038371  52.919112          104  0.234802070203   5.79190025213          104  215.038243  52.919145          104  0.0262197524324    5.57326774777          104 
/work/00115/gebhardt/maverick/vdrp/shifts/20170322v011/xy_exp03.dat  215.038662  52.919121          104    1.12350549656    4.33583360777          104  215.038243  52.919145          104   0.321580408329    3.89818624757          104 
/work/00115/gebhardt/maverick/vdrp/shifts/20170322v019/xy_exp01.dat  215.056834  52.979405          104   3.88743783926  -4.18102460422          104  215.057235  52.980122          104   4.23109810742   -1.47916441859          104 
/work/00115/gebhardt/maverick/vdrp/shifts/20170322v019/xy_exp01.dat  215.051731  52.983893          104   20.8870735528   5.53454439207          104  215.051669   52.98379          104   20.8462949473    5.14225873065          104 
/work/00115/gebhardt/maverick/vdrp/shifts/20170322v019/xy_exp02.dat  215.051798  52.983706          104   18.9725058237    5.59425795427          104  215.051669   52.98379          104   19.3559846487    5.74445885121          104 
/work/00115/gebhardt/maverick/vdrp/shifts/20170322v019/xy_exp02.dat  215.057265  52.980163          104   2.74658404475  -0.715609950337          104  215.057235  52.980122          104   2.74071959608  -0.876793035959          104 
/work/00115/gebhardt/maverick/vdrp/shifts/20170322v019/xy_exp03.dat  215.051905  52.983711          104   19.0350088234    4.46383811746          104  215.051669   52.98379          104   19.6193300396   4.49670802506          104 
/work/00115/gebhardt/maverick/vdrp/shifts/20170322v019/xy_exp03.dat   215.05795   52.98032          104   1.92040639022  -0.807228519672          104  215.057235  52.980122          104   3.00409837143  -2.12462695862          104 
/work/00115/gebhardt/maverick/vdrp/shifts/20170326v006/xy_exp01.dat  150.078905  2.240534          104  0.946741650098  -14.7212420089          104  150.078868  2.240456          104   1.25362346854  -14.7701066211          104 
/work/00115/gebhardt/maverick/vdrp/shifts/20170326v006/xy_exp01.dat  150.072598  2.246106          104   -2.7823884085   15.3322092941          104  150.072728  2.246099          104  -3.02585183086   14.9321465155          104 
/work/00115/gebhardt/maverick/vdrp/shifts/20170326v006/xy_exp02.dat  150.078671  2.240655          104  -0.270429945872    -13.434006004          104  150.078868  2.240456          104  -0.0798248665719   -14.4235025179          104 
/work/00115/gebhardt/maverick/vdrp/shifts/20170326v006/xy_exp03.dat  150.072759  2.246018          104   -4.1100367145   13.5339434457          104  150.072728  2.246099          104     -4.28760349112   13.7907250992          104 
/work/00115/gebhardt/maverick/vdrp/shifts/20170326v006/xy_exp03.dat  150.078819  2.240404          104  0.245914075872  -15.8718870001          104  150.078868  2.240456          104  -0.00813730377605  -15.9115286441          104 
/work/00115/gebhardt/maverick/vdrp/shifts/20170326v007/xy_exp01.dat  150.170736  2.346713          104    2.6579484034   24.9935930944          104  150.170897  2.346755          104   2.20466921933   24.6027282947          104 
/work/00115/gebhardt/maverick/vdrp/shifts/20170326v007/xy_exp02.dat  150.171028  2.346794          104  0.0724126116542    24.802065506          104  150.170897  2.346755          104   0.45553169891    25.110233511          104 
/work/00115/gebhardt/maverick/vdrp/shifts/20170326v007/xy_exp03.dat  150.170823  2.346906          104  0.635688147976   24.1730875173          104  150.170897  2.346755          104  0.932034766959   23.6453253928          104 
/work/00115/gebhardt/maverick/vdrp/shifts/20170328v010/xy_exp01.dat   214.84365  52.776719          104   -6.89097462719   17.3075875943          104  214.844086  52.777098          104  -5.48645835305   16.4185117972          104 
/work/00115/gebhardt/maverick/vdrp/shifts/20170328v010/xy_exp02.dat  214.843751  52.776755          104   -7.72684610352   17.9478090401          104  214.844086  52.777098          104   -6.57533111572   17.0928372896          104 
/work/00115/gebhardt/maverick/vdrp/shifts/20170328v010/xy_exp03.dat  214.843313  52.776918          104   -8.03614490876   15.8918891425          104  214.844086  52.777098          104   -6.23322662004   15.9478684875          104 
/work/00115/gebhardt/maverick/vdrp/shifts/20170328v011/xy_exp01.dat  214.842097   52.80104          104     5.1241428137    4.92134760917          104  214.842124  52.801009          104   5.13494960402    5.04701117595          104 
/work/00115/gebhardt/maverick/vdrp/shifts/20170328v011/xy_exp02.dat  214.841984  52.801094          104    3.68562332707     5.1198039446          104  214.842124  52.801009          104     3.8475590959      5.52013272021          104 
/work/00115/gebhardt/maverick/vdrp/shifts/20170328v018/xy_exp01.dat   214.68388    52.8259          104   15.2307008325   2.08714856354          104  214.683999  52.826194          104    15.4535988374   3.15370595339          104 
/work/00115/gebhardt/maverick/vdrp/shifts/20170328v018/xy_exp01.dat   214.68388    52.8259          104   15.2307008325   2.08714856354          104  214.683999  52.826194          104    15.4535988374   3.15370595339          104 
/work/00115/gebhardt/maverick/vdrp/shifts/20170328v018/xy_exp02.dat  214.684095  52.826219          104   14.1006775794   4.33907350861          104  214.683999  52.826194          104   14.2502693044   4.16781363449          104 
/work/00115/gebhardt/maverick/vdrp/shifts/20170328v018/xy_exp02.dat  214.684095  52.826219          104   14.1006775794   4.33907350861          104  214.683999  52.826194          104   14.2502693044   4.16781363449          104 
/work/00115/gebhardt/maverick/vdrp/shifts/20170328v018/xy_exp02.dat  214.690056  52.827919          104   5.04191249533   15.4531037944          104  214.690245  52.828173          104   5.06544181619    16.455396424          104 
/work/00115/gebhardt/maverick/vdrp/shifts/20170328v018/xy_exp02.dat  214.687182  52.825373          104   6.72871886049   4.48740750685          104  214.687548  52.825547          104   6.28059781957   5.39594109093          104 
/work/00115/gebhardt/maverick/vdrp/shifts/20170328v018/xy_exp03.dat  214.684065  52.825975          104   12.9304801286   2.08936354472          104  214.683999  52.826194          104   13.4000230515   2.73876402126          104 
/work/00115/gebhardt/maverick/vdrp/shifts/20170328v018/xy_exp03.dat  214.684065  52.825975          104   12.9304801286   2.08936354472          104  214.683999  52.826194          104   13.4000230515   2.73876402126          104 
/work/00115/gebhardt/maverick/vdrp/shifts/20170328v018/xy_exp03.dat   214.68723   52.82568          104    6.2609544539   4.10052118793          104  214.687548  52.825547          104   5.43035289844   3.96689925699          104 
/work/00115/gebhardt/maverick/vdrp/shifts/20170330v006/xy_exp01.dat  214.982692   52.87786          104    10.220726922    3.7591803878          104   214.98259  52.877857          104   10.0126567057   3.68214003581          104 
/work/00115/gebhardt/maverick/vdrp/shifts/20170330v006/xy_exp01.dat  214.987635  52.877445          104   19.5124764553   9.34784017938          104  214.987785  52.877453          104   19.8235417529   9.44923278508          104 
/work/00115/gebhardt/maverick/vdrp/shifts/20170330v006/xy_exp02.dat  214.982496  52.877975          104   8.97382660102    4.5383342485          104   214.98259  52.877857          104   8.99495218347   5.00920649171          104 
/work/00115/gebhardt/maverick/vdrp/shifts/20170330v006/xy_exp03.dat   214.98264  52.877746          104   8.82059462233   4.03849231916          104   214.98259  52.877857          104   8.87750709793   3.62831686736          104 
/work/00115/gebhardt/maverick/vdrp/shifts/20170331v006/xy_exp01.dat  150.081157  2.340072          104  -2.10091664265  -25.4235324837          104  150.080854  2.340178          104    -1.79457952852   -24.3101374977          104 
/work/00115/gebhardt/maverick/vdrp/shifts/20170331v006/xy_exp01.dat  150.081157  2.340072          104  -2.10091664265  -25.4235324837          104  150.080854  2.340178          104    -1.79457952852   -24.3101374977          104 
/work/00115/gebhardt/maverick/vdrp/shifts/20170331v006/xy_exp01.dat  150.074283  2.338333          104   17.1161119252  -8.65251190831          104  150.074107  2.338454          104     17.1181113811    -7.8840527375          104 
/work/00115/gebhardt/maverick/vdrp/shifts/20170331v006/xy_exp02.dat  150.080929  2.339996          104  -2.85726510381  -24.3401748924          104  150.080854  2.340178          104  -3.24256342954  -23.7455202235          104 
/work/00115/gebhardt/maverick/vdrp/shifts/20170331v006/xy_exp02.dat  150.080929  2.339996          104  -2.85726510381  -24.3401748924          104  150.080854  2.340178          104  -3.24256342954  -23.7455202235          104 
/work/00115/gebhardt/maverick/vdrp/shifts/20170331v006/xy_exp02.dat  150.074076  2.338414          104   15.8519931233  -7.30967427183          104  150.074107  2.338454          104   15.6701286705  -7.31943690063          104 
/work/00115/gebhardt/maverick/vdrp/shifts/20170331v006/xy_exp02.dat  150.074285  2.346414          104  -8.25932035127   8.45910944401          104  150.073687  2.346871          104  -8.38834528021   11.1640838335          104 
/work/00115/gebhardt/maverick/vdrp/shifts/20170331v006/xy_exp03.dat  150.074282  2.338483          104   15.5001919789  -9.27965978313          104  150.074107  2.338454          104   15.9442116013  -8.82141496253          104 
/work/00115/gebhardt/maverick/vdrp/shifts/20170331v006/xy_exp03.dat  150.074165  2.346443          104  -7.82548810237   7.37149523921          104  150.073687  2.346871          104  -8.11425816152   9.66211013833          104 
/work/00115/gebhardt/maverick/vdrp/shifts/20170331v007/xy_exp01.dat  214.874607   52.80786          104    9.06455011984  -14.7537381583          104  214.874667  52.807883          104    9.21704408392  -14.7792333447          104 
/work/00115/gebhardt/maverick/vdrp/shifts/20170331v007/xy_exp02.dat  214.874632  52.807859          104   7.81771172206  -14.1820850279          104  214.874667  52.807883          104    7.92148585935  -14.2320567052          104 
/work/00115/gebhardt/maverick/vdrp/shifts/20170331v007/xy_exp03.dat  214.874512  52.807754          104    7.50289258087   -15.3896262539          104  214.874667  52.807883          104    7.99427083587  -15.6862600347          104 
/work/00115/gebhardt/maverick/vdrp/shifts/20170331v013/xy_exp01.dat  214.814523  52.926902          104   14.7524922361  -1.46400654779          104  214.814399  52.926977          104   15.1125734581   -1.3388679981          104 
/work/00115/gebhardt/maverick/vdrp/shifts/20170331v013/xy_exp02.dat  214.814686  52.927033          104   13.4809878714  -0.44141546352          104  214.814399  52.926977          104   13.9529628583  -0.895091696923          104 
/work/00115/gebhardt/maverick/vdrp/shifts/20170331v013/xy_exp03.dat  214.814825  52.926908          104   13.1498172453   -2.22186756519          104  214.814399  52.926977          104   14.0898663165  -2.40276331075          104 
/work/00115/gebhardt/maverick/vdrp/shifts/20170418v003/xy_exp01.dat  189.626207  62.178899          104  -7.84068390368  -15.6397857574          104  189.625805  62.178982          104    -8.0247715035     -16.3550460353          104 
/work/00115/gebhardt/maverick/vdrp/shifts/20170418v003/xy_exp02.dat  189.625862  62.179166          104  -6.58943376708  -17.6393485378          104  189.625805  62.178982          104  -7.16864490766   -17.303994675          104 
/work/00115/gebhardt/maverick/vdrp/shifts/20170418v003/xy_exp03.dat  189.625962  62.178937          104  -8.82970350828  -17.6938867482          104  189.625805  62.178982          104  -8.86603722478  -18.0013073089          104 
/work/00115/gebhardt/maverick/vdrp/shifts/20170418v004/xy_exp01.dat  150.073174  1.940158          104    19.3946747463  -17.6360558955          104  150.073268  1.939996          104    19.6927856602   -18.2407366756          104 
/work/00115/gebhardt/maverick/vdrp/shifts/20170418v004/xy_exp01.dat  150.070523  1.952632          104   -12.7040877797   15.1853329891          104  150.070612  1.952514          104   -12.5278711356    14.6833943698          104 
/work/00115/gebhardt/maverick/vdrp/shifts/20170418v004/xy_exp02.dat  150.070031  1.952435          104  -10.5920423701    14.4796747145          104  150.070612  1.952514          104   -11.987008366   12.8970494249          104 
/work/00115/gebhardt/maverick/vdrp/shifts/20170418v004/xy_exp02.dat  150.072713   1.93996          104   21.4479208838   -18.4365570807          104  150.073268  1.939996          104   20.2336416894  -20.0270863423          104 
/work/00115/gebhardt/maverick/vdrp/shifts/20170418v004/xy_exp02.dat  150.070621  1.942431          104   18.2129369351   -7.24184362649          104  150.070946  1.942553          104   17.1994293967   -7.9719376285          104 
/work/00115/gebhardt/maverick/vdrp/shifts/20170418v004/xy_exp03.dat  150.070484    1.9524          104  -12.9680592081   13.6711503452          104  150.070612  1.952514          104  -13.5648725275   13.5151556947          104 
/work/00115/gebhardt/maverick/vdrp/shifts/20170418v004/xy_exp03.dat  150.073074  1.939994          104    19.048507868   -18.831903259          104  150.073268  1.939996          104   18.6557756891  -19.4089828237          104 
/work/00115/gebhardt/maverick/vdrp/shifts/20170418v006/xy_exp02.dat  214.352042  52.185802          104    8.81936221346   17.7269918604          104  214.352149  52.185867          104    9.12493286674   17.5960030501          104 
/work/00115/gebhardt/maverick/vdrp/shifts/20170418v013/xy_exp02.dat  189.392161  62.326943          104  12.6036516429  -6.63207398223          104  189.391671  62.327048          104  13.3837418814  -7.08540678424          104 
/work/00115/gebhardt/maverick/vdrp/shifts/20170418v013/xy_exp03.dat  189.391677  62.327007          104   11.8144434644  -7.36247329334          104  189.391671  62.327048          104   11.9410120896   -7.2858774755          104 
/work/00115/gebhardt/maverick/vdrp/shifts/20170419v006/xy_exp01.dat  214.630155  52.587548          104   20.8379040736   1.42199346295          104  214.630323  52.587578          104   21.2187467758     1.46248511489          104 
/work/00115/gebhardt/maverick/vdrp/shifts/20170419v006/xy_exp01.dat  214.621798  52.581172          104  -4.82218026769   15.6548633621          104  214.621878   52.58106          104  -4.81445275686     16.0943373485          104 
/work/00115/gebhardt/maverick/vdrp/shifts/20170419v006/xy_exp02.dat  214.619473  52.585038          104  -3.97867139435    -0.497363390781          104  214.619519  52.584957          104  -3.99707253819  -0.189440646174          104 
/work/00115/gebhardt/maverick/vdrp/shifts/20170419v006/xy_exp02.dat  214.630483  52.587654          104   21.8741310502  -0.00398363286541          104  214.630323  52.587578          104   21.4462264701    0.11525886968          104 
/work/00115/gebhardt/maverick/vdrp/shifts/20170419v006/xy_exp02.dat   214.62195  52.581099          104  -4.38781585666      14.6774625893          104  214.621878   52.58106          104  -4.58700116648    14.7470600209          104 
/work/00115/gebhardt/maverick/vdrp/shifts/20170419v006/xy_exp03.dat  214.629984  52.587613          104   19.1713918609  -0.104011861904          104  214.630323  52.587578          104   19.8085444352  0.295571233158          104 
/work/00115/gebhardt/maverick/vdrp/shifts/20170419v006/xy_exp03.dat  214.622228  52.581093          104  -5.47186510605    15.1097822917          104  214.621878   52.58106          104  -6.22481719813   14.9271343317          104 
/work/00115/gebhardt/maverick/vdrp/shifts/20170420v016/xy_exp01.dat  214.070327  53.414468          104  0.00374790764291   -11.1787286118          104  214.070333  53.414403          104  -0.113319406574   -11.3817494235          104 
/work/00115/gebhardt/maverick/vdrp/shifts/20170420v016/xy_exp01.dat  214.067868  53.418654          104     11.5112242967  -0.110368932924          104  214.068216  53.418609          104    10.7718153783  0.0819013581693          104 
/work/00115/gebhardt/maverick/vdrp/shifts/20170420v016/xy_exp02.dat   214.07012  53.414414          104  0.590528586836    -13.1454363154          104  214.070333  53.414403          104  0.164791944385   -12.9745729419          104 
/work/00115/gebhardt/maverick/vdrp/shifts/20170420v016/xy_exp02.dat  214.068413  53.418423          104   10.3705587075    -1.91775215176          104  214.068216  53.418609          104   11.0498543447    -1.5108539607          104 
/work/00115/gebhardt/maverick/vdrp/shifts/20170420v016/xy_exp03.dat  214.070171  53.414291          104   -1.38177711764   -13.0478700793          104  214.070333  53.414403          104    -1.5100661953  -12.5312066485          104 
/work/00115/gebhardt/maverick/vdrp/shifts/20170420v016/xy_exp03.dat   214.06825   53.41844          104    9.03553298301   -1.57766068291          104  214.068216  53.418609          104     9.3751229447  -1.06760811081          104 
/work/00115/gebhardt/maverick/vdrp/shifts/20170420v016/xy_exp03.dat  214.075743  53.422434          104    1.17734321609    18.5073421411          104  214.075684  53.422034          104   0.640480939703   17.1651721252          104 
/work/00115/gebhardt/maverick/vdrp/shifts/20170420v017/xy_exp01.dat  215.176472  52.417947          104   -12.7733978747    2.4995463411          104  215.176575   52.41799          104   -12.9144043638   2.73454526511          104 
/work/00115/gebhardt/maverick/vdrp/shifts/20170420v017/xy_exp02.dat  215.176952  52.418335          104   -12.8948498355   2.70577191439          104  215.176575   52.41799          104   -12.6603591958   1.23174137718          104 
/work/00115/gebhardt/maverick/vdrp/shifts/20170420v017/xy_exp03.dat  215.168904  52.418736          104     2.3264264332  -2.48978463593          104  215.169173  52.418752          104    1.81359135352  -2.19121429349          104 
/work/00115/gebhardt/maverick/vdrp/shifts/20170420v017/xy_exp03.dat  215.176693  52.417904          104   -14.4667469102   1.91783429282          104  215.176575   52.41799          104   -14.1021648512   2.09120587317          104 
/work/00115/gebhardt/maverick/vdrp/shifts/20170421v016/xy_exp01.dat  214.072328  53.253773          104    3.57212917259   11.6862882606          104  214.072199  53.253879          104      3.9907395537     11.90441403          104 
/work/00115/gebhardt/maverick/vdrp/shifts/20170421v016/xy_exp01.dat  214.064641  53.257756          104    24.7781030634   17.1625548168          104  214.064998  53.257898          104     24.3169429721   17.9624032926          104 
/work/00115/gebhardt/maverick/vdrp/shifts/20170421v016/xy_exp02.dat  214.071981  53.253984          104   4.97774972157    10.5095807779          104  214.072199  53.253879          104   4.38907659629     10.3799625165          104 
/work/00115/gebhardt/maverick/vdrp/shifts/20170421v016/xy_exp03.dat  214.072213  53.253887          104   2.99272901957   11.0254685625          104  214.072199  53.253879          104   3.00691831427   10.9862599855          104 
/work/00115/gebhardt/maverick/vdrp/shifts/20170421v016/xy_exp03.dat  214.064546  53.258133          104   24.5812788576   17.3688485038          104  214.064998  53.257898          104   23.3331400699   17.0441864595          104 
/work/00115/gebhardt/maverick/vdrp/shifts/20170421v017/xy_exp01.dat    214.0719  53.253972          104     4.8208713302   11.7886763769          104  214.072199  53.253879          104   4.09518880629   11.7750501282          104 
/work/00115/gebhardt/maverick/vdrp/shifts/20170421v017/xy_exp01.dat  214.065048  53.257926          104    24.3670414976   17.9802226809          104  214.064998  53.257898          104   24.4186994328   17.8420671118          104 
/work/00115/gebhardt/maverick/vdrp/shifts/20170421v017/xy_exp02.dat  214.075277  53.251705          104   -6.23720653987     8.7284243669          104    214.0753  53.251548          104   -6.53286292467    8.24417711762          104 
/work/00115/gebhardt/maverick/vdrp/shifts/20170423v008/xy_exp01.dat  214.106348  52.336067          104   11.8849722988    21.3435063172          104  214.106351  52.336139          104   11.9875932906   21.1053934425          104 
/work/00115/gebhardt/maverick/vdrp/shifts/20170423v008/xy_exp01.dat  214.103024  52.346692          104   19.3403036063   -16.8787965363          104  214.102986  52.346504          104   19.0107518014   -16.281769722          104 
/work/00115/gebhardt/maverick/vdrp/shifts/20170423v008/xy_exp02.dat  214.106475  52.336108          104     11.4690112782   22.1812726883          104  214.106351  52.336139          104    11.2574014047   21.9761478844          104 
/work/00115/gebhardt/maverick/vdrp/shifts/20170423v008/xy_exp02.dat  214.103249  52.347003          104     19.4862916183  -16.8629002045          104  214.102986  52.346504          104    18.2806426909  -15.4110004366          104 
/work/00115/gebhardt/maverick/vdrp/shifts/20170423v008/xy_exp03.dat  214.106386  52.336167          104   10.8317483998   20.7658804815          104  214.106351  52.336139          104   10.7227659958    20.8307723554          104 
/work/00115/gebhardt/maverick/vdrp/shifts/20170423v008/xy_exp03.dat  214.103652  52.346782          104    19.478200936  -16.9398435567          104  214.102986  52.346504          104   17.7462245362    -16.556334245          104 
/work/00115/gebhardt/maverick/vdrp/shifts/20170424v008/xy_exp03.dat   214.09397  52.678641          104  -7.91171180524  -20.2200066434          104   214.09373  52.678647          104  -8.38706949799  -20.4411426441          104 
/work/00115/gebhardt/maverick/vdrp/shifts/20170424v008/xy_exp03.dat  214.109824  52.675905          104   20.2581404099   2.16190036439          104  214.109803  52.675927          104   20.2462169594   2.07117178109          104 
/work/00115/gebhardt/maverick/vdrp/shifts/20170424v009/xy_exp02.dat  214.378644  52.339253          104     8.5673145168   8.64527376873          104   214.37879  52.339124          104     8.6922274012   9.19590471204          104 
/work/00115/gebhardt/maverick/vdrp/shifts/20170424v009/xy_exp02.dat  214.378644  52.339253          104     8.5673145168   8.64527376873          104   214.37879  52.339124          104     8.6922274012   9.19590471204          104 
/work/00115/gebhardt/maverick/vdrp/shifts/20170425v003/xy_exp01.dat  215.498021  52.670809          104   22.6142953781    22.955070426          104  215.497949  52.670892          104    22.5835784605   22.6188506056          104 
/work/00115/gebhardt/maverick/vdrp/shifts/20170427v003/xy_exp01.dat  214.100887  52.840916          104  -0.844725512235    4.4029696295          104  214.100865  52.840779          104  -1.08110359201   4.83847194148          104 
/work/00115/gebhardt/maverick/vdrp/shifts/20170427v005/xy_exp01.dat  214.376157   52.50914          104   5.19463695449  -7.03176517955          104  214.375877  52.509277          104   4.81312092688  -7.72030208566          104 
/work/00115/gebhardt/maverick/vdrp/shifts/20170427v005/xy_exp02.dat  214.376109  52.509223          104   3.63769427441  -6.86262330185          104  214.375877  52.509277          104   3.24058586464   -7.2347770824          104 
/work/00115/gebhardt/maverick/vdrp/shifts/20170427v005/xy_exp03.dat  214.375939  52.509204          104   3.69895592308  -8.51360210846          104  214.375877  52.509277          104   3.67254656222  -8.80825716807          104 
/work/00115/gebhardt/maverick/vdrp/shifts/20170427v013/xy_exp01.dat  214.339193  53.254134          104   23.1630700842    2.28015128582          104  214.339574   53.25411          104   22.3897810284   2.56798609032          104 
/work/00115/gebhardt/maverick/vdrp/shifts/20170427v013/xy_exp02.dat  214.339584  53.254002          104   20.8770038982   2.52385139121          104  214.339574   53.25411          104   21.0693330143    2.86243701675          104 
/work/00115/gebhardt/maverick/vdrp/shifts/20170427v013/xy_exp02.dat  214.345484  53.257624          104   15.3022019952   19.8560553533          104  214.345294  53.257507          104   15.4811164313    19.2967414903          104 
/work/00115/gebhardt/maverick/vdrp/shifts/20170427v013/xy_exp03.dat  214.345441  53.257402          104   15.2151138192   17.6801476046          104  214.345294  53.257507          104     15.66686005   17.8777146333          104 
/work/00115/gebhardt/maverick/vdrp/shifts/20170427v013/xy_exp03.dat   214.33959  53.254153          104   21.2931980384   1.59740061142          104  214.339574   53.25411          104   21.2551614934   1.44343954205          104 
/work/00115/gebhardt/maverick/vdrp/shifts/20170427v014/xy_exp01.dat  214.339954  52.746463          104  -2.51069925176  -19.1614129019          104  214.339969  52.746526          104  -2.44317030701  -18.9424446937          104 
/work/00115/gebhardt/maverick/vdrp/shifts/20170427v014/xy_exp01.dat  214.335106   52.75039          104   13.0877702083  -10.9056397892          104  214.334954  52.750471          104   13.5119123646   -10.783830544          104 
/work/00115/gebhardt/maverick/vdrp/shifts/20170427v014/xy_exp02.dat  214.336142  52.760096          104    24.7802845466   22.2188364292          104  214.335995  52.760255          104    25.3146909782   22.5991165448          104 
/work/00115/gebhardt/maverick/vdrp/shifts/20170427v014/xy_exp02.dat  214.336142  52.760096          104    24.7802845466   22.2188364292          104  214.335995  52.760255          104    25.3146909782   22.5991165448          104 
/work/00115/gebhardt/maverick/vdrp/shifts/20170427v014/xy_exp02.dat  214.340116   52.74658          104   -3.87059811515   -18.051339731          104  214.339969  52.746526          104   -3.66428340206  -18.3641475673          104 
/work/00115/gebhardt/maverick/vdrp/shifts/20170427v014/xy_exp02.dat  214.334884  52.750379          104    12.2869913261  -10.5702881056          104  214.334954  52.750471          104    12.2908694842  -10.2056707499          104 
/work/00115/gebhardt/maverick/vdrp/shifts/20170427v014/xy_exp03.dat  214.339718  52.746568          104   -3.15352443338  -19.9922272649          104  214.339969  52.746526          104   -3.71259349272  -19.8947622844          104 
/work/00115/gebhardt/maverick/vdrp/shifts/20170427v014/xy_exp03.dat  214.336579  52.760596          104    24.6417214774   22.7226054449          104  214.335995  52.760255          104    25.2662212241   21.0686130317          104 
/work/00115/gebhardt/maverick/vdrp/shifts/20170427v014/xy_exp03.dat  214.336579  52.760596          104    24.6417214774   22.7226054449          104  214.335995  52.760255          104    25.2662212241   21.0686130317          104 
/work/00115/gebhardt/maverick/vdrp/shifts/20170427v014/xy_exp03.dat  214.334966  52.750507          104    12.2743565691  -11.6079000852          104  214.334954  52.750471          104    12.2425274388   -11.736223762          104 
/work/00115/gebhardt/maverick/vdrp/shifts/20170428v005/xy_exp01.dat   214.65291  52.347626          104   10.3389290949  -22.4831773901          104  214.652888  52.347482          104   10.1005941219  -22.0202759997          104 
/work/00115/gebhardt/maverick/vdrp/shifts/20170428v005/xy_exp02.dat   214.65284  52.347629          104    9.04704702821   -22.0443665235          104  214.652888  52.347482          104     8.94749851822   -21.5140008643          104 
/work/00115/gebhardt/maverick/vdrp/shifts/20170428v005/xy_exp03.dat  214.652757   52.34765          104    8.99040662696  -23.3903366197          104  214.652888  52.347482          104     9.03198750847  -22.7217173818          104 
/work/00115/gebhardt/maverick/vdrp/shifts/20170501v012/xy_exp01.dat  215.715676  52.586817          104   24.0956651854   -2.59111177185          104  215.715128  52.587314          104   25.9370573273  -1.47435338119          104 
/work/00115/gebhardt/maverick/vdrp/shifts/20170501v012/xy_exp02.dat  215.715682  52.587156          104   23.1846571032   -0.9404611005          104  215.715128  52.587314          104   24.5232181253  -0.935796072873          104 
/work/00115/gebhardt/maverick/vdrp/shifts/20170501v012/xy_exp03.dat  215.715294  52.587206          104  24.1935758499  -2.60092208184          104  215.715128  52.587314          104   24.6867606645  -2.40152754224          104 
/work/00115/gebhardt/maverick/vdrp/shifts/20170502v012/xy_exp01.dat  215.457355  52.423114          104  -10.8052923173   23.9283490911          104  215.457338  52.422978          104  -10.9750357958   23.4675989764          104 
/work/00115/gebhardt/maverick/vdrp/shifts/20170502v012/xy_exp01.dat  215.457355  52.423114          104  -10.8052923173   23.9283490911          104  215.457338  52.422978          104  -10.9750357958   23.4675989764          104 
/work/00115/gebhardt/maverick/vdrp/shifts/20170502v012/xy_exp02.dat  215.457541  52.423178          104  -12.4981929544    24.9562056071          104  215.457338  52.422978          104  -12.3924686836    24.116060712          104 
/work/00115/gebhardt/maverick/vdrp/shifts/20170502v012/xy_exp02.dat  215.457541  52.423178          104  -12.4981929544    24.9562056071          104  215.457338  52.422978          104  -12.3924686836    24.116060712          104 
/work/00115/gebhardt/maverick/vdrp/shifts/20170502v012/xy_exp03.dat  215.457084  52.422968          104  -11.2506530536   22.3664437974          104  215.457338  52.422978          104  -11.7427591295   22.6311634984          104 
/work/00115/gebhardt/maverick/vdrp/shifts/20170502v012/xy_exp03.dat  215.457084  52.422968          104  -11.2506530536   22.3664437974          104  215.457338  52.422978          104  -11.7427591295   22.6311634984          104 
/work/00115/gebhardt/maverick/vdrp/shifts/20170503v008/xy_exp01.dat  214.342226  52.415797          104  -7.63018546059  -6.63499877387          104  214.342216  52.415858          104  -7.51853453012   -6.4446286889          104 
/work/00115/gebhardt/maverick/vdrp/shifts/20170503v008/xy_exp02.dat  214.342396  52.415756          104  -9.57746149702   -6.14025642827          104  214.342216  52.415858          104   -9.06500005995  -5.97164637298          104 
/work/00115/gebhardt/maverick/vdrp/shifts/20170503v008/xy_exp03.dat  214.342276  52.415762          104   -8.89149881036  -7.85804553497          104  214.342216  52.415858          104   -8.62747526032  -7.59903116174          104 
/work/00115/gebhardt/maverick/vdrp/shifts/20170503v009/xy_exp01.dat  214.621785  52.581045          104  -10.3135865707  -9.77041587225          104  214.621878   52.58106          104   -10.475108819  -9.63545810528          104 
/work/00115/gebhardt/maverick/vdrp/shifts/20170503v009/xy_exp02.dat  214.621775  52.581115          104  -11.6204011043  -9.00172840209          104  214.621878   52.58106          104  -11.9083041583    -9.085882309          104 
/work/00115/gebhardt/maverick/vdrp/shifts/20170503v009/xy_exp03.dat  214.619592  52.585004          104   -1.3208688585  0.172164168271          104  214.619519  52.584957          104  -1.24771198905  -0.0486812210655          104 
/work/00115/gebhardt/maverick/vdrp/shifts/20170503v009/xy_exp03.dat  214.621783  52.581171          104  -11.4985785682  -10.3059851951          104  214.621878   52.58106          104  -11.8558691625    -10.5802310747          104 
/work/00115/gebhardt/maverick/vdrp/shifts/20170503v010/xy_exp01.dat  215.722469  52.916919          104    11.3112985569  -9.16884963543          104  215.722249  52.917021          104    11.9008202097  -9.04491659376          104 
/work/00115/gebhardt/maverick/vdrp/shifts/20170503v010/xy_exp01.dat  215.730273  52.912049          104   -11.5551929859  -17.6245433741          104  215.730286  52.911983          104   -11.6836312831  -17.8264203564          104 
/work/00115/gebhardt/maverick/vdrp/shifts/20170503v010/xy_exp02.dat  215.730375  52.912097          104  -12.8627260112  -16.1245967442          104  215.730286  52.911983          104  -12.8665367874  -16.5781903605          104 
/work/00115/gebhardt/maverick/vdrp/shifts/20170503v010/xy_exp03.dat   215.73043  52.912011          104  -13.6804534926  -17.7526436601          104  215.730286  52.911983          104  -13.4424432735  -17.9790094659          104 
/work/00115/gebhardt/maverick/vdrp/shifts/20170518v006/xy_exp02.dat  214.649533  52.511788          104  -0.535030759936  -25.0875451872          104  214.649418  52.512253          104  -0.135343499304  -26.7325473725          104 
/work/00115/gebhardt/maverick/vdrp/shifts/20170519v008/xy_exp01.dat  215.178619   53.42411          104   14.3231874521   13.3706386883          104  215.178491  53.424008          104    14.4026902499   12.9190701332          104 
/work/00115/gebhardt/maverick/vdrp/shifts/20170519v008/xy_exp02.dat  215.178359  53.424009          104   13.3034962201   13.3977629518          104  215.178491  53.424008          104   13.0491303964   13.5222399586          104 
/work/00115/gebhardt/maverick/vdrp/shifts/20170519v008/xy_exp03.dat  215.178473  53.424141          104   13.2685617023    12.5361378124          104  215.178491  53.424008          104   13.0181895598   12.1261909776          104 
/work/00115/gebhardt/maverick/vdrp/shifts/20170522v005/xy_exp01.dat  215.715621  52.587255          104   24.2541205989   -11.1312243621          104  215.715128  52.587314          104   25.3205960477  -11.3966388996          104 
/work/00115/gebhardt/maverick/vdrp/shifts/20170522v005/xy_exp02.dat  215.715358  52.587278          104    23.8400436568   -10.3287538158          104  215.715128  52.587314          104   24.3505381289  -10.4249575924          104 
/work/00115/gebhardt/maverick/vdrp/shifts/20170522v005/xy_exp03.dat  215.715172  52.587341          104   23.9105842326  -11.8607931128          104  215.715128  52.587314          104   23.9564579718   -11.989653472          104 
/work/00115/gebhardt/maverick/vdrp/shifts/20170523v008/xy_exp01.dat  215.457089  52.423031          104  -9.45491313547   13.3741763684          104  215.457338  52.422978          104  -10.0312489742   13.4295695021          104 
/work/00115/gebhardt/maverick/vdrp/shifts/20170523v008/xy_exp01.dat  215.457089  52.423031          104  -9.45491313547   13.3741763684          104  215.457338  52.422978          104  -10.0312489742   13.4295695021          104 
/work/00115/gebhardt/maverick/vdrp/shifts/20170523v008/xy_exp02.dat  215.457458  52.422887          104  -11.2496979203    13.828290874          104  215.457338  52.422978          104  -10.8733586844   14.0156283201          104 
/work/00115/gebhardt/maverick/vdrp/shifts/20170523v008/xy_exp02.dat  215.457458  52.422887          104  -11.2496979203    13.828290874          104  215.457338  52.422978          104  -10.8733586844   14.0156283201          104 
/work/00115/gebhardt/maverick/vdrp/shifts/20170523v008/xy_exp03.dat  215.457368  52.423099          104  -11.2471735843    13.2008872774          104  215.457338  52.422978          104   -11.369592179    12.7776843862          104 
/work/00115/gebhardt/maverick/vdrp/shifts/20170523v008/xy_exp03.dat  215.457368  52.423099          104  -11.2471735843    13.2008872774          104  215.457338  52.422978          104   -11.369592179    12.7776843862          104 
/work/00115/gebhardt/maverick/vdrp/shifts/20170525v013/xy_exp03.dat  214.615519   53.09081          104    25.1869738853   4.57292655093          104  214.615133  53.090924          104    26.1169504387    4.5741999491          104 
/work/00115/gebhardt/maverick/vdrp/shifts/20170525v014/xy_exp01.dat  215.730365  52.912189          104  -11.2287676795   -25.3633216801          104  215.730286  52.911983          104   -11.3957419464  -26.1059581014          104 
/work/00115/gebhardt/maverick/vdrp/shifts/20170525v014/xy_exp01.dat  215.722739  52.916786          104   10.8637147611     -17.62646316          104  215.722249  52.917021          104    12.1889495049  -17.3251057526          104 
/work/00115/gebhardt/maverick/vdrp/shifts/20170525v014/xy_exp02.dat  215.730318  52.912053          104  -12.7420482779   -25.1386133576          104  215.730286  52.911983          104  -12.7887040879  -25.3958174363          104 
/work/00115/gebhardt/maverick/vdrp/shifts/20170525v014/xy_exp02.dat  215.722631  52.916875          104   9.82098742014   -16.7294291697          104  215.722249  52.917021          104   10.7960753546   -16.615201383          104 
/work/00115/gebhardt/maverick/vdrp/shifts/20170525v014/xy_exp03.dat  215.730329  52.912421          104  -12.2261113562  -25.1151842868          104  215.730286  52.911983          104  -12.8256253239  -26.5765589384          104 
/work/00115/gebhardt/maverick/vdrp/shifts/20170525v014/xy_exp03.dat  215.722207  52.916944          104   10.7211323204  -18.0851957871          104  215.722249  52.917021          104   10.7591269684  -17.7958709686          104 
/work/00115/gebhardt/maverick/vdrp/shifts/20170529v007/xy_exp01.dat  214.621936  52.580983          104  -10.6637433619  -18.5177966604          104  214.621878   52.58106          104  -10.4313233339  -18.3205185338          104 
/work/00115/gebhardt/maverick/vdrp/shifts/20170529v007/xy_exp02.dat  214.621932  52.581185          104  -11.7755117107  -17.3535051112          104  214.621878   52.58106          104  -11.8592906263  -17.8111473933          104 
/work/00115/gebhardt/maverick/vdrp/shifts/20170529v008/xy_exp03.dat   215.16942  53.256139          104   25.1513205261  -0.312886063344          104  215.169335  53.256499          104   25.8930686896  0.765516472777          104 
/work/00115/gebhardt/maverick/vdrp/shifts/20170529v009/xy_exp01.dat  214.895742  52.755604          104    8.6877956297   4.67744776831          104  214.895758  52.755688          104   8.78590329465   4.96560882321          104 
/work/00115/gebhardt/maverick/vdrp/shifts/20170530v006/xy_exp01.dat  214.621947  52.581059          104  -11.0274365348  -18.1468818074          104  214.621878   52.58106          104   -10.889153164  -18.2074860487          104 
/work/00115/gebhardt/maverick/vdrp/shifts/20170530v006/xy_exp02.dat  214.621755   52.58115          104  -11.8269903121   -17.4913924133          104  214.621878   52.58106          104  -12.2078750709    -17.671109284          104 
/work/00115/gebhardt/maverick/vdrp/shifts/20170530v006/xy_exp03.dat  214.621924  52.581075          104  -12.2638952803  -19.0554448154          104  214.621878   52.58106          104  -12.1955713152  -19.1469505335          104 
/work/00115/gebhardt/maverick/vdrp/shifts/20170615v009/xy_exp01.dat  214.697326  52.800028          104   17.7645315943  -18.2193395736          104  214.697988  52.800111          104   16.5937453937  -17.3278894229          104 
/work/00115/gebhardt/maverick/vdrp/shifts/20170617v008/xy_exp01.dat  214.698268  52.800316          104   16.2954720631  -17.1729551708          104  214.697988  52.800111          104   16.5275179445  -18.1015104028          104 
/work/00115/gebhardt/maverick/vdrp/shifts/20170621v007/xy_exp02.dat  214.698089  52.786589          104   -4.81239687219    -11.14696908          104  214.698316  52.786568          104   -5.29106382505  -11.0025438774          104 
/work/00115/gebhardt/maverick/vdrp/shifts/20170621v007/xy_exp03.dat  214.698082  52.786573          104   -4.94210329247   -12.823954948          104  214.698316  52.786568          104    -5.4097432271  -12.6209784811          104 
/work/00115/gebhardt/maverick/vdrp/shifts/20170621v008/xy_exp01.dat  215.449909  53.082679          104   6.55271544136  -17.6820262272          104  215.449898  53.082666          104   6.55351475229  -17.7345182229          104 
/work/00115/gebhardt/maverick/vdrp/shifts/20170621v008/xy_exp02.dat  215.449862  53.082742          104    5.5285059473  -16.8082144535          104  215.449898  53.082666          104   5.33834063327  -17.0197674767          104 
/work/00115/gebhardt/maverick/vdrp/shifts/20170621v008/xy_exp03.dat  215.449707  53.082726          104    5.71772133669  -18.3676325038          104  215.449898  53.082666          104   5.25180107512  -18.3801499089          104 
/work/00115/gebhardt/maverick/vdrp/shifts/20170628v005/xy_exp02.dat   215.12054   53.06069          104    3.28962838888    3.6086525423          104  215.120407  53.060705          104    3.57187321163   3.53086581882          104 
/work/00115/gebhardt/maverick/vdrp/shifts/20170629v004/xy_exp01.dat   215.14291  53.073208          104   24.8618650943    13.1715083157          104  215.142885  53.073106          104   24.7494037989   12.8177945359          104 
/work/00115/gebhardt/maverick/vdrp/shifts/20170629v004/xy_exp02.dat  215.142327  53.073172          104    24.7304861215      13.331768978          104  215.142885  53.073106          104    23.5416742417    13.6475859819          104 
/work/00115/gebhardt/maverick/vdrp/shifts/20170629v004/xy_exp03.dat  215.142402  53.073367          104   24.6992377702   12.8462845243          104  215.142885  53.073106          104   23.3483064004   12.4600730317          104 
/work/00115/gebhardt/maverick/vdrp/shifts/20170629v005/xy_exp01.dat  215.455816  52.753583          104  -5.70761737622   1.32540292841          104  215.455514  52.753685          104  -4.95561442623   1.37358496928          104 
/work/00115/gebhardt/maverick/vdrp/shifts/20170629v005/xy_exp01.dat   215.46039  52.756002          104  -10.9538497898   13.4758888555          104  215.460987  52.755973          104  -12.1727988159   13.9416592232          104 
/work/00115/gebhardt/maverick/vdrp/shifts/20170629v005/xy_exp02.dat  215.449607  52.756826          104   10.5002700517   6.77002847653          104  215.449683  52.756862          104   10.4065882201   6.95827773899          104 
/work/00115/gebhardt/maverick/vdrp/shifts/20170701v008/xy_exp01.dat  215.169182  52.914484          104    7.42461144115  -19.4585386519          104  215.168935  52.914486          104     7.9099733618  -19.6865303549          104 
/work/00115/gebhardt/maverick/vdrp/shifts/20170701v008/xy_exp02.dat  215.178313   52.92149          104  -0.656997225856    12.717941509          104  215.178586    52.9215          104   -1.17410092211   13.0094958792          104 
/work/00115/gebhardt/maverick/vdrp/shifts/20170701v009/xy_exp01.dat  215.455658   53.25869          104   17.0752145555      22.4554263795          104  215.455614  53.258596          104   17.0101804665   22.1100786601          104 
/work/00115/gebhardt/maverick/vdrp/shifts/20170701v009/xy_exp02.dat  215.454846  53.258635          104   16.9015616058     22.240082696          104  215.455614  53.258596          104   15.3567219435   22.8472334612          104 
/work/00115/gebhardt/maverick/vdrp/shifts/20170701v009/xy_exp03.dat  215.455059  53.258465          104    16.191216757     20.8644118918          104  215.455614  53.258596          104   15.3288038076    21.8168822769          104 
/work/00115/gebhardt/maverick/vdrp/shifts/20170720v002/xy_exp02.dat  215.120337  53.060842          104   3.38025067963   4.36614461012          104  215.120407  53.060705          104   3.02770015008   3.98945939038          104 
/work/00115/gebhardt/maverick/vdrp/shifts/20170720v002/xy_exp03.dat  215.120579  53.060459          104    2.18880415995    2.1315278468          104  215.120407  53.060705          104    2.91186980252   2.76393933033          104 
/work/00115/gebhardt/maverick/vdrp/shifts/20170720v003/xy_exp01.dat  215.179305  52.585044          104  -12.7531842603   -2.1887746886          104   215.17918  52.585034          104   -12.520859899  -2.33735533013          104 
/work/00115/gebhardt/maverick/vdrp/shifts/20170720v003/xy_exp02.dat  215.179318  52.585081          104  -14.1516113165  -1.18784444853          104   215.17918  52.585034          104  -13.9500426746  -1.46911189927          104 
/work/00115/gebhardt/maverick/vdrp/shifts/20180113v013/xy_exp01.dat  149.974444   2.07058          104   24.9332179592  -0.228452497514          104  149.974237  2.070176          104   25.7853828524    1.1657200114          104 
/work/00115/gebhardt/maverick/vdrp/shifts/20180113v013/xy_exp02.dat  149.974557  2.070407          104    24.325196808    0.441378698389          104  149.974237  2.070176          104   24.4339400083    1.85740316861          104 
/work/00115/gebhardt/maverick/vdrp/shifts/20180113v013/xy_exp03.dat  149.974283  2.070208          104   24.4835381339   0.175593430044          104  149.974237  2.070176          104   24.4954654519  0.376881159176          104 
