/work/00115/gebhardt/maverick/vdrp/shifts/20170105v009/xy_exp01.dat  149.853479  2.037999          105  -8.71247916415   16.0340594613          105  149.853486  2.037943          105  -8.52725380544   16.1175375798          105 
/work/00115/gebhardt/maverick/vdrp/shifts/20170105v009/xy_exp02.dat  149.853435  2.037658          105  -9.09075665163    17.4216443849          105  149.853486  2.037943          105  -9.87113561115   16.7307330438          105 
/work/00115/gebhardt/maverick/vdrp/shifts/20170105v009/xy_exp03.dat  149.853519  2.038112          105   -11.719423584    14.790215434          105  149.853486  2.037943          105  -11.2618392177   15.2083844652          105 
/work/00115/gebhardt/maverick/vdrp/shifts/20170107v012/xy_exp03.dat   149.86328  1.933619          105   22.7473336247  -7.60865986944          105  149.863912  1.933217          105   25.1545064036  -8.82133945829          105 
/work/00115/gebhardt/maverick/vdrp/shifts/20170107v013/xy_exp01.dat  150.051424  1.935588          105  -4.43232196282   24.9973509008          105  150.051086  1.935058          105  -3.42441413536   27.0230721438          105 
/work/00115/gebhardt/maverick/vdrp/shifts/20170107v013/xy_exp01.dat  150.061187   1.93441          105   17.3112851773  -2.91501042037          105  150.061272  1.934299          105   17.8113560189  -2.97104492618          105 
/work/00115/gebhardt/maverick/vdrp/shifts/20170127v008/xy_exp01.dat  150.056069  2.233432          105    8.90020198098   8.13071420412          105  150.055937  2.233358          105    8.87550862605   8.67462067679          105 
/work/00115/gebhardt/maverick/vdrp/shifts/20170127v008/xy_exp02.dat  150.055909  2.233464          105   7.77038970295   8.91061027825          105  150.055937  2.233358          105   8.14759796794   9.02670724443          105 
/work/00115/gebhardt/maverick/vdrp/shifts/20170129v002/xy_exp01.dat  150.154286  2.437486          105    -10.1138061498   10.6736018576          105  150.154329  2.437338          105   -9.58076244309    10.8274249573          105 
/work/00115/gebhardt/maverick/vdrp/shifts/20170129v002/xy_exp02.dat  150.154362    2.4374          105   -10.6653315712    10.9804079203          105  150.154329  2.437338          105  -10.5400298047    11.1999669189          105 
/work/00115/gebhardt/maverick/vdrp/shifts/20170129v002/xy_exp03.dat  150.154462  2.437581          105  -11.8653341588   9.03117846313          105  150.154329  2.437338          105  -11.3812654927   9.90284102619          105 
/work/00115/gebhardt/maverick/vdrp/shifts/20170129v008/xy_exp01.dat   189.30267  62.216526          105    24.886322256   -0.124453839116          105  189.302777  62.216582          105   24.9457248369   0.138897803716          105 
/work/00115/gebhardt/maverick/vdrp/shifts/20170129v008/xy_exp01.dat  189.310216  62.210717          105  0.510260045532    -1.99923201315          105  189.310427  62.210883          105  0.790099574828   -1.36343705758          105 
/work/00115/gebhardt/maverick/vdrp/shifts/20170129v008/xy_exp02.dat  189.302177  62.216583          105    24.9004486594  -0.162736282212          105  189.302777  62.216582          105    24.3114282851   0.653846409092          105 
/work/00115/gebhardt/maverick/vdrp/shifts/20170129v008/xy_exp02.dat   189.30495  62.208791          105  -0.617624893944   -12.7070855324          105  189.305338   62.20887          105  -0.765451404903   -12.0119792028          105 
/work/00115/gebhardt/maverick/vdrp/shifts/20170129v008/xy_exp02.dat  189.310364  62.210747          105  -0.180801777948   -1.21925137484          105  189.310427  62.210883          105   0.155791969409  -0.848313108846          105 
/work/00115/gebhardt/maverick/vdrp/shifts/20170129v008/xy_exp03.dat  189.305302   62.20899          105   -1.11672040246    -13.4385319862          105  189.305338   62.20887          105   -1.50316676475  -13.6408571367          105 
/work/00115/gebhardt/maverick/vdrp/shifts/20170129v008/xy_exp03.dat  189.310341  62.210976          105  -0.225753295846    -2.39969941337          105  189.310427  62.210883          105  -0.582014687991   -2.4771838844          105 
/work/00115/gebhardt/maverick/vdrp/shifts/20170130v022/xy_exp01.dat  189.179014   62.20469          105    15.176273147   19.2277321125          105  189.178843  62.204567          105   14.6506576212   19.2747126815          105 
/work/00115/gebhardt/maverick/vdrp/shifts/20170130v022/xy_exp02.dat  189.178791  62.204524          105    13.4335698094   19.6648638637          105  189.178843  62.204567          105     13.609269211   19.6381570618          105 
/work/00115/gebhardt/maverick/vdrp/shifts/20170130v022/xy_exp03.dat  189.178277  62.204382          105   11.5699032378   17.7051899339          105  189.178843  62.204567          105   12.6800643282   18.0427193777          105 
/work/00115/gebhardt/maverick/vdrp/shifts/20170130v023/xy_exp03.dat  150.091315  2.259241          105    17.8787648745   -20.0510483125          105  150.091339  2.259016          105    18.4982505669   -20.5800049973          105 
/work/00115/gebhardt/maverick/vdrp/shifts/20170130v027/xy_exp01.dat   189.24319  62.263505          105   12.2860667227   20.3246163726          105   189.24317  62.263512          105   12.3260046398   20.3118538785          105 
/work/00115/gebhardt/maverick/vdrp/shifts/20170130v027/xy_exp02.dat  189.243322  62.263794          105   11.9192307515   21.9563178318          105   189.24317  62.263512          105   11.2383097798   21.1614326001          105 
/work/00115/gebhardt/maverick/vdrp/shifts/20170130v027/xy_exp03.dat  189.243418  62.263491          105    10.0930474942   19.8450882819          105   189.24317  62.263512          105    10.3950299651   19.5498330219          105 
/work/00115/gebhardt/maverick/vdrp/shifts/20170131v032/xy_exp02.dat  150.161776  2.340928          105  -6.10240077703  -17.5056555832          105  150.161794  2.340972          105  -6.20208229274  -17.6447468873          105 
/work/00115/gebhardt/maverick/vdrp/shifts/20170131v037/xy_exp01.dat  189.219767  62.242199          105  -15.6778873327   -6.9350395179          105  189.219925  62.242261          105  -15.6494851428    -6.5898006682          105 
/work/00115/gebhardt/maverick/vdrp/shifts/20170131v037/xy_exp01.dat  189.220211  62.245452          105  -6.56491301789  0.457625071195          105  189.220345  62.245587          105  -6.29899403831   0.922330489959          105 
/work/00115/gebhardt/maverick/vdrp/shifts/20170131v037/xy_exp03.dat  189.219993  62.242314          105  -17.6167806365   -7.09689147462          105  189.219925  62.242261          105  -17.7062185173   -7.30037255257          105 
/work/00115/gebhardt/maverick/vdrp/shifts/20170131v037/xy_exp03.dat  189.220291  62.245471          105  -8.64357449516  -0.104057427051          105  189.220345  62.245587          105  -8.35568451217   0.211704906909          105 
/work/00115/gebhardt/maverick/vdrp/shifts/20170202v002/xy_exp01.dat  150.054143  2.438817          105  -11.7901766802   8.38523994248          105  150.054088  2.438566          105  -11.1316510647   9.03483663828          105 
/work/00115/gebhardt/maverick/vdrp/shifts/20170202v002/xy_exp02.dat  150.053932  2.438684          105   -12.9143150256   9.84920020497          105  150.054088  2.438566          105   -12.2555973983   9.60146493651          105 
/work/00115/gebhardt/maverick/vdrp/shifts/20170202v002/xy_exp03.dat  150.054068  2.438748          105  -13.6143906354   8.23351622256          105  150.054088  2.438566          105   -13.0219343106   8.52240990408          105 
/work/00115/gebhardt/maverick/vdrp/shifts/20170202v003/xy_exp02.dat  150.055837  2.233472          105   7.78648709331    11.442627489          105  150.055937  2.233358          105   8.32497908668   11.3539747466          105 
/work/00115/gebhardt/maverick/vdrp/shifts/20170205v012/xy_exp01.dat  189.183277  62.213723          105  -3.49121165306   3.65062504166          105  189.183132   62.21392          105    -3.084073859    3.0210029539          105 
/work/00115/gebhardt/maverick/vdrp/shifts/20170205v012/xy_exp02.dat  189.183067  62.213672          105  -4.74375407005   3.92717363523          105  189.183132   62.21392          105  -3.97446240685   3.46114024545          105 
/work/00115/gebhardt/maverick/vdrp/shifts/20170205v012/xy_exp03.dat  189.185405  62.217972          105   9.30117389072  -4.12846445938          105  189.185558  62.218034          105   9.63531518974  -4.06458926496          105 
/work/00115/gebhardt/maverick/vdrp/shifts/20170205v012/xy_exp03.dat  189.183388  62.213348          105  -5.87724542549   3.49890026477          105  189.183132   62.21392          105  -4.52391896219   1.88848753747          105 
/work/00115/gebhardt/maverick/vdrp/shifts/20170222v007/xy_exp03.dat  150.055752  2.233711          105   8.75270885768    8.96453603725          105  150.055937  2.233358          105   10.1833231589   9.07021453848          105 
/work/00115/gebhardt/maverick/vdrp/shifts/20170222v008/xy_exp01.dat  150.052441  2.338131          105   -9.51384418107    10.9879021111          105  150.052582  2.337725          105   -8.00480045807    11.328934197          105 
/work/00115/gebhardt/maverick/vdrp/shifts/20170222v008/xy_exp02.dat  150.052525  2.338126          105  -10.2187116246     11.3375128207          105  150.052582  2.337725          105  -8.88449308889   11.9256374144          105 
/work/00115/gebhardt/maverick/vdrp/shifts/20170222v010/xy_exp01.dat  189.206577  62.186919          105   -1.6031306784  -4.71377949965          105  189.206789  62.187049          105  -1.01511643262  -4.72225676887          105 
/work/00115/gebhardt/maverick/vdrp/shifts/20170222v010/xy_exp01.dat  189.211932  62.182982          105  -7.20721628733   11.1101008863          105  189.211281  62.182991          105  -7.85650006735   10.2294554088          105 
/work/00115/gebhardt/maverick/vdrp/shifts/20170222v010/xy_exp03.dat  189.211089  62.183075          105  -9.14340944184   8.56466667421          105  189.211281  62.182991          105  -9.18238333254   9.00508198756          105 
/work/00115/gebhardt/maverick/vdrp/shifts/20170225v014/xy_exp01.dat  189.243902  62.263505          105    12.9252720173   24.7726179635          105   189.24317  62.263512          105     13.654678717   23.7863301509          105 
/work/00115/gebhardt/maverick/vdrp/shifts/20170225v014/xy_exp02.dat  189.243363  62.263543          105   12.7717452629   24.5409249327          105   189.24317  62.263512          105   12.8675656115   24.2125373883          105 
/work/00115/gebhardt/maverick/vdrp/shifts/20170225v014/xy_exp03.dat  189.243304  62.263358          105   11.4225194638    22.6153022994          105   189.24317  62.263512          105   12.0047050415    22.7525139496          105 
/work/00115/gebhardt/maverick/vdrp/shifts/20170225v015/xy_exp01.dat  189.219698  62.242161          105  -16.3986118488   -3.72791981153          105  189.219925  62.242261          105  -16.3255031364   -3.20915892196          105 
/work/00115/gebhardt/maverick/vdrp/shifts/20170225v015/xy_exp01.dat  189.220266  62.245648          105  -6.71563188599     4.3176102966          105  189.220345  62.245587          105   -6.9713597911    4.29842480796          105 
/work/00115/gebhardt/maverick/vdrp/shifts/20170225v015/xy_exp02.dat   189.22097   62.24845          105  -0.0111790946527    11.7386274312          105  189.220199  62.248316          105  0.343906003405   10.4055797716          105 
/work/00115/gebhardt/maverick/vdrp/shifts/20170225v015/xy_exp02.dat  189.220195  62.242167          105    -17.6998081761   -2.41813186355          105  189.219925  62.242261          105  -17.1617780047  -2.59125604525          105 
/work/00115/gebhardt/maverick/vdrp/shifts/20170225v015/xy_exp02.dat  189.220122  62.245527          105    -7.76718870523     4.4863685282          105  189.220345  62.245587          105  -7.80756620563   4.91624251399          105 
/work/00115/gebhardt/maverick/vdrp/shifts/20170225v015/xy_exp03.dat   189.22003  62.242223          105  -18.2070813033  -4.15339274949          105  189.219925  62.242261          105  -17.9936073637  -4.21770566019          105 
/work/00115/gebhardt/maverick/vdrp/shifts/20170225v015/xy_exp03.dat  189.220317  62.245626          105  -8.49780572058   3.33289472698          105  189.220345  62.245587          105   -8.6394536308   3.28986476688          105 
/work/00115/gebhardt/maverick/vdrp/shifts/20170301v012/xy_exp03.dat  189.223285  62.256912          105   12.7058923167   -18.329917925          105  189.223208  62.256944          105   12.8744971342    -18.368577741          105 
/work/00115/gebhardt/maverick/vdrp/shifts/20170301v013/xy_exp01.dat  189.220314  62.245483          105  -7.55757314603       4.41952650141          105  189.220345  62.245587          105  -7.28206757772    4.67831966455          105 
/work/00115/gebhardt/maverick/vdrp/shifts/20170301v013/xy_exp02.dat  189.220378  62.245456          105  -8.97307716715     4.94203494324          105  189.220345  62.245587          105  -8.55623669319     5.16943877407          105 
/work/00115/gebhardt/maverick/vdrp/shifts/20170301v013/xy_exp03.dat  189.220543  62.245533          105  -8.56168104105    3.84410399978          105  189.220345  62.245587          105  -8.21119377819   3.68556564252          105 
/work/00115/gebhardt/maverick/vdrp/shifts/20170301v014/xy_exp02.dat  189.220249  62.245426          105  -5.33818313851   6.76952116117          105  189.220345  62.245587          105   -4.9580375186   7.23570775616          105 
/work/00115/gebhardt/maverick/vdrp/shifts/20170301v014/xy_exp03.dat  189.220441  62.245473          105  -5.10975360811   5.61789084524          105  189.220345  62.245587          105  -4.68178493014   5.72359661192          105 
/work/00115/gebhardt/maverick/vdrp/shifts/20170303v012/xy_exp01.dat  189.258018  62.189592          105   10.8304649528   6.27213441767          105  189.258458  62.189697          105   11.5854697971   6.61708480381          105 
/work/00115/gebhardt/maverick/vdrp/shifts/20170303v012/xy_exp02.dat  189.257725  62.189577          105   9.85119409036   6.63001034209          105  189.258458  62.189697          105   10.9539207247   7.32735717059          105 
/work/00115/gebhardt/maverick/vdrp/shifts/20170303v012/xy_exp03.dat  189.257498  62.195399          105   24.8968901267  -8.48080506978          105  189.257582  62.195504          105   25.2808439358  -8.60474566345          105 
/work/00115/gebhardt/maverick/vdrp/shifts/20170303v012/xy_exp03.dat  189.258111  62.189644          105   9.28880700409   5.18250982525          105  189.258458  62.189697          105   9.80007932458   5.52114579256          105 
/work/00115/gebhardt/maverick/vdrp/shifts/20170303v014/xy_exp01.dat  214.784185  52.762223          105    1.51421423415  -13.2458302391          105  214.784271  52.762326          105    1.83083894051  -13.5147935082          105 
/work/00115/gebhardt/maverick/vdrp/shifts/20170303v014/xy_exp02.dat  214.784279  52.762407          105    1.3630286922  -13.0907668863          105  214.784271  52.762326          105   1.23374307863  -12.8288122328          105 
/work/00115/gebhardt/maverick/vdrp/shifts/20170303v014/xy_exp03.dat  214.784179  52.762604          105  0.530508984785  -15.6565630559          105  214.784271  52.762326          105  0.326588721243  -14.6564665096          105 
/work/00115/gebhardt/maverick/vdrp/shifts/20170306v018/xy_exp02.dat  189.269874  62.248436          105  -8.91608211779   17.6807561398          105  189.269958  62.248572          105  -8.59802379929   18.0787212238          105 
/work/00115/gebhardt/maverick/vdrp/shifts/20170306v018/xy_exp03.dat  189.269729  62.248428          105  -10.0614598618   15.7604839114          105  189.269958  62.248572          105  -9.86044152709   16.3734207793          105 
/work/00115/gebhardt/maverick/vdrp/shifts/20170306v020/xy_exp03.dat  189.235505  62.238745          105   9.16010217465   -3.23243816901          105  189.235447  62.238823          105   9.44539943121    -3.1492914758          105 
/work/00115/gebhardt/maverick/vdrp/shifts/20170321v007/xy_exp01.dat  165.811004  17.997355          105   11.4789267372    7.6876258812          105  165.811129  17.997247          105   12.0428823357   7.81525735227          105 
/work/00115/gebhardt/maverick/vdrp/shifts/20170321v007/xy_exp01.dat   165.80497  17.996026          105  -4.14624134128   22.0252689499          105  165.804962  17.995901          105  -3.94849292494   22.4304203811          105 
/work/00115/gebhardt/maverick/vdrp/shifts/20170322v010/xy_exp01.dat  150.094971  2.467093          105  -7.50453126914   -6.68413957548          105  150.094787  2.466851          105  -6.41119749391   -6.64442561928          105 
/work/00115/gebhardt/maverick/vdrp/shifts/20170322v010/xy_exp02.dat  150.094839  2.467047          105  -8.71908414096  -5.82030169005          105  150.094787  2.466851          105  -8.03443556254  -6.07350054782          105 
/work/00115/gebhardt/maverick/vdrp/shifts/20170322v010/xy_exp03.dat  150.095001  2.466882          105  -8.49848834784   -8.22759935709          105  150.094787  2.466851          105  -7.96420392824   -7.6624309776          105 
/work/00115/gebhardt/maverick/vdrp/shifts/20170322v011/xy_exp01.dat  215.002351   52.91207          105     20.193591545  -2.27441948753          105  215.002436  52.912074          105   20.3688473789  -2.21488523654          105 
/work/00115/gebhardt/maverick/vdrp/shifts/20170322v011/xy_exp02.dat  215.002035  52.912091          105   17.9833549504  -2.16907277724          105  215.002436  52.912074          105    18.7592231977   -1.76953267247          105 
/work/00115/gebhardt/maverick/vdrp/shifts/20170322v011/xy_exp02.dat  214.998074  52.906882          105   2.68522209078   11.6720375516          105  214.997826  52.906774          105    2.03706629526    11.8169523809          105 
/work/00115/gebhardt/maverick/vdrp/shifts/20170322v011/xy_exp03.dat  214.997905  52.906625          105    2.27847500498    10.7021950019          105  214.997826  52.906774          105    2.33241278843    10.1416238789          105 
/work/00115/gebhardt/maverick/vdrp/shifts/20170322v014/xy_exp01.dat  189.270017  62.248228          105  -8.75833213547   17.7260054708          105  189.269958  62.248572          105  -7.69049753197   18.3609501617          105 
/work/00115/gebhardt/maverick/vdrp/shifts/20170322v014/xy_exp02.dat  189.270059  62.248532          105  -9.07021574597     19.5619204181          105  189.269958  62.248572          105   -8.85485558121    19.5069597829          105 
/work/00115/gebhardt/maverick/vdrp/shifts/20170322v014/xy_exp03.dat  189.269626  62.248511          105  -9.00977774567   17.6014486103          105  189.269958  62.248572          105  -9.15216917089   18.1825488929          105 
/work/00115/gebhardt/maverick/vdrp/shifts/20170322v015/xy_exp01.dat  189.235405   62.23856          105    9.2182794129   -3.60913992698          105  189.235447  62.238823          105   9.95125603824  -3.00569884715          105 
/work/00115/gebhardt/maverick/vdrp/shifts/20170322v015/xy_exp02.dat  189.235612  62.238403          105   7.75523526795  -2.26638065758          105  189.235447  62.238823          105   9.15015078771   -1.62068819661          105 
/work/00115/gebhardt/maverick/vdrp/shifts/20170322v015/xy_exp03.dat  189.235572  62.238592          105    7.95204848569  -3.42567252507          105  189.235447  62.238823          105    8.75236156391  -3.11745905616          105 
/work/00115/gebhardt/maverick/vdrp/shifts/20170326v013/xy_exp01.dat  214.704416  52.810689          105   18.4619133413   11.0348221724          105  214.704217  52.810581          105   18.6855103809   10.4975261264          105 
/work/00115/gebhardt/maverick/vdrp/shifts/20170326v013/xy_exp02.dat  214.704104  52.810599          105   17.9477955779   11.7185792741          105  214.704217  52.810581          105   17.6979487565    11.7658904713          105 
/work/00115/gebhardt/maverick/vdrp/shifts/20170326v013/xy_exp03.dat   214.70411  52.810566          105   17.2601135789   10.1998949659          105  214.704217  52.810581          105    17.073171249   10.3488281671          105 
/work/00115/gebhardt/maverick/vdrp/shifts/20170327v011/xy_exp02.dat  214.728695  52.827606          105   -7.42425754973   19.6586784186          105  214.729144  52.827551          105   -8.3909164322   19.9008227788          105 
/work/00115/gebhardt/maverick/vdrp/shifts/20170328v010/xy_exp01.dat  214.811498  52.772971          105    23.5447919597   2.45321793271          105  214.811118  52.772993          105   22.8129397817   2.05875686019          105 
/work/00115/gebhardt/maverick/vdrp/shifts/20170328v010/xy_exp02.dat  214.810903  52.772835          105    21.0717017611   3.07498250544          105  214.811118  52.772993          105    21.7241339883   2.73274271226          105 
/work/00115/gebhardt/maverick/vdrp/shifts/20170328v010/xy_exp03.dat  214.811004   52.77302          105    21.8752248628   1.40170071903          105  214.811118  52.772993          105    22.0662512733   1.58771394657          105 
/work/00115/gebhardt/maverick/vdrp/shifts/20170328v011/xy_exp01.dat  214.790464  52.793339          105   -9.00030492546   -13.3286900221          105  214.790274  52.793265          105  -9.48497404974   -13.2441985275          105 
/work/00115/gebhardt/maverick/vdrp/shifts/20170328v011/xy_exp02.dat  214.790265  52.793494          105   -10.4695473047   -13.5388814859          105  214.790274  52.793265          105   -10.7722486664     -12.7718109893          105 
/work/00115/gebhardt/maverick/vdrp/shifts/20170328v018/xy_exp02.dat  214.718621  52.811469          105   23.6286417536  -11.2564707322          105  214.718695  52.811286          105   23.1989901665  -11.7812074234          105 
/work/00115/gebhardt/maverick/vdrp/shifts/20170328v019/xy_exp01.dat  214.844536  52.914894          105    6.37563172894    22.5081329361          105  214.844295  52.915021          105    7.04545271132   22.6927228066          105 
/work/00115/gebhardt/maverick/vdrp/shifts/20170328v019/xy_exp02.dat  214.844649  52.915011          105     4.9884426754    23.6446715425          105  214.844295  52.915021          105   5.69626767548    23.3433125466          105 
/work/00115/gebhardt/maverick/vdrp/shifts/20170328v019/xy_exp03.dat  214.844268  52.915101          105   6.21620843032   22.1333827342          105  214.844295  52.915021          105   6.03832245961   21.8994242197          105 
/work/00115/gebhardt/maverick/vdrp/shifts/20170331v006/xy_exp01.dat  150.087745  2.362295          105   18.8289873159  0.507030328929          105  150.087905  2.362162          105     18.8952589479  -0.238674202005          105 
/work/00115/gebhardt/maverick/vdrp/shifts/20170331v006/xy_exp01.dat  150.087685  2.367113          105   4.68844655662   10.5537147533          105  150.087639  2.367124          105     4.75002772773    10.7123109722          105 
/work/00115/gebhardt/maverick/vdrp/shifts/20170331v006/xy_exp01.dat   150.09327  2.367162          105  -6.88718339233  -5.86580409268          105  150.093228  2.366992          105    -6.29795231392   -6.08980290642          105 
/work/00115/gebhardt/maverick/vdrp/shifts/20170331v006/xy_exp01.dat  150.085621  2.364268          105   17.3351528688   10.8311433744          105  150.085597  2.364142          105     17.7572867291    10.6440350452          105 
/work/00115/gebhardt/maverick/vdrp/shifts/20170331v006/xy_exp01.dat  150.093501  2.360667          105   11.8679573844  -19.8535361938          105  150.093519  2.360588          105      12.064990344   -20.0686033873          105 
/work/00115/gebhardt/maverick/vdrp/shifts/20170331v006/xy_exp01.dat  150.087369  2.371754          105  -8.40416227369   20.9950550479          105  150.087343  2.371892          105    -8.75948881343    21.3546401615          105 
/work/00115/gebhardt/maverick/vdrp/shifts/20170331v006/xy_exp02.dat   150.08777  2.367199          105   2.81190251419   11.0430809824          105  150.087639  2.367124          105   3.30204572273   11.2769365875          105 
/work/00115/gebhardt/maverick/vdrp/shifts/20170331v006/xy_exp02.dat  150.087455  2.371796          105  -10.1524929473   21.3913355855          105  150.087343  2.371892          105  -10.2074702181   21.9192670818          105 
/work/00115/gebhardt/maverick/vdrp/shifts/20170331v006/xy_exp02.dat  150.093593  2.360688          105   10.1695107925  -19.5180226975          105  150.093519  2.360588          105   10.6170062801  -19.5039788006          105 
/work/00115/gebhardt/maverick/vdrp/shifts/20170331v006/xy_exp02.dat  150.093293   2.36705          105  -8.05067288387  -5.59863192373          105  150.093228  2.366992          105  -7.74593558118  -5.52517658404          105 
/work/00115/gebhardt/maverick/vdrp/shifts/20170331v006/xy_exp02.dat  150.085677  2.364329          105   15.5919723227   11.3550769639          105  150.085597  2.364142          105   16.3093048341   11.2086595507          105 
/work/00115/gebhardt/maverick/vdrp/shifts/20170331v006/xy_exp03.dat  150.093251  2.367105          105  -7.85345088895  -6.86368993072          105  150.093228  2.366992          105  -7.47185032729   -7.0271292671          105 
/work/00115/gebhardt/maverick/vdrp/shifts/20170331v006/xy_exp03.dat  150.087756  2.367163          105   3.22121956729    9.5087937136          105  150.087639  2.367124          105   3.57613432919   9.77498108924          105 
/work/00115/gebhardt/maverick/vdrp/shifts/20170331v006/xy_exp03.dat  150.085716  2.364248          105   16.0260361884   9.57183974911          105  150.085597  2.364142          105   16.5833932079   9.70670137964          105 
/work/00115/gebhardt/maverick/vdrp/shifts/20170331v006/xy_exp03.dat  150.087409  2.371865          105  -9.98852597847   20.1667857811          105  150.087343  2.371892          105  -9.93337913957   20.4173140077          105 
/work/00115/gebhardt/maverick/vdrp/shifts/20170331v006/xy_exp03.dat   150.09351  2.360749          105   10.4328811077  -20.6495186783          105  150.093519  2.360588          105   10.8910882987  -21.0059348273          105 
/work/00115/gebhardt/maverick/vdrp/shifts/20170331v008/xy_exp01.dat  215.029432   52.93634          105    21.5863532302  -11.5405582869          105  215.029643  52.936359          105   22.0340388567  -11.4228753035          105 
/work/00115/gebhardt/maverick/vdrp/shifts/20170331v008/xy_exp02.dat  215.029421  52.936245          105   20.0541580266  -10.7290161058          105  215.029643  52.936359          105   20.6586471146  -10.9162022476          105 
/work/00115/gebhardt/maverick/vdrp/shifts/20170331v008/xy_exp03.dat  215.029449  52.936291          105   20.5734804241   -12.3317112592          105  215.029643  52.936359          105    21.056834451   -12.3906753241          105 
/work/00115/gebhardt/maverick/vdrp/shifts/20170331v013/xy_exp01.dat  214.860599  52.918599          105   11.9543853231     15.31496144          105  214.860501  52.918729          105    12.350553499   15.6425685536          105 
/work/00115/gebhardt/maverick/vdrp/shifts/20170331v013/xy_exp01.dat  214.861015  52.921256          105   15.3309680339   24.3098452855          105   214.86059  52.921411          105   16.4046241408   24.4075885623          105 
/work/00115/gebhardt/maverick/vdrp/shifts/20170331v013/xy_exp02.dat  214.860965  52.921206          105    14.190308768   24.5450676445          105   214.86059  52.921411          105   15.2452180151    24.8521502109          105 
/work/00115/gebhardt/maverick/vdrp/shifts/20170331v013/xy_exp02.dat  214.860835  52.918456          105   10.1089399991   15.5210465585          105  214.860501  52.918729          105   11.1910778868    16.0871622881          105 
/work/00115/gebhardt/maverick/vdrp/shifts/20170331v013/xy_exp03.dat  214.860776    52.9186          105   10.5878951389    14.4228376473          105  214.860501  52.918729          105    11.327897478   14.5789746054          105 
/work/00115/gebhardt/maverick/vdrp/shifts/20170331v013/xy_exp03.dat  214.860921  52.921219          105   14.4334379727    23.0371514149          105   214.86059  52.921411          105   15.3819936785   23.3439825332          105 
/work/00115/gebhardt/maverick/vdrp/shifts/20170418v003/xy_exp02.dat  189.593197  62.160252          105   6.15250526926  -18.6528532588          105  189.592942  62.159536          105   3.86324638895  -17.3930322151          105 
/work/00115/gebhardt/maverick/vdrp/shifts/20170418v003/xy_exp03.dat  189.592546  62.159446          105   1.49914089274  -18.4137143533          105  189.592942  62.159536          105   2.16585447639  -18.0916517111          105 
/work/00115/gebhardt/maverick/vdrp/shifts/20170418v006/xy_exp01.dat  214.302494  52.180592          105   0.502861152486     -3.6013345314          105  214.303219  52.180229          105    1.51070798377   -1.79765475059          105 
/work/00115/gebhardt/maverick/vdrp/shifts/20170419v006/xy_exp01.dat  214.582161  52.573471          105   4.65474427878    8.0269504433          105  214.582164   52.57345          105   4.63189460626      8.0993133478          105 
/work/00115/gebhardt/maverick/vdrp/shifts/20170419v006/xy_exp02.dat  214.582298  52.573537          105   5.25003694481      6.57460011897          105  214.582164   52.57345          105    4.8593628608    6.75185963164          105 
/work/00115/gebhardt/maverick/vdrp/shifts/20170419v006/xy_exp03.dat  214.581986   52.57347          105   2.88932494035    6.71562574822          105  214.582164   52.57345          105   3.22161895545   6.93110394556          105 
/work/00115/gebhardt/maverick/vdrp/shifts/20170419v006/xy_exp03.dat  214.577131  52.570979          105  -10.3555133597    10.9381338733          105  214.577316   52.57101          105  -9.93882854966   10.9898654402          105 
/work/00115/gebhardt/maverick/vdrp/shifts/20170420v017/xy_exp01.dat  215.220613  52.408265          105   -15.2013359182   11.1617663501          105   215.22091  52.408314          105   -15.7203599889   11.5943835784          105 
/work/00115/gebhardt/maverick/vdrp/shifts/20170420v017/xy_exp02.dat  215.209702  52.415719          105    18.0269206502   24.0410431723          105  215.209674  52.415817          105    18.2300413685   24.3359851745          105 
/work/00115/gebhardt/maverick/vdrp/shifts/20170420v017/xy_exp02.dat  215.220872  52.408415          105   -15.2387211566   10.3865749677          105   215.22091  52.408314          105   -15.4663614115   10.0910243466          105 
/work/00115/gebhardt/maverick/vdrp/shifts/20170420v017/xy_exp03.dat   215.22106  52.408231          105    -17.332161602   10.8176033245          105   215.22091  52.408314          105   -16.9080740471   10.9515717038          105 
/work/00115/gebhardt/maverick/vdrp/shifts/20170421v016/xy_exp01.dat   214.10687  53.235075          105    7.17762613445  -15.5681110491          105  214.106788  53.235205          105     7.54425721486  -15.2277797436          105 
/work/00115/gebhardt/maverick/vdrp/shifts/20170421v016/xy_exp01.dat  214.110033  53.241788          105    11.8398039008   9.10467107587          105  214.109939  53.241836          105     12.0980858112   9.16918218847          105 
/work/00115/gebhardt/maverick/vdrp/shifts/20170421v016/xy_exp03.dat  214.109781   53.24181          105   11.3773288147   8.01589305101          105  214.109939  53.241836          105   11.1142574366   8.25131208446          105 
/work/00115/gebhardt/maverick/vdrp/shifts/20170421v017/xy_exp01.dat  214.110009  53.241823          105    12.0478351153   9.02411309699          105  214.109939  53.241836          105   12.2037130021   8.99891222187          105 
/work/00115/gebhardt/maverick/vdrp/shifts/20170423v008/xy_exp01.dat  214.053803   52.32895          105  -4.72748111165    1.94314212675          105  214.053689  52.328872          105  -5.06491945996   2.11014200613          105 
/work/00115/gebhardt/maverick/vdrp/shifts/20170423v008/xy_exp01.dat  214.067719  52.325622          105   19.2144728531    24.4762350117          105  214.067836  52.325957          105   19.9029164531   23.4531205408          105 
/work/00115/gebhardt/maverick/vdrp/shifts/20170423v008/xy_exp02.dat  214.067529  52.325732          105     18.2439851654   24.8234869804          105  214.067836  52.325957          105    19.1727182959   24.3236714511          105 
/work/00115/gebhardt/maverick/vdrp/shifts/20170423v008/xy_exp03.dat  214.067707  52.325668          105   17.9868522806   24.0373625227          105  214.067836  52.325957          105   18.6380698492    23.1777600478          105 
/work/00115/gebhardt/maverick/vdrp/shifts/20170427v003/xy_exp01.dat  214.061681  52.831487          105    7.60871428983   2.28238574659          105  214.062127  52.831462          105   8.46661749731    2.7440005168          105 
/work/00115/gebhardt/maverick/vdrp/shifts/20170427v003/xy_exp02.dat  214.062109  52.831485          105   7.20377109957    3.0569611967          105  214.062127  52.831462          105  7.20748323492   3.14847533378          105 
/work/00115/gebhardt/maverick/vdrp/shifts/20170427v003/xy_exp03.dat   214.06234  52.831409          105    7.5296633537   2.24103765368          105  214.062127  52.831462          105   7.17766499402   1.88449322516          105 
/work/00115/gebhardt/maverick/vdrp/shifts/20170427v004/xy_exp03.dat  214.464707  52.610534          105    8.0601894694   8.42148644581          105   214.46506  52.610503          105   8.73038568498   8.81994157799          105 
/work/00115/gebhardt/maverick/vdrp/shifts/20170427v013/xy_exp01.dat  214.390949  53.243351          105   6.26028125297    17.0725284536          105  214.390844   53.24339          105   6.52535003946   17.0973939659          105 
/work/00115/gebhardt/maverick/vdrp/shifts/20170427v013/xy_exp02.dat  214.390848  53.243323          105   5.08980764101   17.1807577962          105  214.390844   53.24339          105   5.20502639943    17.3928352438          105 
/work/00115/gebhardt/maverick/vdrp/shifts/20170427v013/xy_exp03.dat  214.390857  53.243298          105   5.21809356604   15.6892343658          105  214.390844   53.24339          105   5.39078103366   15.9732374401          105 
/work/00115/gebhardt/maverick/vdrp/shifts/20170427v014/xy_exp01.dat  214.381847   52.74784          105    17.317848306   24.3124426065          105  214.381433  52.747722          105   17.9509523306   23.5420110116          105 
/work/00115/gebhardt/maverick/vdrp/shifts/20170427v014/xy_exp01.dat  214.384518  52.735447          105  -7.06153140471   -13.503305641          105  214.384523  52.735452          105   -7.0636645459  -13.4823714484          105 
/work/00115/gebhardt/maverick/vdrp/shifts/20170427v014/xy_exp01.dat  214.372225  52.739652          105   23.6353805766  -11.3066593547          105  214.372127   52.73953          105   23.6402273043  -11.7950236985          105 
/work/00115/gebhardt/maverick/vdrp/shifts/20170427v014/xy_exp01.dat  214.373212  52.741465          105   24.4877940107  -4.48752558334          105  214.372493  52.741423          105   25.8389763874  -5.29550485258          105 
/work/00115/gebhardt/maverick/vdrp/shifts/20170427v014/xy_exp02.dat  214.371794   52.73961          105      23.19838146  -11.2668008252          105  214.372127   52.73953          105    22.4191761797  -11.2160881217          105 
/work/00115/gebhardt/maverick/vdrp/shifts/20170427v014/xy_exp02.dat   214.38624  52.739679          105   -5.14424988601   2.44965073401          105   214.38609  52.739638          105   -4.91212350985   2.17617031819          105 
/work/00115/gebhardt/maverick/vdrp/shifts/20170427v014/xy_exp02.dat  214.384567  52.735357          105   -8.51795891321  -13.1710672618          105  214.384523  52.735452          105   -8.28473043784  -12.9031714491          105 
/work/00115/gebhardt/maverick/vdrp/shifts/20170427v014/xy_exp02.dat  214.372688  52.741513          105    24.3727693494   -4.2417468255          105  214.372493  52.741423          105    24.6179811737  -4.71658813048          105 
/work/00115/gebhardt/maverick/vdrp/shifts/20170427v014/xy_exp03.dat  214.384379  52.735457          105   -8.04174380023  -14.5524538759          105  214.384523  52.735452          105   -8.33306050555  -14.4341934181          105 
/work/00115/gebhardt/maverick/vdrp/shifts/20170427v014/xy_exp03.dat  214.372889  52.741723          105    24.2524569054  -4.90185164152          105  214.372493  52.741423          105    24.5696188032  -6.24748258262          105 
/work/00115/gebhardt/maverick/vdrp/shifts/20170428v007/xy_exp01.dat  215.725653   52.65941          105   11.0242197939   21.7554294092          105  215.725794  52.659201          105   11.0189191453   22.5683738569          105 
/work/00115/gebhardt/maverick/vdrp/shifts/20170501v011/xy_exp01.dat  214.932104  53.239288          105   23.0811677416   -6.38968009483          105  214.932325  53.239284          105   22.6486105647    -6.1901351339          105 
/work/00115/gebhardt/maverick/vdrp/shifts/20170501v011/xy_exp02.dat  214.946067  53.234703          105   -12.5574420886      -7.304578039          105  214.946044  53.234653          105   -12.5934324108   -7.48777493594          105 
/work/00115/gebhardt/maverick/vdrp/shifts/20170501v011/xy_exp02.dat  214.932675  53.239035          105    20.2243875396     -6.2245757117          105  214.932325  53.239284          105    21.2991936329   -5.75877684564          105 
/work/00115/gebhardt/maverick/vdrp/shifts/20170501v012/xy_exp01.dat  215.771983  52.575571          105  -4.45088259411    12.5966428394          105  215.772717  52.575653          105  -5.78164213145   13.5426398358          105 
/work/00115/gebhardt/maverick/vdrp/shifts/20170501v012/xy_exp02.dat  215.772305  52.575526          105  -6.57153515855   13.2872456686          105  215.772717  52.575653          105  -7.19533760565    14.0824591399          105 
/work/00115/gebhardt/maverick/vdrp/shifts/20170502v009/xy_exp01.dat  214.667117  53.073706          105  0.0215802872431   7.59841712131          105   214.66718  53.073824          105  0.0868010803567   8.03974415058          105 
/work/00115/gebhardt/maverick/vdrp/shifts/20170502v009/xy_exp02.dat  214.667227  53.073826          105   -1.14629260546   8.65428465755          105   214.66718  53.073824          105   -1.05825437653   8.60295733621          105 
/work/00115/gebhardt/maverick/vdrp/shifts/20170502v009/xy_exp03.dat  214.667045  53.073787          105  -0.712233285223   6.67955144177          105   214.66718  53.073824          105  -0.915448466212   6.92794653395          105 
/work/00115/gebhardt/maverick/vdrp/shifts/20170502v010/xy_exp01.dat  214.941642  53.079192          105   10.1998776686     24.6702226943          105  214.941401  53.079148          105   10.5982030094    24.2986649207          105 
/work/00115/gebhardt/maverick/vdrp/shifts/20170502v010/xy_exp01.dat  214.941642  53.079192          105   10.1998776686     24.6702226943          105  214.941401  53.079148          105   10.5982030094    24.2986649207          105 
/work/00115/gebhardt/maverick/vdrp/shifts/20170502v010/xy_exp02.dat  214.928246  53.072561          105   24.9797528126   -8.95128470387          105  214.928104  53.073053          105   26.0346036367    -7.4956779113          105 
/work/00115/gebhardt/maverick/vdrp/shifts/20170502v010/xy_exp02.dat  214.943933  53.073483          105  -4.02943441843    8.95577493563          105  214.943813  53.073329          105  -4.04031830417     8.3437237899          105 
/work/00115/gebhardt/maverick/vdrp/shifts/20170502v010/xy_exp02.dat  214.941328   53.07919          105   10.0698026279    24.9263830816          105  214.941401  53.079148          105   9.86151059571    24.8600651063          105 
/work/00115/gebhardt/maverick/vdrp/shifts/20170502v010/xy_exp02.dat  214.941328   53.07919          105   10.0698026279    24.9263830816          105  214.941401  53.079148          105   9.86151059571    24.8600651063          105 
/work/00115/gebhardt/maverick/vdrp/shifts/20170502v010/xy_exp03.dat  214.941403  53.079155          105    9.64987873191   23.5486118062          105  214.941401  53.079148          105   9.64267492866   23.5240790041          105 
/work/00115/gebhardt/maverick/vdrp/shifts/20170502v010/xy_exp03.dat  214.941403  53.079155          105    9.64987873191   23.5486118062          105  214.941401  53.079148          105   9.64267492866   23.5240790041          105 
/work/00115/gebhardt/maverick/vdrp/shifts/20170502v012/xy_exp01.dat  215.491109  52.403762          105    -6.993287939   -8.6710815456          105  215.491162   52.40368          105  -7.22205353187  -8.89099131648          105 
/work/00115/gebhardt/maverick/vdrp/shifts/20170502v012/xy_exp01.dat  215.477186   52.40628          105   24.5831954217  -13.1608851733          105   215.47717  52.406471          105   24.9013700434  -12.5503140017          105 
/work/00115/gebhardt/maverick/vdrp/shifts/20170502v012/xy_exp02.dat  215.476828  52.406394          105    24.051126941    -12.465927282          105   215.47717  52.406471          105   23.4835846146  -11.9012210824          105 
/work/00115/gebhardt/maverick/vdrp/shifts/20170502v012/xy_exp02.dat  215.491183  52.403558          105  -8.86464183577    -8.6216791335          105  215.491162   52.40368          105  -8.63980338931  -8.24158291493          105 
/work/00115/gebhardt/maverick/vdrp/shifts/20170502v012/xy_exp03.dat  215.477007  52.406512          105   24.5205009201  -13.4014171147          105   215.47717  52.406471          105   24.1335679542  -13.3866061749          105 
/work/00115/gebhardt/maverick/vdrp/shifts/20170503v007/xy_exp03.dat  214.942042  53.405007          105    4.00486289393  0.281749580414          105  214.941972  53.405192          105    4.43991828574  0.807920101599          105 
/work/00115/gebhardt/maverick/vdrp/shifts/20170503v008/xy_exp01.dat  214.368271   52.40506          105   24.4603189161   -17.965645923          105  214.368464  52.404886          105   23.8134510363   -18.357586151          105 
/work/00115/gebhardt/maverick/vdrp/shifts/20170503v008/xy_exp01.dat  214.384532  52.403972          105  -9.62122182295  -6.59522756638          105  214.384329  52.404135          105  -8.97086441079  -6.24859035664          105 
/work/00115/gebhardt/maverick/vdrp/shifts/20170503v008/xy_exp02.dat  214.368651   52.40489          105   21.8997639529   -17.6991865722          105  214.368464  52.404886          105    22.2668661667  -17.8839085745          105 
/work/00115/gebhardt/maverick/vdrp/shifts/20170503v008/xy_exp02.dat  214.384165  52.404011          105   -10.376770521   -6.33069427484          105  214.384329  52.404135          105   -10.5173274806  -5.77458162892          105 
/work/00115/gebhardt/maverick/vdrp/shifts/20170503v008/xy_exp03.dat  214.368137  52.404963          105    23.4727793584  -19.5600575795          105  214.368464  52.404886          105    22.7044720154  -19.5117593008          105 
/work/00115/gebhardt/maverick/vdrp/shifts/20170503v008/xy_exp03.dat  214.384456  52.404224          105   -10.1992233526  -6.99497885082          105  214.384329  52.404135          105   -10.0798029703  -7.40265475124          105 
/work/00115/gebhardt/maverick/vdrp/shifts/20170503v009/xy_exp01.dat  214.654384  52.573486          105   13.7567501283  -4.36148672516          105  214.654622  52.573474          105   13.2666911247  -4.18023100718          105 
/work/00115/gebhardt/maverick/vdrp/shifts/20170503v009/xy_exp02.dat  214.654791  52.573285          105   11.2105607477  -4.08985851479          105  214.654622  52.573474          105   11.8335492124  -3.62991323292          105 
/work/00115/gebhardt/maverick/vdrp/shifts/20170503v009/xy_exp02.dat  214.659908  52.578945          105   9.69339706289   19.1094102371          105  214.659496   52.57895          105   10.5175692719   18.7441733761          105 
/work/00115/gebhardt/maverick/vdrp/shifts/20170503v009/xy_exp03.dat  214.654706  52.573634          105    11.963252471  -4.52493950227          105  214.654622  52.573474          105   11.8859615443    -5.12459027039          105 
/work/00115/gebhardt/maverick/vdrp/shifts/20170503v010/xy_exp01.dat  215.769595  52.901009          105   -5.51864387313  -16.5047271539          105  215.769492  52.900961          105   -5.39214151057   -16.757478913          105 
/work/00115/gebhardt/maverick/vdrp/shifts/20170503v010/xy_exp02.dat  215.769611  52.900996          105  -6.75314939151  -15.2826109312          105  215.769492  52.900961          105  -6.57503618691  -15.5082816453          105 
/work/00115/gebhardt/maverick/vdrp/shifts/20170503v010/xy_exp03.dat  215.769385  52.900859          105  -7.10099076961  -17.3408112554          105  215.769492  52.900961          105   -7.1509420105  -16.9091524552          105 
/work/00115/gebhardt/maverick/vdrp/shifts/20170518v006/xy_exp01.dat  214.614179  52.502813          105   16.8484645387   -25.4579635387          105  214.614202  52.502521          105   16.4971839236   -24.4659086353          105 
/work/00115/gebhardt/maverick/vdrp/shifts/20170518v006/xy_exp02.dat  214.614005  52.502838          105    15.4162657725  -24.8185367186          105  214.614202  52.502521          105    15.3838380683  -23.5988360002          105 
/work/00115/gebhardt/maverick/vdrp/shifts/20170518v006/xy_exp03.dat  214.614039   52.50258          105   15.2390336785     -25.054381316          105  214.614202  52.502521          105   15.4892457758   -24.7225666035          105 
/work/00115/gebhardt/maverick/vdrp/shifts/20170519v008/xy_exp01.dat  215.210702  53.405917          105   23.5434122177  -14.1295881137          105  215.210949  53.405837          105     22.940398263   -14.147340371          105 
/work/00115/gebhardt/maverick/vdrp/shifts/20170519v008/xy_exp01.dat  215.226636   53.40952          105   -1.1133966227   12.8809728555          105  215.226185  53.409534          105  -0.227097783581   12.4889468589          105 
/work/00115/gebhardt/maverick/vdrp/shifts/20170519v008/xy_exp02.dat  215.210915  53.405939          105   21.8174236243  -13.2485451993          105  215.210949  53.405837          105   21.5865775844  -13.5432844606          105 
/work/00115/gebhardt/maverick/vdrp/shifts/20170519v008/xy_exp02.dat  215.226309   53.40955          105   -1.7920783135   13.2647726724          105  215.226185  53.409534          105  -1.58066148922   13.0932271736          105 
/work/00115/gebhardt/maverick/vdrp/shifts/20170519v008/xy_exp03.dat  215.210833  53.405934          105   21.9355021868   -14.7404412532          105  215.210949  53.405837          105   21.5557437612  -14.9396917886          105 
/work/00115/gebhardt/maverick/vdrp/shifts/20170519v008/xy_exp03.dat  215.226424  53.409478          105  -2.16024696092    11.7484295119          105  215.226185  53.409534          105  -1.61159930604   11.6967282918          105 
/work/00115/gebhardt/maverick/vdrp/shifts/20170522v005/xy_exp02.dat  215.772395  52.575452          105   -6.99195612465    4.03599242856          105  215.772717  52.575653          105  -7.32187012034    4.9904721891          105 
/work/00115/gebhardt/maverick/vdrp/shifts/20170523v008/xy_exp01.dat  215.477658  52.406359          105   24.6107557668  -22.3400471412          105   215.47717  52.406471          105   25.7528663755  -22.4225175436          105 
/work/00115/gebhardt/maverick/vdrp/shifts/20170523v008/xy_exp01.dat  215.491168  52.415809          105   11.9128835566   20.9763226178          105  215.491157  52.415862          105   12.0147203691   21.1394716125          105 
/work/00115/gebhardt/maverick/vdrp/shifts/20170523v008/xy_exp02.dat  215.477221  52.406364          105   24.6475591316  -22.1389887388          105   215.47717  52.406471          105   24.9105291975  -21.8360493699          105 
/work/00115/gebhardt/maverick/vdrp/shifts/20170523v008/xy_exp02.dat  215.491193  52.415908          105   11.1702301744   21.9095110856          105  215.491157  52.415862          105   11.1726597957   21.7260277467          105 
/work/00115/gebhardt/maverick/vdrp/shifts/20170523v008/xy_exp03.dat  215.477216   52.40649          105   24.3511966334    -22.969609457          105   215.47717  52.406471          105   24.4143113654   -23.0740187272          105 
/work/00115/gebhardt/maverick/vdrp/shifts/20170523v008/xy_exp03.dat  215.491198  52.403563          105  -7.94774814984   -19.6811448471          105  215.491162   52.40368          105  -7.69955394484   -19.3317709391          105 
/work/00115/gebhardt/maverick/vdrp/shifts/20170523v008/xy_exp03.dat   215.49118  52.415678          105   10.3531589592    19.9076830184          105  215.491157  52.415862          105   10.6764241266    20.4880516465          105 
/work/00115/gebhardt/maverick/vdrp/shifts/20170525v013/xy_exp01.dat   214.66735  53.073819          105  -0.820513268439  -0.388453038102          105   214.66718  53.073824          105  -0.482532501658  -0.534339806724          105 
/work/00115/gebhardt/maverick/vdrp/shifts/20170525v013/xy_exp02.dat  214.667029  53.073815          105  -1.46418066324  0.112056504401          105   214.66718  53.073824          105   -1.74306023259  0.285076035273          105 
/work/00115/gebhardt/maverick/vdrp/shifts/20170525v013/xy_exp03.dat  214.654535  53.075145          105     24.810227634   -9.0155341784          105  214.654903  53.074853          105    23.6326071773  -9.60857365038          105 
/work/00115/gebhardt/maverick/vdrp/shifts/20170525v013/xy_exp03.dat  214.668594  53.078645          105    3.06846392019   15.6933725233          105  214.668584  53.078721          105    3.20846281286   15.9294351995          105 
/work/00115/gebhardt/maverick/vdrp/shifts/20170525v013/xy_exp03.dat  214.667253  53.073864          105   -1.91392049004  -1.03471525125          105   214.66718  53.073824          105   -1.83565871632  -1.23356097302          105 
/work/00115/gebhardt/maverick/vdrp/shifts/20170525v014/xy_exp01.dat  215.769442  52.900936          105  -5.04546104582   -25.1626358727          105  215.769492  52.900961          105   -5.10421196271  -25.0344288602          105 
/work/00115/gebhardt/maverick/vdrp/shifts/20170525v014/xy_exp02.dat  215.769319  52.900837          105  -6.35248537739   -24.8885656674          105  215.769492  52.900961          105  -6.49716305528   -24.323346847          105 
/work/00115/gebhardt/maverick/vdrp/shifts/20170530v006/xy_exp02.dat  214.654476  52.573353          105   11.6405907955   -12.7211867642          105  214.654622  52.573474          105   11.5357230186   -12.1912919057          105 
/work/00115/gebhardt/maverick/vdrp/shifts/20170530v006/xy_exp02.dat   214.65976  52.579038          105   9.83777094158    10.7148202678          105  214.659496   52.57895          105   10.2267222028    10.1832000107          105 
/work/00115/gebhardt/maverick/vdrp/shifts/20170530v006/xy_exp03.dat  214.654712  52.573588          105   11.5434529454   -13.212267379          105  214.654622  52.573474          105   11.5480055155  -13.6674402271          105 
/work/00115/gebhardt/maverick/vdrp/shifts/20170615v009/xy_exp01.dat  214.746255  52.787913          105   3.06553419114  -11.6545012902          105  214.746507  52.787929          105   2.59568205406  -11.3654172344          105 
/work/00115/gebhardt/maverick/vdrp/shifts/20170615v009/xy_exp02.dat   214.74651   52.78773          105  0.667092108495    -11.395129036          105  214.746507  52.787929          105   0.982640830716  -10.7519302672          105 
/work/00115/gebhardt/maverick/vdrp/shifts/20170615v009/xy_exp02.dat  214.737869  52.792276          105   24.7044708595   -4.76717754956          105  214.737984  52.793074          105     25.720145186  -2.06826468544          105 
/work/00115/gebhardt/maverick/vdrp/shifts/20170615v009/xy_exp03.dat  214.740932  52.789144          105   13.8169850737  -13.3701824695          105  214.740865  52.789248          105    14.1103301364  -13.0955885898          105 
/work/00115/gebhardt/maverick/vdrp/shifts/20170617v008/xy_exp02.dat    214.7408  52.789223          105    14.2875802144  -13.0634329891          105  214.740865  52.789248          105    14.1987320138   -12.9211949945          105 
/work/00115/gebhardt/maverick/vdrp/shifts/20170617v008/xy_exp02.dat  214.746925  52.787792          105  0.0348770480346  -11.9585191816          105  214.746507  52.787929          105     1.0686628277    -11.906196621          105 
/work/00115/gebhardt/maverick/vdrp/shifts/20170617v008/xy_exp02.dat  214.738175  52.792407          105    24.3874348661  -5.18701423863          105  214.737984  52.793074          105     25.798237357   -3.19997487343          105 
/work/00115/gebhardt/maverick/vdrp/shifts/20170617v008/xy_exp03.dat  214.746524  52.787971          105    1.03415509756   -13.158663405          105  214.746507  52.787929          105    1.00231509451   -13.3110370609          105 
/work/00115/gebhardt/maverick/vdrp/shifts/20170617v008/xy_exp03.dat  214.741009  52.789361          105    14.0250226071  -13.8237504753          105  214.740865  52.789248          105    14.1323876135   -14.3259898502          105 
/work/00115/gebhardt/maverick/vdrp/shifts/20170617v009/xy_exp01.dat  215.500395  52.911904          105     -1.4013111303   17.5202730323          105  215.500241  52.911955          105   -1.02040486428   17.5401300654          105 
/work/00115/gebhardt/maverick/vdrp/shifts/20170617v009/xy_exp01.dat  215.494117  52.903701          105    -1.97503293582  -14.9995744263          105  215.493885  52.903986          105   -1.07513155321  -14.2948548163          105 
/work/00115/gebhardt/maverick/vdrp/shifts/20170617v009/xy_exp02.dat  215.493854   52.90384          105   -2.59600538223  -14.3037723704          105  215.493885  52.903986          105     -2.4279797841  -13.8012229006          105 
/work/00115/gebhardt/maverick/vdrp/shifts/20170617v009/xy_exp03.dat  215.500059  52.911805          105  -2.39970341367   15.9675864381          105  215.500241  52.911955          105   -2.52052184344    16.6257066578          105 
/work/00115/gebhardt/maverick/vdrp/shifts/20170617v009/xy_exp03.dat  215.493844  52.903911          105  -2.61273073559  -15.4911210321          105  215.493885  52.903986          105   -2.57544330264   -15.2092773282          105 
/work/00115/gebhardt/maverick/vdrp/shifts/20170621v007/xy_exp01.dat  214.742915  52.782364          105     2.06313412065   15.9014010524          105  214.742978  52.782296          105    1.83386784373   15.7395908628          105 
/work/00115/gebhardt/maverick/vdrp/shifts/20170621v007/xy_exp02.dat  214.742961  52.782289          105   0.544366079191   16.8459414926          105  214.742978  52.782296          105   0.521819332555   16.8846316302          105 
/work/00115/gebhardt/maverick/vdrp/shifts/20170621v007/xy_exp03.dat  214.743092   52.78232          105   0.216256236832   15.4507639323          105  214.742978  52.782296          105   0.403036670019   15.2658424867          105 
/work/00115/gebhardt/maverick/vdrp/shifts/20170621v008/xy_exp01.dat   215.50295  53.073353          105  -11.0285334263    2.5095048848          105   215.50302  53.073346          105  -11.1755720463   2.55351241949          105 
/work/00115/gebhardt/maverick/vdrp/shifts/20170621v008/xy_exp01.dat  215.486851  53.075352          105   23.4050301735  -6.34955994712          105  215.487179  53.075441          105   22.9089338766   -5.7497503402          105 
/work/00115/gebhardt/maverick/vdrp/shifts/20170621v008/xy_exp02.dat  215.487272  53.075556          105   21.6953784337    -4.573966204          105  215.487179  53.075441          105   21.6938686935  -5.03423900956          105 
/work/00115/gebhardt/maverick/vdrp/shifts/20170621v008/xy_exp02.dat  215.502995  53.073201          105  -12.5717615985   2.77681197181          105   215.50302  53.073346          105  -12.3905623818   3.26933300714          105 
/work/00115/gebhardt/maverick/vdrp/shifts/20170621v008/xy_exp03.dat  215.503034  53.073298          105    -12.580413131   1.76671963874          105   215.50302  53.073346          105  -12.4771684617   1.90855574855          105 
/work/00115/gebhardt/maverick/vdrp/shifts/20170621v008/xy_exp03.dat  215.487191  53.075321          105    21.3939307589  -6.77143484791          105  215.487179  53.075441          105   21.6072898848  -6.39490208601          105 
/work/00115/gebhardt/maverick/vdrp/shifts/20170625v005/xy_exp01.dat  214.760457  52.789272          105    23.383679539   10.1375659509          105  214.760449  52.789265          105   23.3885345437   10.1073199349          105 
/work/00115/gebhardt/maverick/vdrp/shifts/20170625v005/xy_exp02.dat  214.760467  52.789233          105   21.8920183317   10.8540360528          105  214.760449  52.789265          105   21.9770313186   10.9410970444          105 
/work/00115/gebhardt/maverick/vdrp/shifts/20170625v005/xy_exp03.dat  214.760424  52.789198          105   21.8576317975   9.09509115471          105  214.760449  52.789265          105   21.9124767306   9.33619776919          105 
/work/00115/gebhardt/maverick/vdrp/shifts/20170626v003/xy_exp01.dat  214.762182  52.764011          105    -11.466568357  -17.4613029738          105  214.762261  52.764155          105   -11.3990000902   -16.9192784022          105 
/work/00115/gebhardt/maverick/vdrp/shifts/20170626v003/xy_exp02.dat  214.762397   52.76422          105  -12.8147886199   -15.706552965          105  214.762261  52.764155          105  -12.6479589593   -16.0452155857          105 
/work/00115/gebhardt/maverick/vdrp/shifts/20170626v003/xy_exp03.dat  214.762334   52.76417          105  -12.9247615766   -17.5283301368          105  214.762261  52.764155          105  -12.8044198635  -17.6454680687          105 
/work/00115/gebhardt/maverick/vdrp/shifts/20170627v005/xy_exp01.dat  215.163584  53.055629          105    13.1765450343  -19.9194839049          105  215.163445  53.055699          105    13.5575138002  -19.8255479027          105 
/work/00115/gebhardt/maverick/vdrp/shifts/20170627v005/xy_exp02.dat  215.163254   53.05565          105    12.6912180521  -19.8780857197          105  215.163445  53.055699          105   12.3977385227  -19.5378155767          105 
/work/00115/gebhardt/maverick/vdrp/shifts/20170629v004/xy_exp01.dat    215.1893  53.058224          105   11.2190033066    8.64183341013          105  215.189333  53.058251          105   11.1975467898   8.76051551085          105 
/work/00115/gebhardt/maverick/vdrp/shifts/20170629v004/xy_exp01.dat  215.194843  53.058266          105  0.511192312926    14.0451683313          105  215.194867  53.058214          105  0.382315199851   13.8998026269          105 
/work/00115/gebhardt/maverick/vdrp/shifts/20170629v004/xy_exp02.dat  215.184362  53.058725          105    20.4018005748     6.40113529955          105  215.184063  53.058708          105    20.9561300696    6.06207387611          105 
/work/00115/gebhardt/maverick/vdrp/shifts/20170629v004/xy_exp02.dat  215.194767  53.058355          105  -0.408065550808     15.0917294825          105  215.194867  53.058214          105  -0.825404327027    14.7307583113          105 
/work/00115/gebhardt/maverick/vdrp/shifts/20170629v004/xy_exp02.dat  215.189585   53.05824          105    9.48255528984     9.79525514746          105  215.189333  53.058251          105    9.98977942898    9.59137001897          105 
/work/00115/gebhardt/maverick/vdrp/shifts/20170629v004/xy_exp03.dat  215.194871  53.058086          105   -1.2289582689   13.1328026121          105  215.194867  53.058214          105  -1.01877318854   13.5429679624          105 
/work/00115/gebhardt/maverick/vdrp/shifts/20170629v004/xy_exp03.dat  215.189424  53.058121          105   9.41399681161   8.06962484653          105  215.189333  53.058251          105   9.79642188006   8.40360388273          105 
/work/00115/gebhardt/maverick/vdrp/shifts/20170629v005/xy_exp01.dat  215.497996  52.738153          105  -12.3883825702  -9.31609142476          105  215.497996  52.738241          105  -12.2518427269  -9.03022448997          105 
/work/00115/gebhardt/maverick/vdrp/shifts/20170629v005/xy_exp01.dat  215.482997  52.742621          105   24.0429080859  -8.88778528633          105  215.482558  52.742931          105   25.3871179513  -8.29283427862          105 
/work/00115/gebhardt/maverick/vdrp/shifts/20170629v005/xy_exp02.dat  215.498141  52.738077          105   -13.819789825  -8.69622372956          105  215.497996  52.738241          105  -13.2801366606  -8.29969332009          105 
/work/00115/gebhardt/maverick/vdrp/shifts/20170629v005/xy_exp02.dat  215.482688  52.742702          105   23.7479846024  -8.18451809504          105  215.482558  52.742931          105   24.3588302122   -7.5626011051          105 
/work/00115/gebhardt/maverick/vdrp/shifts/20170629v005/xy_exp03.dat  215.497925  52.738146          105  -13.4596775053  -9.94940818448          105  215.497996  52.738241          105  -13.4519188545  -9.57410267092          105 
/work/00115/gebhardt/maverick/vdrp/shifts/20170629v005/xy_exp03.dat  215.482692  52.742834          105   23.7730554777  -9.02623656991          105  215.482558  52.742931          105   24.1870456942  -8.83691656132          105 
/work/00115/gebhardt/maverick/vdrp/shifts/20170630v008/xy_exp01.dat    215.1823  53.038083          105   4.00118707028  -3.29108219021          105  215.182112  53.037815          105   3.94397413691  -4.33663684554          105 
/work/00115/gebhardt/maverick/vdrp/shifts/20170630v008/xy_exp01.dat    215.1823  53.038083          105   4.00118707028  -3.29108219021          105  215.182112  53.037815          105   3.94397413691  -4.33663684554          105 
/work/00115/gebhardt/maverick/vdrp/shifts/20170630v008/xy_exp01.dat   215.18341  53.044362          105   11.7518672452   18.0785879036          105  215.183727   53.04453          105   11.4003907539   18.9229616324          105 
/work/00115/gebhardt/maverick/vdrp/shifts/20170630v008/xy_exp02.dat  215.173771  53.041488          105   24.9522976249  0.169108067526          105  215.173428  53.041467          105   25.5864597288  -0.224243714363          105 
/work/00115/gebhardt/maverick/vdrp/shifts/20170630v008/xy_exp02.dat    215.1839  53.044657          105   10.2490952953   20.0333299248          105  215.183727   53.04453          105   10.3851642327     19.458253058          105 
/work/00115/gebhardt/maverick/vdrp/shifts/20170630v008/xy_exp03.dat  215.183478  53.044563          105   10.7702849173   17.6802052938          105  215.183727   53.04453          105   10.2338432845   17.8097034924          105 
/work/00115/gebhardt/maverick/vdrp/shifts/20170630v009/xy_exp01.dat  214.926154  52.574746          105    24.4877890279    -9.13488167642          105  214.925899  52.574462          105     24.558803541   -10.2974293409          105 
/work/00115/gebhardt/maverick/vdrp/shifts/20170630v009/xy_exp01.dat  214.939114  52.570538          105   -7.61705361148    -10.8081770934          105  214.939021  52.570808          105   -7.01997853529   -10.0146415806          105 
/work/00115/gebhardt/maverick/vdrp/shifts/20170630v009/xy_exp02.dat  214.945386  52.579436          105   -7.60662169669    24.968768211          105  214.945426  52.579374          105   -7.78065980223   24.8038857889          105 
/work/00115/gebhardt/maverick/vdrp/shifts/20170630v009/xy_exp02.dat   214.92586  52.574711          105    23.8419197337  -8.57354021708          105  214.925899  52.574462          105    23.3840623284  -9.34890219938          105 
/work/00115/gebhardt/maverick/vdrp/shifts/20170630v009/xy_exp02.dat  214.939314  52.570766          105   -8.83932304178   -8.9303953004          105  214.939021  52.570808          105   -8.19471750814  -9.06582121428          105 
/work/00115/gebhardt/maverick/vdrp/shifts/20170630v009/xy_exp02.dat  214.936143   52.58046          105     12.264046823   19.7171795174          105  214.936077  52.580731          105    12.8091129869   20.5390986314          105 
/work/00115/gebhardt/maverick/vdrp/shifts/20170630v009/xy_exp03.dat   214.93897  52.570774          105   -7.95999919204   -11.1005992986          105  214.939021  52.570808          105   -8.00903205521  -10.9423912349          105 
/work/00115/gebhardt/maverick/vdrp/shifts/20170630v009/xy_exp03.dat  214.926045  52.574625          105    23.5296962209   -10.5583730617          105  214.925899  52.574462          105    23.5697488792  -11.2252798384          105 
/work/00115/gebhardt/maverick/vdrp/shifts/20180222v020/xy_exp01.dat  189.456903  62.295513          105    23.0640800842    19.4194287448          105  189.456597  62.295488          105    23.2850245194    18.9487055735          105 
/work/00115/gebhardt/maverick/vdrp/shifts/20180222v020/xy_exp01.dat  189.461106  62.285289          105   -11.0922799426    4.00635803147          105  189.461551  62.285275          105   -11.5619891007    4.58687914299          105 
/work/00115/gebhardt/maverick/vdrp/shifts/20180222v020/xy_exp02.dat  189.456663  62.295839          105   22.9862205538    20.5692038522          105  189.456597  62.295488          105    22.0160683448   19.7520728977          105 
/work/00115/gebhardt/maverick/vdrp/shifts/20180222v020/xy_exp02.dat  189.461086  62.285216          105  -12.5571641295    4.63163629051          105  189.461551  62.285275          105   -12.8311297392   5.39069332842          105 
/work/00115/gebhardt/maverick/vdrp/shifts/20180222v020/xy_exp02.dat  189.442482  62.291729          105   24.5372094713   -7.35772865545          105  189.442329   62.29193          105    25.2764029489  -7.15088970755          105 
/work/00115/gebhardt/maverick/vdrp/shifts/20180222v020/xy_exp03.dat  189.442299   62.29188          105    25.2452259138   -8.60829010849          105  189.442329   62.29193          105    25.3635587618   -8.46365512992          105 
/work/00115/gebhardt/maverick/vdrp/shifts/20180222v020/xy_exp03.dat  189.461175   62.28524          105   -12.4851432242     3.4900698081          105  189.461551  62.285275          105   -12.7441031348    4.07753323782          105 
