/work/00115/gebhardt/maverick/vdrp/shifts/20170301v012/xy_exp03.dat   189.26247  62.239999          106   24.9680076294   0.15453280065          106  189.262129  62.239863          106   24.8987578975  -0.595033504863          106 
/work/00115/gebhardt/maverick/vdrp/shifts/20170301v012/xy_exp03.dat  189.278688  62.241253          106   12.9441811167   24.9595552505          106  189.278858  62.241582          106   13.7464316897    25.8763183819          106 
/work/00115/gebhardt/maverick/vdrp/shifts/20170303v012/xy_exp01.dat  189.214665  62.165203          106  -3.30728183152   3.67195597567          106  189.215149  62.165172          106  -2.89041708485   4.37947071353          106 
/work/00115/gebhardt/maverick/vdrp/shifts/20170303v012/xy_exp02.dat  189.214465  62.165203          106  -4.14727589875   4.11863692716          106  189.215149  62.165172          106  -3.52197092712   5.08992054823          106 
/work/00115/gebhardt/maverick/vdrp/shifts/20170303v012/xy_exp03.dat   189.21456   62.16525          106  -5.06928957286    2.3305588406          106  189.215149  62.165172          106  -4.67576528835   3.28146616925          106 
/work/00115/gebhardt/maverick/vdrp/shifts/20170303v014/xy_exp01.dat  214.750918   52.75439          106    23.6900391711  -15.3424957162          106  214.750638  52.754259          106       22.9446205  -15.1451289173          106 
/work/00115/gebhardt/maverick/vdrp/shifts/20170303v014/xy_exp02.dat  214.740682  52.749989          106  -3.61592074165  -8.73071909402          106  214.740489  52.750074          106  -3.88439401609  -9.17617285477          106 
/work/00115/gebhardt/maverick/vdrp/shifts/20170303v014/xy_exp03.dat  214.740565  52.749987          106  -4.76079845515  -10.6519138312          106  214.740489  52.750074          106  -4.79158215994  -11.0048640974          106 
/work/00115/gebhardt/maverick/vdrp/shifts/20170306v018/xy_exp02.dat   189.30798   62.22657          106  -10.1716568279   24.4116983863          106  189.307408  62.226501          106  -9.82008318322    23.484969489          106 
/work/00115/gebhardt/maverick/vdrp/shifts/20170306v020/xy_exp03.dat   189.27345   62.21752          106   9.92836764705    4.57692082141          106  189.273754  62.217503          106   9.58352221219    4.95777463924          106 
/work/00115/gebhardt/maverick/vdrp/shifts/20170306v021/xy_exp01.dat  189.331561  62.201081          106   2.94366102476   25.2021461283          106  189.331563  62.201317          106   3.63348460243   25.6981093305          106 
/work/00115/gebhardt/maverick/vdrp/shifts/20170306v021/xy_exp01.dat    189.3162  62.199767          106   14.0673858759   1.45759562043          106  189.316304  62.199738          106   13.8809882899   1.53912206082          106 
/work/00115/gebhardt/maverick/vdrp/shifts/20170306v021/xy_exp01.dat  189.326282  62.197419          106   -2.6442288338   10.3314268369          106  189.326153  62.197415          106  -2.53018809345   10.1467059433          106 
/work/00115/gebhardt/maverick/vdrp/shifts/20170306v021/xy_exp02.dat  189.326199  62.197507          106  -2.90969332268   10.9393116755          106  189.326153  62.197415          106  -3.13450692815   10.6841271868          106 
/work/00115/gebhardt/maverick/vdrp/shifts/20170306v021/xy_exp02.dat  189.331072  62.201096          106   2.86004190736   25.1023891526          106  189.331563  62.201317          106   3.02927860177   26.2354860416          106 
/work/00115/gebhardt/maverick/vdrp/shifts/20170306v021/xy_exp02.dat   189.31649  62.199678          106   12.9194027395   2.20522811722          106  189.316304  62.199738          106   13.2766071983   2.07642404378          106 
/work/00115/gebhardt/maverick/vdrp/shifts/20170306v021/xy_exp03.dat  189.325984   62.19737          106  -3.97789071876   8.79762070853          106  189.326153  62.197415          106  -4.01075533922   9.12272502855          106 
/work/00115/gebhardt/maverick/vdrp/shifts/20170306v021/xy_exp03.dat  189.331504  62.201404          106   2.46544646248   24.7752970949          106  189.331563  62.201317          106   2.15292220808   24.6741261442          106 
/work/00115/gebhardt/maverick/vdrp/shifts/20170306v021/xy_exp03.dat  189.316373  62.199676          106   12.1514329607  0.479830970812          106  189.316304  62.199738          106   12.4004183431  0.515135965785          106 
/work/00115/gebhardt/maverick/vdrp/shifts/20170321v007/xy_exp01.dat  165.785385  18.007414          106   17.2196087577   19.4350555887          106  165.785347  18.007386          106   17.1559951812   19.5868449898          106 
/work/00115/gebhardt/maverick/vdrp/shifts/20170321v007/xy_exp01.dat  165.785385  18.007414          106   17.2196087577   19.4350555887          106  165.785347  18.007386          106   17.1559951812   19.5868449898          106 
/work/00115/gebhardt/maverick/vdrp/shifts/20170321v012/xy_exp01.dat  150.099355  2.289983          106   12.5681838848    25.1846833936          106  150.099398  2.290262          106   11.6517757433   25.6239428301          106 
/work/00115/gebhardt/maverick/vdrp/shifts/20170322v010/xy_exp01.dat  150.108868  2.485684          106   8.91156012716   -8.95643353609          106  150.108724  2.485709          106   9.13607373786   -8.48111379615          106 
/work/00115/gebhardt/maverick/vdrp/shifts/20170322v010/xy_exp02.dat  150.103085  2.487149          106   14.9475448294   11.6585024054          106  150.102811   2.48675          106   16.6893765419   11.6375711955          106 
/work/00115/gebhardt/maverick/vdrp/shifts/20170322v010/xy_exp02.dat  150.109034  2.486027          106   5.93492669647   -8.1629654261          106  150.108724  2.485709          106   7.51283434864  -7.91017937002          106 
/work/00115/gebhardt/maverick/vdrp/shifts/20170322v010/xy_exp03.dat  150.109086  2.485455          106   7.58138851441   -11.0900895737          106  150.108724  2.485709          106   7.58306691191  -9.49908837133          106 
/work/00115/gebhardt/maverick/vdrp/shifts/20170322v010/xy_exp03.dat   150.10306  2.486452          106   17.1214048298    8.69882636108          106  150.102811   2.48675          106   16.7596140115    10.048659207          106 
/work/00115/gebhardt/maverick/vdrp/shifts/20170322v011/xy_exp01.dat  214.959028  52.900864          106    17.7585824184  -2.24868614556          106  214.958927  52.900999          106   17.7490039233  -2.78179874735          106 
/work/00115/gebhardt/maverick/vdrp/shifts/20170322v011/xy_exp02.dat  214.958758  52.900928          106   15.7012894046   -2.2473986221          106  214.958927  52.900999          106    16.1393840187   -2.33730232273          106 
/work/00115/gebhardt/maverick/vdrp/shifts/20170322v011/xy_exp03.dat  214.958926  52.901081          106    16.5493488637   -4.28491181061          106  214.958927  52.900999          106    16.4347678245   -4.01284596538          106 
/work/00115/gebhardt/maverick/vdrp/shifts/20170322v014/xy_exp01.dat  189.307869  62.226478          106  -9.42480916709   24.3864833986          106  189.307408  62.226501          106  -8.91066933925   23.8028979751          106 
/work/00115/gebhardt/maverick/vdrp/shifts/20170322v015/xy_exp01.dat  189.274212  62.217065          106   8.37802998984    5.06908947509          106  189.273754  62.217503          106   10.1096390288   5.34926125134          106 
/work/00115/gebhardt/maverick/vdrp/shifts/20170322v016/xy_exp01.dat    189.3315  62.201321          106   4.72918407581   24.9004826293          106  189.331563  62.201317          106    4.6560562341   24.9782482189          106 
/work/00115/gebhardt/maverick/vdrp/shifts/20170322v016/xy_exp01.dat   189.31629  62.199654          106   14.6703246426  0.624222028724          106  189.316304  62.199738          106   14.9028622792  0.818965704976          106 
/work/00115/gebhardt/maverick/vdrp/shifts/20170322v016/xy_exp01.dat  189.325669   62.19726          106  -1.49054096681   8.44134840633          106  189.326153  62.197415          106  -1.50806534991   9.42702300767          106 
/work/00115/gebhardt/maverick/vdrp/shifts/20170322v016/xy_exp02.dat  189.326271   62.19732          106  -3.46075893182   10.0262514148          106  189.326153  62.197415          106  -3.06726482187   10.0634815552          106 
/work/00115/gebhardt/maverick/vdrp/shifts/20170322v016/xy_exp02.dat  189.331594  62.201073          106   2.35160287528   25.1470871665          106  189.331563  62.201317          106   3.09706083675   25.6146261012          106 
/work/00115/gebhardt/maverick/vdrp/shifts/20170322v016/xy_exp02.dat   189.31639  62.199675          106   13.0750575067   1.44106109211          106  189.316304  62.199738          106   13.3435501905   1.45520853893          106 
/work/00115/gebhardt/maverick/vdrp/shifts/20170322v016/xy_exp03.dat  189.331708  62.201324          106   3.41502781231     24.5298850978          106  189.331563  62.201317          106    3.5358316637   24.3170313163          106 
/work/00115/gebhardt/maverick/vdrp/shifts/20170322v016/xy_exp03.dat  189.316222   62.19971          106   13.7805002739  -0.0128841344214          106  189.316304  62.199738          106    13.782611559  0.157737865736          106 
/work/00115/gebhardt/maverick/vdrp/shifts/20170326v006/xy_exp03.dat  150.099265  2.290082          106   11.2531362185   24.4826799838          106  150.099398  2.290262          106      10.4481656823   24.4541534524          106 
/work/00115/gebhardt/maverick/vdrp/shifts/20170326v007/xy_exp02.dat  150.210777  2.391205          106   -12.5983530163   -2.1370587954          106  150.210691   2.39156          106  -13.4747129377  -1.15676301898          106 
/work/00115/gebhardt/maverick/vdrp/shifts/20170326v007/xy_exp03.dat  150.201306  2.391226          106   7.15884931324    24.482860205          106  150.201363  2.391276          106   6.89426703577   24.4162990392          106 
/work/00115/gebhardt/maverick/vdrp/shifts/20170326v010/xy_exp03.dat  189.365203  62.204837          106     14.6480369834  19.3947132558          106  189.364504  62.204823          106   15.2883602545    18.410094745          106 
/work/00115/gebhardt/maverick/vdrp/shifts/20170326v013/xy_exp01.dat  214.737621  52.792472          106   24.9139395312  -16.9694474249          106  214.737984  52.793074          106   25.1341969104  -14.6732026467          106 
/work/00115/gebhardt/maverick/vdrp/shifts/20170326v013/xy_exp02.dat   214.73766  52.792645          106   24.1177503818  -15.1015839466          106  214.737984  52.793074          106   24.1464024101   -13.4039816098          106 
/work/00115/gebhardt/maverick/vdrp/shifts/20170326v013/xy_exp03.dat  214.737678  52.792536          106    23.288605713  -16.8559316136          106  214.737984  52.793074          106   23.5216330247  -14.8210685255          106 
/work/00115/gebhardt/maverick/vdrp/shifts/20170327v011/xy_exp01.dat   214.75582  52.815308          106   21.6340373497    4.3192414691          106   214.75574  52.815076          106   21.4309437901    3.4906179621          106 
/work/00115/gebhardt/maverick/vdrp/shifts/20170327v011/xy_exp02.dat  214.755722  52.815169          106    20.1370747987   4.67956948602          106   214.75574  52.815076          106   19.9573676025   4.39438344689          106 
/work/00115/gebhardt/maverick/vdrp/shifts/20170327v011/xy_exp03.dat  214.755698   52.81498          106   20.3229524274   2.51990584449          106   214.75574  52.815076          106   20.3895269905   2.87113139057          106 
/work/00115/gebhardt/maverick/vdrp/shifts/20170327v011/xy_exp03.dat  214.767543  52.813735          106  -4.86279062277   9.59159795315          106  214.767454  52.813625          106  -4.85889768251   9.15079842262          106 
/work/00115/gebhardt/maverick/vdrp/shifts/20170327v012/xy_exp01.dat  215.057183  52.980137          106  -6.88535849271   6.89767547066          106  215.057235  52.980122          106  -7.01033656922   6.89837086365          106 
/work/00115/gebhardt/maverick/vdrp/shifts/20170327v012/xy_exp01.dat  215.051545  52.983779          106   9.83604551918   13.3497251471          106  215.051669   52.98379          106   9.61162047003   13.5027917078          106 
/work/00115/gebhardt/maverick/vdrp/shifts/20170327v012/xy_exp02.dat  215.057243   52.98015          106  -8.03146692719   7.06639167325          106  215.057235  52.980122          106  -8.05992913107   6.96815052578          106 
/work/00115/gebhardt/maverick/vdrp/shifts/20170327v012/xy_exp02.dat  215.051615   52.98378          106   8.65160625292   13.4889392473          106  215.051669   52.98379          106   8.56206940465   13.5724671121          106 
/work/00115/gebhardt/maverick/vdrp/shifts/20170327v012/xy_exp03.dat  215.057194  52.980239          106  -7.72727518766   6.35420225751          106  215.057235  52.980122          106  -7.99130571459   6.01420772856          106 
/work/00115/gebhardt/maverick/vdrp/shifts/20170327v012/xy_exp03.dat  215.051622  52.983839          106   8.79938533235   12.7327228053          106  215.051669   52.98379          106   8.63067244193   12.6185750844          106 
/work/00115/gebhardt/maverick/vdrp/shifts/20170328v010/xy_exp01.dat  214.762586  52.764081          106     12.861092155  -9.39994404125          106  214.762261  52.764155          106   12.3125570996  -9.92080424748          106 
/work/00115/gebhardt/maverick/vdrp/shifts/20170328v010/xy_exp02.dat  214.762381  52.763936          106    11.1578640084  -8.41935181969          106  214.762261  52.764155          106    11.2238071302  -9.24733986708          106 
/work/00115/gebhardt/maverick/vdrp/shifts/20170328v010/xy_exp03.dat    214.7623  52.764295          106    11.8402936513  -10.8236961523          106  214.762261  52.764155          106    11.5659359325  -10.3924609438          106 
/work/00115/gebhardt/maverick/vdrp/shifts/20170328v018/xy_exp01.dat  214.769191  52.803112          106   12.4990260778   8.21543696757          106  214.769026  52.803223          106    12.9955965435   8.42051358458          106 
/work/00115/gebhardt/maverick/vdrp/shifts/20170328v018/xy_exp01.dat  214.779048  52.800377          106  -11.1026570456   8.61366096524          106  214.778928  52.800423          106   -10.7955434545   8.65002657875          106 
/work/00115/gebhardt/maverick/vdrp/shifts/20170328v018/xy_exp02.dat  214.778692  52.800341          106  -11.6633349459   9.17802954896          106  214.778928  52.800423          106  -11.9988223874   9.66633741659          106 
/work/00115/gebhardt/maverick/vdrp/shifts/20170328v018/xy_exp02.dat  214.769032  52.803042          106   11.4988322617   8.85467881442          106  214.769026  52.803223          106   11.7923158423   9.43659287674          106 
/work/00115/gebhardt/maverick/vdrp/shifts/20170328v018/xy_exp03.dat  214.778878  52.800332          106  -12.8926089418   7.89506299805          106  214.778928  52.800423          106   -12.849060237   8.23750971524          106 
/work/00115/gebhardt/maverick/vdrp/shifts/20170328v018/xy_exp03.dat  214.769006  52.803273          106   11.0591475459   8.15123237682          106  214.769026  52.803223          106   10.9420775447    8.0077418404          106 
/work/00115/gebhardt/maverick/vdrp/shifts/20170328v019/xy_exp01.dat  214.891061   52.89881          106   -9.85120040077    14.3429073184          106   214.89097  52.898868          106   -9.58244017424   14.4449760452          106 
/work/00115/gebhardt/maverick/vdrp/shifts/20170328v019/xy_exp02.dat  214.891081  52.898746          106   -11.3397866034    14.8060423757          106   214.89097  52.898868          106  -10.9317066408    15.0966853353          106 
/work/00115/gebhardt/maverick/vdrp/shifts/20170328v019/xy_exp03.dat  214.890951  52.898667          106  -10.8671621767   12.9825754484          106   214.89097  52.898868          106  -10.5896000769    13.652100138          106 
/work/00115/gebhardt/maverick/vdrp/shifts/20170328v019/xy_exp03.dat  214.881718  52.902149          106   12.6387348038   15.5513509391          106  214.881592  52.901983          106   12.6252748756   14.8942305071          106 
/work/00115/gebhardt/maverick/vdrp/shifts/20170330v006/xy_exp01.dat  214.894722  52.854798          106   1.91311382016   4.93662878617          106  214.894728  52.854826          106   1.96477761658   4.84909754949          106 
/work/00115/gebhardt/maverick/vdrp/shifts/20170330v006/xy_exp02.dat  214.894811  52.854789          106   1.06050463014   6.36907863142          106  214.894728  52.854826          106  0.947066533699   6.17561509381          106 
/work/00115/gebhardt/maverick/vdrp/shifts/20170330v006/xy_exp03.dat  214.894744  52.854941          106   1.02454089185   4.42695865374          106  214.894728  52.854826          106  0.829619486713   4.79385535879          106 
/work/00115/gebhardt/maverick/vdrp/shifts/20170331v006/xy_exp01.dat  150.098874  2.389056          106   16.7430184233   22.4834315696          106  150.098982  2.388795          106     17.2946495957    21.6293442186          106 
/work/00115/gebhardt/maverick/vdrp/shifts/20170331v006/xy_exp01.dat  150.111071  2.389261          106  -8.82687340897  -13.1733584087          106   150.11125  2.389284          106    -9.26131539512   -13.6556946932          106 
/work/00115/gebhardt/maverick/vdrp/shifts/20170331v006/xy_exp01.dat  150.101998  2.390048          106   7.41258069828   15.2751772563          106  150.101874  2.390033          106     7.71077070679    15.6112227337          106 
/work/00115/gebhardt/maverick/vdrp/shifts/20170331v006/xy_exp02.dat   150.11133  2.389382          106  -11.1631525291  -13.1269372576          106   150.11125  2.389284          106  -10.7093005454  -13.0910597906          106 
/work/00115/gebhardt/maverick/vdrp/shifts/20170331v006/xy_exp02.dat  150.098728  2.388815          106   16.3073054603   22.9862389781          106  150.098982  2.388795          106   15.8466672562   22.1939774654          106 
/work/00115/gebhardt/maverick/vdrp/shifts/20170331v006/xy_exp02.dat   150.10198  2.390106          106   5.82973357696   16.0118616001          106  150.101874  2.390033          106   6.26278780989   16.1758566969          106 
/work/00115/gebhardt/maverick/vdrp/shifts/20170331v006/xy_exp03.dat  150.102013  2.390063          106   6.16358322125   14.3242345655          106  150.101874  2.390033          106   6.53687914309   14.6739209765          106 
/work/00115/gebhardt/maverick/vdrp/shifts/20170331v007/xy_exp01.dat  214.790683  52.778531          106  -0.208699636686   11.3088368794          106  214.790676   52.77848          106  -0.294344999278   11.4719520678          106 
/work/00115/gebhardt/maverick/vdrp/shifts/20170331v007/xy_exp02.dat  214.786155  52.785267          106  -1.12415383433  -14.3200192812          106  214.786348  52.785287          106  -0.709139465582   -14.222393071          106 
/work/00115/gebhardt/maverick/vdrp/shifts/20170331v007/xy_exp03.dat  214.786467  52.785324          106  -0.345819480313   -15.6988415647          106  214.786348  52.785287          106  -0.636351465469  -15.6772650263          106 
/work/00115/gebhardt/maverick/vdrp/shifts/20170331v007/xy_exp03.dat  214.790675   52.77825          106    -1.8423210729    11.3245203855          106  214.790676   52.77848          106   -1.51736555192   10.5629429296          106 
/work/00115/gebhardt/maverick/vdrp/shifts/20170418v003/xy_exp01.dat  189.578905  62.135943          106   21.6120139028   17.6920416619          106  189.579068   62.13593          106    21.7450748012      17.9363815555          106 
/work/00115/gebhardt/maverick/vdrp/shifts/20170418v003/xy_exp01.dat   189.57762  62.134126          106   15.1367064076   20.0442550207          106  189.577585  62.134033          106    14.8373329673      20.2053013688          106 
/work/00115/gebhardt/maverick/vdrp/shifts/20170418v003/xy_exp02.dat  189.578995   62.13589          106     22.41200659   16.9797984316          106  189.579068   62.13593          106   22.6011345287   16.9870886142          106 
/work/00115/gebhardt/maverick/vdrp/shifts/20170418v003/xy_exp02.dat  189.577636  62.133997          106   15.6447494922   19.4036257825          106  189.577585  62.134033          106   15.6933882545    19.255994439          106 
/work/00115/gebhardt/maverick/vdrp/shifts/20170418v003/xy_exp03.dat  189.578931  62.135904          106   20.6870162735   16.1642196953          106  189.579068   62.13593          106    20.903239382   16.2872790789          106 
/work/00115/gebhardt/maverick/vdrp/shifts/20170418v003/xy_exp03.dat  189.577687  62.134075          106   14.2204584217   18.5972483177          106  189.577585  62.134033          106   13.9954598029   18.5560836526          106 
/work/00115/gebhardt/maverick/vdrp/shifts/20170418v004/xy_exp01.dat  150.104941   1.99449          106   -6.64174820011  -4.43504820871          106   150.10503  1.994664          106    -7.3406250874   -4.35453138547          106 
/work/00115/gebhardt/maverick/vdrp/shifts/20170418v004/xy_exp01.dat   150.09793  1.990547          106    19.1512395868   8.69834392307          106  150.098298  1.990574          106    18.3367247861    7.65001015886          106 
/work/00115/gebhardt/maverick/vdrp/shifts/20170418v004/xy_exp02.dat  150.104682  1.994581          106  -5.85728916735   -5.26411682583          106   150.10503  1.994664          106  -6.79976196067  -6.14083969175          106 
/work/00115/gebhardt/maverick/vdrp/shifts/20170418v004/xy_exp03.dat  150.095956  1.994169          106   11.1946227436   20.6671924932          106  150.096348  1.994187          106   10.3592392418   19.5290260729          106 
/work/00115/gebhardt/maverick/vdrp/shifts/20170418v004/xy_exp03.dat  150.104881  1.994484          106  -7.54116225336  -5.43550045631          106   150.10503  1.994664          106  -8.37762935585  -5.52271921415          106 
/work/00115/gebhardt/maverick/vdrp/shifts/20170418v004/xy_exp03.dat  150.097921  1.990432          106   18.4768216957   7.32771559084          106  150.098298  1.990574          106   17.2997233997   6.48181543843          106 
/work/00115/gebhardt/maverick/vdrp/shifts/20170418v006/xy_exp01.dat   214.26282  52.164683          106   -2.10323547655     17.5038827939          106  214.262889  52.164761          106    -1.8581874147    17.2989028774          106 
/work/00115/gebhardt/maverick/vdrp/shifts/20170418v006/xy_exp02.dat   214.26277  52.164817          106   -2.11977586666   15.5071230434          106  214.262889  52.164761          106   -1.94968115573   15.7913116696          106 
/work/00115/gebhardt/maverick/vdrp/shifts/20170418v006/xy_exp03.dat  214.273578  52.169777          106   24.8982946355   8.31574483976          106  214.273422  52.169791          106   24.5965784125   8.14211059217          106 
/work/00115/gebhardt/maverick/vdrp/shifts/20170418v006/xy_exp03.dat  214.263061  52.164942          106  -3.10095932801   15.9510601452          106  214.262889  52.164761          106  -3.69400105129    16.417050251          106 
/work/00115/gebhardt/maverick/vdrp/shifts/20170419v006/xy_exp01.dat  214.542552  52.563976          106   11.4169531171   6.51387840833          106  214.542388  52.564004          106   11.1240282807     6.28331794879          106 
/work/00115/gebhardt/maverick/vdrp/shifts/20170419v006/xy_exp02.dat  214.542436  52.569555          106   19.1017659131     -13.4842186756          106  214.542453  52.569617          106   19.2216073698   -13.6761571554          106 
/work/00115/gebhardt/maverick/vdrp/shifts/20170419v006/xy_exp02.dat  214.542423  52.564153          106   11.6276828506      4.46950838496          106  214.542388  52.564004          106   11.3515016531    4.93568248273          106 
/work/00115/gebhardt/maverick/vdrp/shifts/20170419v006/xy_exp03.dat  214.542726  52.563778          106   10.0854506097    6.14892266835          106  214.542388  52.564004          106   9.71377425287   5.11407241635          106 
/work/00115/gebhardt/maverick/vdrp/shifts/20170420v017/xy_exp01.dat  215.254769  52.397299          106  0.0617021180399   6.70890504489          106  215.254852  52.397082          106  -0.430435349599   6.07540649845          106 
/work/00115/gebhardt/maverick/vdrp/shifts/20170420v017/xy_exp02.dat  215.254628  52.397108          106   0.309733254004   4.45097335818          106  215.254852  52.397082          106  -0.176405173768   4.57159145672          106 
/work/00115/gebhardt/maverick/vdrp/shifts/20170420v017/xy_exp03.dat  215.254522   52.39691          106   -1.21842071255   4.56752529929          106  215.254852  52.397082          106   -1.61817793648   5.43302815905          106 
/work/00115/gebhardt/maverick/vdrp/shifts/20170423v015/xy_exp01.dat  215.251039  52.728405          106   13.3891510743    -2.2116116263          106  215.250916  52.728434          106   13.6761568572   -2.23248397702          106 
/work/00115/gebhardt/maverick/vdrp/shifts/20170423v015/xy_exp02.dat  215.250793  52.728408          106   12.4032561317   -1.93015672636          106  215.250916  52.728434          106   12.2012798974   -1.73046839672          106 
/work/00115/gebhardt/maverick/vdrp/shifts/20170423v015/xy_exp03.dat  215.250918  52.728514          106   12.6159531376  -2.88436332933          106  215.250916  52.728434          106   12.4962130255  -3.14632894293          106 
/work/00115/gebhardt/maverick/vdrp/shifts/20170424v009/xy_exp01.dat  214.294705     52.321          106    14.1544120201  0.215090583916          106  214.294783  52.320972          106   14.2759307846  0.372738349193          106 
/work/00115/gebhardt/maverick/vdrp/shifts/20170424v009/xy_exp02.dat  214.294826  52.320895          106    12.9437934039   1.10510374924          106  214.294783  52.320972          106     12.959644454  0.812627545197          106 
/work/00115/gebhardt/maverick/vdrp/shifts/20170424v009/xy_exp03.dat  214.294939  52.320905          106     13.522377908  -0.253085601211          106  214.294783  52.320972          106   13.2941438768  -0.60511267693          106 
/work/00115/gebhardt/maverick/vdrp/shifts/20170427v005/xy_exp01.dat  214.290918  52.489434          106   5.55177070128  -12.1231741661          106  214.291221  52.488953          106   5.50985415774  -10.2690230076          106 
/work/00115/gebhardt/maverick/vdrp/shifts/20170427v005/xy_exp01.dat  214.290918  52.489434          106   5.55177070128  -12.1231741661          106  214.290503  52.489854          106   5.28326128508   -13.867202698          106 
/work/00115/gebhardt/maverick/vdrp/shifts/20170427v005/xy_exp01.dat  214.297068  52.479918          106   5.04072049868   24.6887604321          106  214.297023   52.48012          106   5.22507821101    23.978427468          106 
/work/00115/gebhardt/maverick/vdrp/shifts/20170427v005/xy_exp02.dat  214.296954  52.479975          106   3.31441374798   24.8880452138          106  214.297023   52.48012          106   3.65228622898   24.4623498664          106 
/work/00115/gebhardt/maverick/vdrp/shifts/20170427v005/xy_exp03.dat  214.296866  52.480176          106   3.84209631534   22.5715747744          106  214.297023   52.48012          106   4.08421095614   22.8886184971          106 
/work/00115/gebhardt/maverick/vdrp/shifts/20170427v013/xy_exp01.dat  214.433079  53.226165          106   -2.6684672792    2.25726737284          106  214.433357  53.226162          106  -3.20946710498   2.51495636291          106 
/work/00115/gebhardt/maverick/vdrp/shifts/20170427v013/xy_exp01.dat  214.438408  53.231077          106  -5.05444662683    23.2070919398          106  214.438379  53.231087          106  -4.98245594457   23.2114176924          106 
/work/00115/gebhardt/maverick/vdrp/shifts/20170427v013/xy_exp01.dat  214.429972  53.226889          106   4.48704312961    1.60196978975          106  214.430067  53.226918          106   4.35039728458   1.78675407499          106 
/work/00115/gebhardt/maverick/vdrp/shifts/20170427v013/xy_exp02.dat   214.43328  53.226134          106  -4.42638772066   2.64707239723          106  214.433357  53.226162          106  -4.52991661912     2.8113330135          106 
/work/00115/gebhardt/maverick/vdrp/shifts/20170427v013/xy_exp02.dat  214.438299   53.23104          106  -6.22397067312   23.2794546802          106  214.438379  53.231087          106  -6.30272922196     23.507809702          106 
/work/00115/gebhardt/maverick/vdrp/shifts/20170427v013/xy_exp02.dat  214.430546  53.226876          106    2.0386264821   2.40837107059          106  214.430067  53.226918          106   3.02994166289    2.08306622014          106 
/work/00115/gebhardt/maverick/vdrp/shifts/20170427v013/xy_exp03.dat  214.438444  53.231091          106  -6.23592404142   22.1630354654          106  214.438379  53.231087          106  -6.11700391397    22.087635825          106 
/work/00115/gebhardt/maverick/vdrp/shifts/20170427v013/xy_exp03.dat  214.433212  53.226251          106  -3.92144962497   1.53845325751          106  214.433357  53.226162          106  -4.34408452295   1.39116895265          106 
/work/00115/gebhardt/maverick/vdrp/shifts/20170427v013/xy_exp03.dat  214.430167   53.22684          106   2.89761479629  0.507803144677          106  214.430067  53.226918          106   3.21577739372  0.662941253745          106 
/work/00115/gebhardt/maverick/vdrp/shifts/20170428v005/xy_exp01.dat  214.570549  52.319106          106   4.03388058743   5.01771338351          106  214.570695  52.319126          106   4.35876098947   5.07117419664          106 
/work/00115/gebhardt/maverick/vdrp/shifts/20170428v005/xy_exp02.dat  214.570571  52.318957          106    2.72479244359    6.03839380519          106  214.570695  52.319126          106      3.2055137074    5.57631266192          106 
/work/00115/gebhardt/maverick/vdrp/shifts/20170428v005/xy_exp03.dat  214.570769  52.319144          106    3.46519993227    4.3689584608          106  214.570695  52.319126          106     3.28994155873   4.36811101398          106 
/work/00115/gebhardt/maverick/vdrp/shifts/20170428v007/xy_exp01.dat  215.675023  52.653549          106  0.777614475236  -1.27000092675          106  215.674961  52.653487          106  0.566651544548  -1.11622575797          106 
/work/00115/gebhardt/maverick/vdrp/shifts/20170428v007/xy_exp01.dat  215.670848  52.655799          106  -4.51346725267  -12.2583450776          106  215.670822  52.655734          106  -4.65605454697  -12.0643111477          106 
/work/00115/gebhardt/maverick/vdrp/shifts/20170428v007/xy_exp02.dat  215.670901  52.655757          106   -5.65338788249  -11.4392321364          106  215.670822  52.655734          106   -5.84449090009  -11.4293286973          106 
/work/00115/gebhardt/maverick/vdrp/shifts/20170428v007/xy_exp03.dat  215.670628  52.655758          106   -5.84832621727   -13.085171331          106  215.670822  52.655734          106   -5.49071606926  -12.8421459194          106 
/work/00115/gebhardt/maverick/vdrp/shifts/20170428v007/xy_exp03.dat  215.674991  52.653538          106  -0.136868255669   -2.0381917934          106  215.674961  52.653487          106  -0.268084521686  -1.89402514994          106 
/work/00115/gebhardt/maverick/vdrp/shifts/20170428v007/xy_exp03.dat  215.680885  52.652393          106    10.1524235261   6.72592352986          106  215.681142   52.65235          106    10.6107056949   7.08504591195          106 
/work/00115/gebhardt/maverick/vdrp/shifts/20170428v019/xy_exp02.dat  214.146113  52.730926          106   11.8223379387   8.71669944939          106  214.146338  52.731005          106   11.5007473413   9.18366697566          106 
/work/00115/gebhardt/maverick/vdrp/shifts/20170428v019/xy_exp02.dat  214.146612  52.735538          106    17.945211696   24.1880408482          106  214.146486  52.735215          106   17.6957714775   23.0195664348          106 
/work/00115/gebhardt/maverick/vdrp/shifts/20170501v011/xy_exp01.dat    214.9823  53.223142          106  0.255932303407   -10.0309574914          106  214.982216  53.223226          106  0.553010100629   -9.84130219229          106 
/work/00115/gebhardt/maverick/vdrp/shifts/20170501v011/xy_exp01.dat  214.988225  53.228013          106  -3.33300966336    11.3625707763          106  214.988142  53.227801          106  -3.51402270871    10.5998719625          106 
/work/00115/gebhardt/maverick/vdrp/shifts/20170501v011/xy_exp01.dat  214.987515   53.23097          106   2.79253802849     20.202248139          106  214.987502  53.231233          106   3.24066720287    21.0367557247          106 
/work/00115/gebhardt/maverick/vdrp/shifts/20170501v011/xy_exp02.dat  214.982236  53.223276          106  -0.754586193242    -9.22853912631          106  214.982216  53.223226          106  -0.796441899049   -9.40883486591          106 
/work/00115/gebhardt/maverick/vdrp/shifts/20170501v011/xy_exp02.dat  214.988213  53.227818          106   -4.97282687184     11.1555009649          106  214.988142  53.227801          106   -4.86328927424    11.0323765444          106 
/work/00115/gebhardt/maverick/vdrp/shifts/20170501v011/xy_exp02.dat   214.98765  53.231207          106    1.56435388505     21.5279759961          106  214.987502  53.231233          106    1.89149544269    21.4691990493          106 
/work/00115/gebhardt/maverick/vdrp/shifts/20170501v011/xy_exp03.dat  214.982181  53.223281          106  -0.42317690196  -10.8627826774          106  214.982216  53.223226          106  -0.579127234729  -11.0062202985          106 
/work/00115/gebhardt/maverick/vdrp/shifts/20170501v011/xy_exp03.dat  214.988032  53.227801          106  -4.43401789865   9.32903611464          106  214.988142  53.227801          106   -4.64609429477   9.43496654507          106 
/work/00115/gebhardt/maverick/vdrp/shifts/20170501v011/xy_exp03.dat  214.987376  53.231251          106   2.38048991501   19.8084729847          106  214.987502  53.231233          106    2.10862914615   19.8718283064          106 
/work/00115/gebhardt/maverick/vdrp/shifts/20170501v012/xy_exp01.dat  215.800442  52.561668          106   17.8734479966   -6.36749376008          106  215.800659  52.561742          106     17.55573576  -5.92527481621          106 
/work/00115/gebhardt/maverick/vdrp/shifts/20170501v012/xy_exp02.dat  215.800752  52.561797          106   16.0411394659  -5.11923354233          106  215.800659  52.561742          106   16.1418527381   -5.38472334175          106 
/work/00115/gebhardt/maverick/vdrp/shifts/20170501v012/xy_exp03.dat   215.80035  52.561816          106  17.0308729885  -6.89599115509          106  215.800659  52.561742          106   16.3054199503  -6.85146502574          106 
/work/00115/gebhardt/maverick/vdrp/shifts/20170501v012/xy_exp03.dat   215.80885  52.569129          106  11.3089153017   24.8269283609          106  215.809373  52.568712          106    9.6369989039   23.9506177941          106 
/work/00115/gebhardt/maverick/vdrp/shifts/20170502v009/xy_exp03.dat  214.704563  53.068314          106    17.6927428896   24.9145893676          106  214.704578  53.068383          106    17.7733857514   25.1517658225          106 
/work/00115/gebhardt/maverick/vdrp/shifts/20170502v011/xy_exp01.dat  215.531925  53.389972          106   14.4499737107  -14.5438266327          106  215.531954  53.389937          106   14.3375145232  -14.6281202701          106 
/work/00115/gebhardt/maverick/vdrp/shifts/20170502v011/xy_exp02.dat  215.531888  53.390079          106    13.463030412  -13.5317154897          106  215.531954  53.389937          106   13.1057105137  -13.9237964831          106 
/work/00115/gebhardt/maverick/vdrp/shifts/20170502v011/xy_exp03.dat  215.532091  53.389917          106    12.9011605663  -15.3939167166          106  215.531954  53.389937          106    13.1960971616  -15.4625321751          106 
/work/00115/gebhardt/maverick/vdrp/shifts/20170503v007/xy_exp01.dat  214.984551  53.389913          106  -0.0432426392347  -6.83690320147          106  214.984568  53.389642          106  -0.517292409048  -7.69037339701          106 
/work/00115/gebhardt/maverick/vdrp/shifts/20170503v007/xy_exp02.dat  214.984656  53.389513          106   -2.16346966878  -6.52794856939          106  214.984568  53.389642          106  -1.78482597528   -6.1993265124          106 
/work/00115/gebhardt/maverick/vdrp/shifts/20170503v007/xy_exp03.dat  214.984693  53.389814          106   -2.47096534297  -7.01378397073          106  214.984568  53.389642          106   -2.51187593255  -7.68740077965          106 
/work/00115/gebhardt/maverick/vdrp/shifts/20170503v008/xy_exp01.dat  214.422334  52.396173          106   3.13017397744   2.71650389262          106  214.422284  52.396065          106   3.06718123322   2.31742643791          106 
/work/00115/gebhardt/maverick/vdrp/shifts/20170503v008/xy_exp02.dat  214.422163  52.396081          106   1.78631003925    2.73337135014          106  214.422284  52.396065          106    1.52080262979   2.79232258515          106 
/work/00115/gebhardt/maverick/vdrp/shifts/20170503v009/xy_exp01.dat  214.693723  52.562286          106   18.6165876037  -4.35545287325          106  214.693402  52.562369          106    19.379504484   -4.3824803224          106 
/work/00115/gebhardt/maverick/vdrp/shifts/20170503v010/xy_exp01.dat  215.810604  52.901205          106    14.4873827007   22.8806487303          106  215.810626   52.90125          106    14.5147501081   23.0473147224          106 
/work/00115/gebhardt/maverick/vdrp/shifts/20170503v010/xy_exp02.dat  215.810563  52.901096          106   13.2145654982   23.7385659191          106  215.810626   52.90125          106   13.3322625239   24.2973372426          106 
/work/00115/gebhardt/maverick/vdrp/shifts/20170503v010/xy_exp03.dat  215.810584  52.901304          106   12.9229524972   23.0318775029          106  215.810626   52.90125          106   12.7563357209   22.8964212982          106 
/work/00115/gebhardt/maverick/vdrp/shifts/20170518v006/xy_exp01.dat  214.578649  52.483673          106   18.5893215761    8.89083301727          106  214.578475  52.483616          106   18.1585381143    8.93614482869          106 
/work/00115/gebhardt/maverick/vdrp/shifts/20170518v006/xy_exp02.dat  214.578497  52.483531          106    16.9736984815   10.1042352524          106  214.578475  52.483616          106    17.0450429991   9.80278324681          106 
/work/00115/gebhardt/maverick/vdrp/shifts/20170518v006/xy_exp03.dat  214.578237  52.483525          106   16.5433636605     8.78424312508          106  214.578475  52.483616          106   17.1503826488     8.6788473597          106 
/work/00115/gebhardt/maverick/vdrp/shifts/20170519v002/xy_exp01.dat  215.679917  52.983717          106  -2.19999019444  0.876505596309          106  215.679788  52.983687          106   -2.49948337261   0.864757467214          106 
/work/00115/gebhardt/maverick/vdrp/shifts/20170519v002/xy_exp02.dat  215.680027  52.983608          106  -3.27548952388    1.78048869642          106  215.679788  52.983687          106  -3.63820211742    1.31396214097          106 
/work/00115/gebhardt/maverick/vdrp/shifts/20170519v002/xy_exp03.dat  215.679723  52.983616          106  -3.77239689703  0.122616215058          106  215.679788  52.983687          106  -3.54169454522  -0.0561438880276          106 
/work/00115/gebhardt/maverick/vdrp/shifts/20170522v005/xy_exp01.dat  215.800567  52.561719          106    17.073874247   -15.3800220009          106  215.800659  52.561742          106   16.9269135485  -15.2194105689          106 
/work/00115/gebhardt/maverick/vdrp/shifts/20170522v005/xy_exp02.dat  215.800767  52.561574          106     15.485551982   -14.6927383249          106  215.800659  52.561742          106    15.956822278   -14.246024545          106 
/work/00115/gebhardt/maverick/vdrp/shifts/20170522v005/xy_exp03.dat  215.800691  52.561684          106   15.4105205564  -15.9702694091          106  215.800659  52.561742          106   15.5627527052  -15.8111234945          106 
/work/00115/gebhardt/maverick/vdrp/shifts/20170525v013/xy_exp01.dat  214.704365  53.068437          106    18.6925299615    17.6022738905          106  214.704578  53.068383          106    18.1932862986    17.6310876824          106 
/work/00115/gebhardt/maverick/vdrp/shifts/20170525v013/xy_exp02.dat  214.704731  53.068179          106   16.3119134084   17.9382404484          106  214.704578  53.068383          106    16.9329312742   18.4512860118          106 
/work/00115/gebhardt/maverick/vdrp/shifts/20170525v013/xy_exp03.dat  214.704913  53.068539          106    16.4377391363   17.7560390571          106  214.704578  53.068383          106    16.8402660995   16.9323428816          106 
/work/00115/gebhardt/maverick/vdrp/shifts/20170525v014/xy_exp01.dat  215.810525   52.90094          106   14.5163472431     13.672130431          106  215.810626   52.90125          106    14.8037824385   14.7725626257          106 
/work/00115/gebhardt/maverick/vdrp/shifts/20170525v014/xy_exp02.dat  215.810643  52.901265          106   13.4014470332    15.5491243971          106  215.810626   52.90125          106   13.4112278696   15.4844473654          106 
/work/00115/gebhardt/maverick/vdrp/shifts/20170527v011/xy_exp01.dat  214.984641  53.389644          106  -0.274169288477   -16.6411674401          106  214.984568  53.389642          106  -0.137776902434  -16.7187057975          106 
/work/00115/gebhardt/maverick/vdrp/shifts/20170527v011/xy_exp02.dat  214.984632  53.389682          106   -1.46522031851    -16.042691141          106  214.984568  53.389642          106   -1.40812760096   -16.2333651026          106 
/work/00115/gebhardt/maverick/vdrp/shifts/20170527v011/xy_exp03.dat    214.9845  53.389577          106  -1.34802748757  -17.5769548704          106  214.984568  53.389642          106  -1.37193153238  -17.3021843481          106 
/work/00115/gebhardt/maverick/vdrp/shifts/20170529v009/xy_exp03.dat  214.983864  52.729071          106  -6.91914408662  0.116695547025          106  214.983762  52.729072          106  -6.71680129487  0.0243945446458          106 
/work/00115/gebhardt/maverick/vdrp/shifts/20170615v009/xy_exp02.dat  214.790784  52.778195          106  -1.18381382755  -0.571180868009          106  214.790676   52.77848          106  -0.527746392643  0.251966265748          106 
/work/00115/gebhardt/maverick/vdrp/shifts/20170617v008/xy_exp01.dat  214.790747  52.778241          106  0.492465195503  -2.04175206731          106  214.790676   52.77848          106   1.00357223279  -1.33254959671          106 
/work/00115/gebhardt/maverick/vdrp/shifts/20170617v008/xy_exp02.dat   214.79054  52.778359          106  -0.372710598489  -1.51559917962          106  214.790676   52.77848          106  -0.451645782136  -0.994802299722          106 
/work/00115/gebhardt/maverick/vdrp/shifts/20170617v008/xy_exp03.dat  214.790547  52.778499          106  -0.235128369109  -2.45965276903          106  214.790676   52.77848          106  -0.518029623066   -2.39999498456          106 
/work/00115/gebhardt/maverick/vdrp/shifts/20170621v007/xy_exp01.dat  214.786879  52.772254          106  -0.0988834901221   24.4147867252          106  214.786531  52.771982          106   0.162464058489    23.204414214          106 
/work/00115/gebhardt/maverick/vdrp/shifts/20170621v007/xy_exp01.dat    214.7841   52.76219          106    -10.2671036654  -10.8825629906          106  214.784271  52.762326          106   -10.3919800446  -10.2801638816          106 
/work/00115/gebhardt/maverick/vdrp/shifts/20170621v007/xy_exp02.dat  214.784307  52.762417          106   -11.6337414441   -8.8045407949          106  214.784271  52.762326          106    -11.704309451  -9.13392388998          106 
/work/00115/gebhardt/maverick/vdrp/shifts/20170621v007/xy_exp02.dat  214.786751  52.772014          106   -1.53207968398   24.6611825061          106  214.786531  52.771982          106   -1.14950743118   24.3505422517          106 
/work/00115/gebhardt/maverick/vdrp/shifts/20170621v007/xy_exp03.dat  214.784393  52.762254          106    -12.174576588  -10.8723286204          106  214.784271  52.762326          106   -11.8229925649  -10.7531322103          106 
/work/00115/gebhardt/maverick/vdrp/shifts/20170621v007/xy_exp03.dat  214.786582  52.771891          106   -1.50985275146   22.4837425943          106  214.786531  52.771982          106   -1.26831599149   22.7313723183          106 
/work/00115/gebhardt/maverick/vdrp/shifts/20170621v008/xy_exp01.dat  215.539165  53.057891          106  -5.96239197667  -12.8911580638          106   215.53924  53.057927          106  -6.05096670201  -12.7033194994          106 
/work/00115/gebhardt/maverick/vdrp/shifts/20170621v008/xy_exp01.dat   215.53864   53.06118          106  0.273911987919     -2.76224957          106  215.538447  53.061218          106  0.709023647146  -2.82340306035          106 
/work/00115/gebhardt/maverick/vdrp/shifts/20170621v008/xy_exp02.dat  215.539228  53.057917          106  -7.25865068645  -12.0303965045          106   215.53924  53.057927          106  -7.26609717876  -11.9866395192          106 
/work/00115/gebhardt/maverick/vdrp/shifts/20170621v008/xy_exp03.dat  215.539045  53.057844          106   -7.10554585115  -13.8018579354          106   215.53924  53.057927          106  -7.35265073201  -13.3477332308          106 
/work/00115/gebhardt/maverick/vdrp/shifts/20170625v005/xy_exp01.dat  214.810895  52.772899          106  -1.21233745467   4.40670384426          106  214.811118  52.772993          106  -1.50437844903   4.92159181235          106 
/work/00115/gebhardt/maverick/vdrp/shifts/20170625v005/xy_exp02.dat  214.811064  52.773064          106  -2.69952389221   5.93646991237          106  214.811118  52.772993          106  -2.91593830802   5.75666990844          106 
/work/00115/gebhardt/maverick/vdrp/shifts/20170625v005/xy_exp03.dat  214.811172  52.772986          106  -3.09743439267   4.17930065805          106  214.811118  52.772993          106  -2.98046961355   4.15126854246          106 
/work/00115/gebhardt/maverick/vdrp/shifts/20170627v005/xy_exp02.dat   215.20664   53.04352          106    9.08049352743  -17.6649038263          106  215.206768   53.04361          106    8.9745540144  -17.2519827823          106 
/work/00115/gebhardt/maverick/vdrp/shifts/20170628v005/xy_exp02.dat  215.202914   53.04059          106    11.4867160223   16.9222131114          106  215.203193  53.040394          106    10.6339579824   16.5542860795          106 
/work/00115/gebhardt/maverick/vdrp/shifts/20170628v005/xy_exp03.dat  215.203306  53.040459          106    10.5264158712   15.7049768441          106  215.203193  53.040394          106     10.643101825    15.387226207          106 
/work/00115/gebhardt/maverick/vdrp/shifts/20170629v004/xy_exp01.dat  215.234559  53.039413          106   -6.6060619487   -9.06796350722          106  215.234422  53.039464          106  -6.25899086151  -9.03347276049          106 
/work/00115/gebhardt/maverick/vdrp/shifts/20170629v004/xy_exp03.dat  215.237158  53.047808          106  0.231439475735   20.1925629141          106  215.236947    53.0483          106   1.42049053885   21.5824702096          106 
/work/00115/gebhardt/maverick/vdrp/shifts/20170629v005/xy_exp01.dat  215.538822   52.72582          106  -11.9184235435  -10.9160517624          106   215.53872  52.725766          106  -11.8016900405   -11.187384976          106 
/work/00115/gebhardt/maverick/vdrp/shifts/20170629v005/xy_exp02.dat  215.538691  52.725705          106   -12.867724824  -10.6814536791          106   215.53872  52.725766          106  -12.8300029274  -10.4560663319          106 
/work/00115/gebhardt/maverick/vdrp/shifts/20170629v005/xy_exp03.dat    215.5306  52.735968          106   18.8139104285   13.7645712671          106  215.530481  52.736039          106    19.158190938   13.8832592326          106 
/work/00115/gebhardt/maverick/vdrp/shifts/20170630v008/xy_exp01.dat  215.222043  53.024017          106   4.38083511735  -10.9770192242          106  215.221871  53.024214          106   5.02675163671  -10.5032382908          106 
/work/00115/gebhardt/maverick/vdrp/shifts/20170630v009/xy_exp01.dat  214.980911  52.558027          106   -9.63844994266    -12.6263678461          106  214.980576  52.557951          106   -9.09121016481   -13.1858050075          106 
/work/00115/gebhardt/maverick/vdrp/shifts/20170630v009/xy_exp03.dat   214.97185  52.564546          106    17.2995964965  -0.744780002956          106  214.972586  52.564622          106     15.958136865  0.187641497125          106 
/work/00115/gebhardt/maverick/vdrp/shifts/20170701v008/xy_exp01.dat  215.264847  52.898942          106   -3.69524182631   21.1640550002          106  215.264407  52.899113          106   -2.56656138995   21.2983582486          106 
/work/00115/gebhardt/maverick/vdrp/shifts/20170701v008/xy_exp01.dat  215.255494  52.889729          106  0.0207402427076  -17.5511608776          106  215.255252  52.890262          106    1.33430643199  -16.0569537361          106 
/work/00115/gebhardt/maverick/vdrp/shifts/20170701v008/xy_exp02.dat  215.255273  52.890081          106   -0.28032223653   -15.794169453          106  215.255252  52.890262          106  0.0463139649413  -15.2285061982          106 
/work/00115/gebhardt/maverick/vdrp/shifts/20170701v008/xy_exp02.dat  215.264579  52.899046          106   -4.29564593238   22.0738475189          106  215.264407  52.899113          106   -3.85419051634   22.1268446294          106 
/work/00115/gebhardt/maverick/vdrp/shifts/20170701v008/xy_exp03.dat  215.255468  52.889958          106  -1.04988741036  -17.3534219957          106  215.255252  52.890262          106  -0.148458297816  -16.5754390478          106 
/work/00115/gebhardt/maverick/vdrp/shifts/20170701v008/xy_exp03.dat  215.264734  52.898808          106  -5.16872308981   20.1044503648          106  215.264407  52.899113          106   -4.04906121892   20.7799004397          106 
/work/00115/gebhardt/maverick/vdrp/shifts/20170701v009/xy_exp01.dat   215.53059  53.227562          106   22.8056924904     -6.38156647979          106  215.530948  53.227302          106   21.6987246974  -6.87753059382          106 
/work/00115/gebhardt/maverick/vdrp/shifts/20170701v009/xy_exp02.dat  215.530535  53.227357          106   20.9303228777   -6.35599410162          106  215.530948  53.227302          106    20.044924491  -6.13808059987          106 
/work/00115/gebhardt/maverick/vdrp/shifts/20170701v009/xy_exp03.dat  215.530687  53.227437          106    20.736903815    -6.98336117261          106  215.530948  53.227302          106   20.0170893634   -7.16897684875          106 
/work/00115/gebhardt/maverick/vdrp/shifts/20170720v002/xy_exp01.dat  215.203406  53.040629          106     11.333988078   17.2972161661          106  215.203193  53.040394          106     11.375819749     16.3346504291          106 
/work/00115/gebhardt/maverick/vdrp/shifts/20170720v002/xy_exp03.dat  215.203097  53.040349          106    10.0887210575   15.5420809014          106  215.203193  53.040394          106    9.97338959857   15.7789801206          106 
/work/00115/gebhardt/maverick/vdrp/shifts/20170720v003/xy_exp01.dat  215.254056  52.569845          106   16.0751247042   17.6921480998          106  215.254328  52.569982          106   15.7461084225   18.3915804418          106 
/work/00115/gebhardt/maverick/vdrp/shifts/20170720v003/xy_exp02.dat   215.25422  52.569691          106   14.0856535404   18.2129531067          106  215.254328  52.569982          106    14.317141787   19.2616346373          106 
/work/00115/gebhardt/maverick/vdrp/shifts/20170720v003/xy_exp03.dat  215.254481  52.569895          106   13.9905032296   17.5974084207          106  215.254328  52.569982          106   14.4266697394     17.7385699518          106 
/work/00115/gebhardt/maverick/vdrp/shifts/20171220v015/xy_exp01.dat  149.940526   2.12418          106   5.96305985389    4.79813500908          106  149.940418  2.124288          106   5.42862684089    4.92661301178          106 
/work/00115/gebhardt/maverick/vdrp/shifts/20171221v016/xy_exp01.dat  149.940543  2.124116          106    6.28655771773     5.04275021468          106  149.940418  2.124288          106    5.52369938691    5.10342296233          106 
/work/00115/gebhardt/maverick/vdrp/shifts/20171221v016/xy_exp03.dat  149.940336  2.124181          106   4.47496555168     4.93462884167          106  149.940418  2.124288          106   4.30020202293    4.48201190684          106 
/work/00115/gebhardt/maverick/vdrp/shifts/20180113v013/xy_exp01.dat  149.940371  2.124219          106   -3.6395751498    3.56030946326          106  149.940418  2.124288          106   -3.7632533696   3.28645491968          106 
/work/00115/gebhardt/maverick/vdrp/shifts/20180113v013/xy_exp02.dat  149.940511  2.123991          106  -4.02801338318     4.25057007037          106  149.940418  2.124288          106  -5.11469899186    3.97808719069          106 
/work/00115/gebhardt/maverick/vdrp/shifts/20180113v013/xy_exp03.dat  149.940528  2.124407          106  -5.21214092778    1.93649691263          106  149.940418  2.124288          106  -5.05316939583   2.49761918182          106 
/work/00115/gebhardt/maverick/vdrp/shifts/20180114v013/xy_exp03.dat  149.940457  2.123965          106   4.14415563618    4.31040233349          106  149.940418  2.124288          106   3.07906664246    3.82318389952          106 
/work/00115/gebhardt/maverick/vdrp/shifts/20180120v008/xy_exp01.dat  149.940568  2.124379          106   5.27940948729    4.5314213156          106  149.940418  2.124288          106   5.27722780296    5.16270604475          106 
/work/00115/gebhardt/maverick/vdrp/shifts/20180123v009/xy_exp02.dat   149.94141  2.127027          106  -2.36558689495  -2.07898078859          106  149.941371  2.127198          106  -2.96397001873   -2.28044567556          106 
/work/00115/gebhardt/maverick/vdrp/shifts/20180123v009/xy_exp02.dat  149.940517  2.124196          106   4.65313246324   5.97879666517          106  149.940418  2.124288          106   4.18476790096    6.10985459145          106 
/work/00115/gebhardt/maverick/vdrp/shifts/20180123v009/xy_exp03.dat  149.940499  2.124373          106   3.90335247147    4.12037600427          106  149.940418  2.124288          106   4.01238486222     4.5286201658          106 
/work/00115/gebhardt/maverick/vdrp/shifts/20180124v010/xy_exp03.dat  149.940362  2.124363          106   3.68516672163     4.51665801798          106  149.940418  2.124288          106   4.02061377175    4.48563069633          106 
/work/00115/gebhardt/maverick/vdrp/shifts/20180209v009/xy_exp02.dat  149.940453  2.124097          106   4.94033386723   6.43004787272          106  149.940418  2.124288          106   4.28804362774    6.17871534736          106 
/work/00115/gebhardt/maverick/vdrp/shifts/20180210v006/xy_exp02.dat  149.940395   2.12421          106   3.97160913073    6.07952881705          106  149.940418  2.124288          106    3.7752231316   5.86243856304          106 
/work/00115/gebhardt/maverick/vdrp/shifts/20180210v006/xy_exp03.dat  149.940365  2.124174          106   4.15553525025    4.71614203185          106  149.940418  2.124288          106   3.90489287466     4.3393626434          106 
/work/00115/gebhardt/maverick/vdrp/shifts/20180222v020/xy_exp01.dat   189.48881  62.263324          106   -2.55299426683   -3.41402907726          106  189.488815  62.263216          106   -2.87597429185   -3.63064017806          106 
/work/00115/gebhardt/maverick/vdrp/shifts/20180222v020/xy_exp01.dat  189.486878  62.265664          106    6.20098007626   -1.22095778353          106  189.486892  62.265421          106    5.47164218439   -1.70458543396          106 
/work/00115/gebhardt/maverick/vdrp/shifts/20180222v020/xy_exp02.dat  189.488671  62.263311          106  -3.72668384634   -2.82652947987          106  189.488815  62.263216          106   -4.14522258711  -2.82565561111          106 
/work/00115/gebhardt/maverick/vdrp/shifts/20180222v020/xy_exp02.dat  189.486755  62.265503          106   4.57590953473  -0.917857623873          106  189.486892  62.265421          106    4.20241871532  -0.89970793257          106 
/work/00115/gebhardt/maverick/vdrp/shifts/20180222v020/xy_exp03.dat  189.486667  62.265491          106    4.71239336874   -2.37734626481          106  189.486892  62.265421          106    4.28951237705   -2.21372546309          106 
/work/00115/gebhardt/maverick/vdrp/shifts/20180222v020/xy_exp03.dat  189.488766  62.263249          106   -3.91370496118   -4.13866173544          106  189.488815  62.263216          106   -4.05810888619   -4.13975946522          106 
