0.0692497 0.749566 1 24.9680076294 0.15453280065 /work/00115/gebhardt/maverick/vdrp/shifts/20170301v012/xy_exp03.dat
-0.802251 -0.916763 1 12.9441811167 24.9595552505 /work/00115/gebhardt/maverick/vdrp/shifts/20170301v012/xy_exp03.dat
-0.416865 -0.707515 1 -3.30728183152 3.67195597567 /work/00115/gebhardt/maverick/vdrp/shifts/20170303v012/xy_exp01.dat
-0.625305 -0.971284 1 -4.14727589875 4.11863692716 /work/00115/gebhardt/maverick/vdrp/shifts/20170303v012/xy_exp02.dat
-0.393524 -0.950907 1 -5.06928957286 2.3305588406 /work/00115/gebhardt/maverick/vdrp/shifts/20170303v012/xy_exp03.dat
0.745419 -0.197367 1 23.6900391711 -15.3424957162 /work/00115/gebhardt/maverick/vdrp/shifts/20170303v014/xy_exp01.dat
0.268473 0.445454 1 -3.61592074165 -8.73071909402 /work/00115/gebhardt/maverick/vdrp/shifts/20170303v014/xy_exp02.dat
0.0307837 0.35295 1 -4.76079845515 -10.6519138312 /work/00115/gebhardt/maverick/vdrp/shifts/20170303v014/xy_exp03.dat
-0.351574 0.926729 1 -10.1716568279 24.4116983863 /work/00115/gebhardt/maverick/vdrp/shifts/20170306v018/xy_exp02.dat
0.344845 -0.380854 1 9.92836764705 4.57692082141 /work/00115/gebhardt/maverick/vdrp/shifts/20170306v020/xy_exp03.dat
-0.689824 -0.495963 1 2.94366102476 25.2021461283 /work/00115/gebhardt/maverick/vdrp/shifts/20170306v021/xy_exp01.dat
0.186398 -0.0815264 1 14.0673858759 1.45759562043 /work/00115/gebhardt/maverick/vdrp/shifts/20170306v021/xy_exp01.dat
-0.114041 0.184721 1 -2.6442288338 10.3314268369 /work/00115/gebhardt/maverick/vdrp/shifts/20170306v021/xy_exp01.dat
0.224814 0.255184 1 -2.90969332268 10.9393116755 /work/00115/gebhardt/maverick/vdrp/shifts/20170306v021/xy_exp02.dat
-0.169237 -1.1331 1 2.86004190736 25.1023891526 /work/00115/gebhardt/maverick/vdrp/shifts/20170306v021/xy_exp02.dat
-0.357204 0.128804 1 12.9194027395 2.20522811722 /work/00115/gebhardt/maverick/vdrp/shifts/20170306v021/xy_exp02.dat
0.0328646 -0.325104 1 -3.97789071876 8.79762070853 /work/00115/gebhardt/maverick/vdrp/shifts/20170306v021/xy_exp03.dat
0.312524 0.101171 1 2.46544646248 24.7752970949 /work/00115/gebhardt/maverick/vdrp/shifts/20170306v021/xy_exp03.dat
-0.248985 -0.035305 1 12.1514329607 0.479830970812 /work/00115/gebhardt/maverick/vdrp/shifts/20170306v021/xy_exp03.dat
0.0636136 -0.151789 1 17.2196087577 19.4350555887 /work/00115/gebhardt/maverick/vdrp/shifts/20170321v007/xy_exp01.dat
0.0636136 -0.151789 1 17.2196087577 19.4350555887 /work/00115/gebhardt/maverick/vdrp/shifts/20170321v007/xy_exp01.dat
0.916408 -0.439259 1 12.5681838848 25.1846833936 /work/00115/gebhardt/maverick/vdrp/shifts/20170321v012/xy_exp01.dat
-0.224514 -0.47532 1 8.91156012716 -8.95643353609 /work/00115/gebhardt/maverick/vdrp/shifts/20170322v010/xy_exp01.dat
-1.74183 0.0209312 1 14.9475448294 11.6585024054 /work/00115/gebhardt/maverick/vdrp/shifts/20170322v010/xy_exp02.dat
-1.57791 -0.252786 1 5.93492669647 -8.1629654261 /work/00115/gebhardt/maverick/vdrp/shifts/20170322v010/xy_exp02.dat
-0.0016784 -1.591 1 7.58138851441 -11.0900895737 /work/00115/gebhardt/maverick/vdrp/shifts/20170322v010/xy_exp03.dat
0.361791 -1.34983 1 17.1214048298 8.69882636108 /work/00115/gebhardt/maverick/vdrp/shifts/20170322v010/xy_exp03.dat
0.0095785 0.533113 1 17.7585824184 -2.24868614556 /work/00115/gebhardt/maverick/vdrp/shifts/20170322v011/xy_exp01.dat
-0.438095 0.0899037 1 15.7012894046 -2.2473986221 /work/00115/gebhardt/maverick/vdrp/shifts/20170322v011/xy_exp02.dat
0.114581 -0.272066 1 16.5493488637 -4.28491181061 /work/00115/gebhardt/maverick/vdrp/shifts/20170322v011/xy_exp03.dat
-0.51414 0.583585 1 -9.42480916709 24.3864833986 /work/00115/gebhardt/maverick/vdrp/shifts/20170322v014/xy_exp01.dat
-1.73161 -0.280172 1 8.37802998984 5.06908947509 /work/00115/gebhardt/maverick/vdrp/shifts/20170322v015/xy_exp01.dat
0.0731278 -0.0777656 1 4.72918407581 24.9004826293 /work/00115/gebhardt/maverick/vdrp/shifts/20170322v016/xy_exp01.dat
-0.232538 -0.194744 1 14.6703246426 0.624222028724 /work/00115/gebhardt/maverick/vdrp/shifts/20170322v016/xy_exp01.dat
0.0175244 -0.985675 1 -1.49054096681 8.44134840633 /work/00115/gebhardt/maverick/vdrp/shifts/20170322v016/xy_exp01.dat
-0.393494 -0.0372301 1 -3.46075893182 10.0262514148 /work/00115/gebhardt/maverick/vdrp/shifts/20170322v016/xy_exp02.dat
-0.745458 -0.467539 1 2.35160287528 25.1470871665 /work/00115/gebhardt/maverick/vdrp/shifts/20170322v016/xy_exp02.dat
-0.268493 -0.0141474 1 13.0750575067 1.44106109211 /work/00115/gebhardt/maverick/vdrp/shifts/20170322v016/xy_exp02.dat
-0.120804 0.212854 1 3.41502781231 24.5298850978 /work/00115/gebhardt/maverick/vdrp/shifts/20170322v016/xy_exp03.dat
-0.00211129 -0.170622 1 13.7805002739 -0.0128841344214 /work/00115/gebhardt/maverick/vdrp/shifts/20170322v016/xy_exp03.dat
0.804971 0.0285265 1 11.2531362185 24.4826799838 /work/00115/gebhardt/maverick/vdrp/shifts/20170326v006/xy_exp03.dat
0.87636 -0.980296 1 -12.5983530163 -2.1370587954 /work/00115/gebhardt/maverick/vdrp/shifts/20170326v007/xy_exp02.dat
0.264582 0.0665612 1 7.15884931324 24.482860205 /work/00115/gebhardt/maverick/vdrp/shifts/20170326v007/xy_exp03.dat
-0.640323 0.984619 1 14.6480369834 19.3947132558 /work/00115/gebhardt/maverick/vdrp/shifts/20170326v010/xy_exp03.dat
-0.220257 -2.29624 1 24.9139395312 -16.9694474249 /work/00115/gebhardt/maverick/vdrp/shifts/20170326v013/xy_exp01.dat
-0.028652 -1.6976 1 24.1177503818 -15.1015839466 /work/00115/gebhardt/maverick/vdrp/shifts/20170326v013/xy_exp02.dat
-0.233027 -2.03486 1 23.288605713 -16.8559316136 /work/00115/gebhardt/maverick/vdrp/shifts/20170326v013/xy_exp03.dat
0.203094 0.828624 1 21.6340373497 4.3192414691 /work/00115/gebhardt/maverick/vdrp/shifts/20170327v011/xy_exp01.dat
0.179707 0.285186 1 20.1370747987 4.67956948602 /work/00115/gebhardt/maverick/vdrp/shifts/20170327v011/xy_exp02.dat
-0.0665746 -0.351226 1 20.3229524274 2.51990584449 /work/00115/gebhardt/maverick/vdrp/shifts/20170327v011/xy_exp03.dat
-0.00389294 0.4408 1 -4.86279062277 9.59159795315 /work/00115/gebhardt/maverick/vdrp/shifts/20170327v011/xy_exp03.dat
0.124978 -0.000695393 1 -6.88535849271 6.89767547066 /work/00115/gebhardt/maverick/vdrp/shifts/20170327v012/xy_exp01.dat
0.224425 -0.153067 1 9.83604551918 13.3497251471 /work/00115/gebhardt/maverick/vdrp/shifts/20170327v012/xy_exp01.dat
0.0284622 0.0982411 1 -8.03146692719 7.06639167325 /work/00115/gebhardt/maverick/vdrp/shifts/20170327v012/xy_exp02.dat
0.0895368 -0.0835279 1 8.65160625292 13.4889392473 /work/00115/gebhardt/maverick/vdrp/shifts/20170327v012/xy_exp02.dat
0.264031 0.339995 1 -7.72727518766 6.35420225751 /work/00115/gebhardt/maverick/vdrp/shifts/20170327v012/xy_exp03.dat
0.168713 0.114148 1 8.79938533235 12.7327228053 /work/00115/gebhardt/maverick/vdrp/shifts/20170327v012/xy_exp03.dat
0.548535 0.52086 1 12.861092155 -9.39994404125 /work/00115/gebhardt/maverick/vdrp/shifts/20170328v010/xy_exp01.dat
-0.0659431 0.827988 1 11.1578640084 -8.41935181969 /work/00115/gebhardt/maverick/vdrp/shifts/20170328v010/xy_exp02.dat
0.274358 -0.431235 1 11.8402936513 -10.8236961523 /work/00115/gebhardt/maverick/vdrp/shifts/20170328v010/xy_exp03.dat
-0.49657 -0.205077 1 12.4990260778 8.21543696757 /work/00115/gebhardt/maverick/vdrp/shifts/20170328v018/xy_exp01.dat
-0.307114 -0.0363656 1 -11.1026570456 8.61366096524 /work/00115/gebhardt/maverick/vdrp/shifts/20170328v018/xy_exp01.dat
0.335487 -0.488308 1 -11.6633349459 9.17802954896 /work/00115/gebhardt/maverick/vdrp/shifts/20170328v018/xy_exp02.dat
-0.293484 -0.581914 1 11.4988322617 8.85467881442 /work/00115/gebhardt/maverick/vdrp/shifts/20170328v018/xy_exp02.dat
-0.0435487 -0.342447 1 -12.8926089418 7.89506299805 /work/00115/gebhardt/maverick/vdrp/shifts/20170328v018/xy_exp03.dat
0.11707 0.143491 1 11.0591475459 8.15123237682 /work/00115/gebhardt/maverick/vdrp/shifts/20170328v018/xy_exp03.dat
-0.26876 -0.102069 1 -9.85120040077 14.3429073184 /work/00115/gebhardt/maverick/vdrp/shifts/20170328v019/xy_exp01.dat
-0.40808 -0.290643 1 -11.3397866034 14.8060423757 /work/00115/gebhardt/maverick/vdrp/shifts/20170328v019/xy_exp02.dat
-0.277562 -0.669525 1 -10.8671621767 12.9825754484 /work/00115/gebhardt/maverick/vdrp/shifts/20170328v019/xy_exp03.dat
0.0134599 0.65712 1 12.6387348038 15.5513509391 /work/00115/gebhardt/maverick/vdrp/shifts/20170328v019/xy_exp03.dat
-0.0516638 0.0875312 1 1.91311382016 4.93662878617 /work/00115/gebhardt/maverick/vdrp/shifts/20170330v006/xy_exp01.dat
0.113438 0.193464 1 1.06050463014 6.36907863142 /work/00115/gebhardt/maverick/vdrp/shifts/20170330v006/xy_exp02.dat
0.194921 -0.366897 1 1.02454089185 4.42695865374 /work/00115/gebhardt/maverick/vdrp/shifts/20170330v006/xy_exp03.dat
-0.551631 0.854087 1 16.7430184233 22.4834315696 /work/00115/gebhardt/maverick/vdrp/shifts/20170331v006/xy_exp01.dat
0.434442 0.482336 1 -8.82687340897 -13.1733584087 /work/00115/gebhardt/maverick/vdrp/shifts/20170331v006/xy_exp01.dat
-0.29819 -0.336045 1 7.41258069828 15.2751772563 /work/00115/gebhardt/maverick/vdrp/shifts/20170331v006/xy_exp01.dat
-0.453852 -0.0358775 1 -11.1631525291 -13.1269372576 /work/00115/gebhardt/maverick/vdrp/shifts/20170331v006/xy_exp02.dat
0.460638 0.792262 1 16.3073054603 22.9862389781 /work/00115/gebhardt/maverick/vdrp/shifts/20170331v006/xy_exp02.dat
-0.433054 -0.163995 1 5.82973357696 16.0118616001 /work/00115/gebhardt/maverick/vdrp/shifts/20170331v006/xy_exp02.dat
-0.373296 -0.349686 1 6.16358322125 14.3242345655 /work/00115/gebhardt/maverick/vdrp/shifts/20170331v006/xy_exp03.dat
0.0856454 -0.163115 1 -0.208699636686 11.3088368794 /work/00115/gebhardt/maverick/vdrp/shifts/20170331v007/xy_exp01.dat
-0.415014 -0.0976262 1 -1.12415383433 -14.3200192812 /work/00115/gebhardt/maverick/vdrp/shifts/20170331v007/xy_exp02.dat
0.290532 -0.0215765 1 -0.345819480313 -15.6988415647 /work/00115/gebhardt/maverick/vdrp/shifts/20170331v007/xy_exp03.dat
-0.324956 0.761577 1 -1.8423210729 11.3245203855 /work/00115/gebhardt/maverick/vdrp/shifts/20170331v007/xy_exp03.dat
-0.133061 -0.24434 1 21.6120139028 17.6920416619 /work/00115/gebhardt/maverick/vdrp/shifts/20170418v003/xy_exp01.dat
0.299373 -0.161046 1 15.1367064076 20.0442550207 /work/00115/gebhardt/maverick/vdrp/shifts/20170418v003/xy_exp01.dat
-0.189128 -0.00729018 1 22.41200659 16.9797984316 /work/00115/gebhardt/maverick/vdrp/shifts/20170418v003/xy_exp02.dat
-0.0486388 0.147631 1 15.6447494922 19.4036257825 /work/00115/gebhardt/maverick/vdrp/shifts/20170418v003/xy_exp02.dat
-0.216223 -0.123059 1 20.6870162735 16.1642196953 /work/00115/gebhardt/maverick/vdrp/shifts/20170418v003/xy_exp03.dat
0.224999 0.0411647 1 14.2204584217 18.5972483177 /work/00115/gebhardt/maverick/vdrp/shifts/20170418v003/xy_exp03.dat
0.698877 -0.0805168 1 -6.64174820011 -4.43504820871 /work/00115/gebhardt/maverick/vdrp/shifts/20170418v004/xy_exp01.dat
0.814515 1.04833 1 19.1512395868 8.69834392307 /work/00115/gebhardt/maverick/vdrp/shifts/20170418v004/xy_exp01.dat
0.942473 0.876723 1 -5.85728916735 -5.26411682583 /work/00115/gebhardt/maverick/vdrp/shifts/20170418v004/xy_exp02.dat
0.835384 1.13817 1 11.1946227436 20.6671924932 /work/00115/gebhardt/maverick/vdrp/shifts/20170418v004/xy_exp03.dat
0.836467 0.0872188 1 -7.54116225336 -5.43550045631 /work/00115/gebhardt/maverick/vdrp/shifts/20170418v004/xy_exp03.dat
1.1771 0.8459 1 18.4768216957 7.32771559084 /work/00115/gebhardt/maverick/vdrp/shifts/20170418v004/xy_exp03.dat
-0.245048 0.20498 1 -2.10323547655 17.5038827939 /work/00115/gebhardt/maverick/vdrp/shifts/20170418v006/xy_exp01.dat
-0.170095 -0.284189 1 -2.11977586666 15.5071230434 /work/00115/gebhardt/maverick/vdrp/shifts/20170418v006/xy_exp02.dat
0.301716 0.173634 1 24.8982946355 8.31574483976 /work/00115/gebhardt/maverick/vdrp/shifts/20170418v006/xy_exp03.dat
0.593042 -0.46599 1 -3.10095932801 15.9510601452 /work/00115/gebhardt/maverick/vdrp/shifts/20170418v006/xy_exp03.dat
0.292925 0.23056 1 11.4169531171 6.51387840833 /work/00115/gebhardt/maverick/vdrp/shifts/20170419v006/xy_exp01.dat
-0.119841 0.191938 1 19.1017659131 -13.4842186756 /work/00115/gebhardt/maverick/vdrp/shifts/20170419v006/xy_exp02.dat
0.276181 -0.466174 1 11.6276828506 4.46950838496 /work/00115/gebhardt/maverick/vdrp/shifts/20170419v006/xy_exp02.dat
0.371676 1.03485 1 10.0854506097 6.14892266835 /work/00115/gebhardt/maverick/vdrp/shifts/20170419v006/xy_exp03.dat
0.492137 0.633499 1 0.0617021180399 6.70890504489 /work/00115/gebhardt/maverick/vdrp/shifts/20170420v017/xy_exp01.dat
0.486138 -0.120618 1 0.309733254004 4.45097335818 /work/00115/gebhardt/maverick/vdrp/shifts/20170420v017/xy_exp02.dat
0.399757 -0.865503 1 -1.21842071255 4.56752529929 /work/00115/gebhardt/maverick/vdrp/shifts/20170420v017/xy_exp03.dat
-0.287006 0.0208724 1 13.3891510743 -2.2116116263 /work/00115/gebhardt/maverick/vdrp/shifts/20170423v015/xy_exp01.dat
0.201976 -0.199688 1 12.4032561317 -1.93015672636 /work/00115/gebhardt/maverick/vdrp/shifts/20170423v015/xy_exp02.dat
0.11974 0.261966 1 12.6159531376 -2.88436332933 /work/00115/gebhardt/maverick/vdrp/shifts/20170423v015/xy_exp03.dat
-0.121519 -0.157648 1 14.1544120201 0.215090583916 /work/00115/gebhardt/maverick/vdrp/shifts/20170424v009/xy_exp01.dat
-0.0158511 0.292476 1 12.9437934039 1.10510374924 /work/00115/gebhardt/maverick/vdrp/shifts/20170424v009/xy_exp02.dat
0.228234 0.352027 1 13.522377908 -0.253085601211 /work/00115/gebhardt/maverick/vdrp/shifts/20170424v009/xy_exp03.dat
0.0419165 -1.85415 1 5.55177070128 -12.1231741661 /work/00115/gebhardt/maverick/vdrp/shifts/20170427v005/xy_exp01.dat
0.268509 1.74403 1 5.55177070128 -12.1231741661 /work/00115/gebhardt/maverick/vdrp/shifts/20170427v005/xy_exp01.dat
-0.184358 0.710333 1 5.04072049868 24.6887604321 /work/00115/gebhardt/maverick/vdrp/shifts/20170427v005/xy_exp01.dat
-0.337872 0.425695 1 3.31441374798 24.8880452138 /work/00115/gebhardt/maverick/vdrp/shifts/20170427v005/xy_exp02.dat
-0.242115 -0.317044 1 3.84209631534 22.5715747744 /work/00115/gebhardt/maverick/vdrp/shifts/20170427v005/xy_exp03.dat
0.541 -0.257689 1 -2.6684672792 2.25726737284 /work/00115/gebhardt/maverick/vdrp/shifts/20170427v013/xy_exp01.dat
-0.0719907 -0.00432575 1 -5.05444662683 23.2070919398 /work/00115/gebhardt/maverick/vdrp/shifts/20170427v013/xy_exp01.dat
0.136646 -0.184784 1 4.48704312961 1.60196978975 /work/00115/gebhardt/maverick/vdrp/shifts/20170427v013/xy_exp01.dat
0.103529 -0.164261 1 -4.42638772066 2.64707239723 /work/00115/gebhardt/maverick/vdrp/shifts/20170427v013/xy_exp02.dat
0.0787585 -0.228355 1 -6.22397067312 23.2794546802 /work/00115/gebhardt/maverick/vdrp/shifts/20170427v013/xy_exp02.dat
-0.991315 0.325305 1 2.0386264821 2.40837107059 /work/00115/gebhardt/maverick/vdrp/shifts/20170427v013/xy_exp02.dat
-0.11892 0.0753996 1 -6.23592404142 22.1630354654 /work/00115/gebhardt/maverick/vdrp/shifts/20170427v013/xy_exp03.dat
0.422635 0.147284 1 -3.92144962497 1.53845325751 /work/00115/gebhardt/maverick/vdrp/shifts/20170427v013/xy_exp03.dat
-0.318163 -0.155138 1 2.89761479629 0.507803144677 /work/00115/gebhardt/maverick/vdrp/shifts/20170427v013/xy_exp03.dat
-0.32488 -0.0534608 1 4.03388058743 5.01771338351 /work/00115/gebhardt/maverick/vdrp/shifts/20170428v005/xy_exp01.dat
-0.480721 0.462081 1 2.72479244359 6.03839380519 /work/00115/gebhardt/maverick/vdrp/shifts/20170428v005/xy_exp02.dat
0.175258 0.000847447 1 3.46519993227 4.3689584608 /work/00115/gebhardt/maverick/vdrp/shifts/20170428v005/xy_exp03.dat
0.210963 -0.153775 1 0.777614475236 -1.27000092675 /work/00115/gebhardt/maverick/vdrp/shifts/20170428v007/xy_exp01.dat
0.142587 -0.194034 1 -4.51346725267 -12.2583450776 /work/00115/gebhardt/maverick/vdrp/shifts/20170428v007/xy_exp01.dat
0.191103 -0.00990344 1 -5.65338788249 -11.4392321364 /work/00115/gebhardt/maverick/vdrp/shifts/20170428v007/xy_exp02.dat
-0.35761 -0.243025 1 -5.84832621727 -13.085171331 /work/00115/gebhardt/maverick/vdrp/shifts/20170428v007/xy_exp03.dat
0.131216 -0.144167 1 -0.136868255669 -2.0381917934 /work/00115/gebhardt/maverick/vdrp/shifts/20170428v007/xy_exp03.dat
-0.458282 -0.359122 1 10.1524235261 6.72592352986 /work/00115/gebhardt/maverick/vdrp/shifts/20170428v007/xy_exp03.dat
0.321591 -0.466968 1 11.8223379387 8.71669944939 /work/00115/gebhardt/maverick/vdrp/shifts/20170428v019/xy_exp02.dat
0.24944 1.16847 1 17.945211696 24.1880408482 /work/00115/gebhardt/maverick/vdrp/shifts/20170428v019/xy_exp02.dat
-0.297078 -0.189655 1 0.255932303407 -10.0309574914 /work/00115/gebhardt/maverick/vdrp/shifts/20170501v011/xy_exp01.dat
0.181013 0.762699 1 -3.33300966336 11.3625707763 /work/00115/gebhardt/maverick/vdrp/shifts/20170501v011/xy_exp01.dat
-0.448129 -0.834508 1 2.79253802849 20.202248139 /work/00115/gebhardt/maverick/vdrp/shifts/20170501v011/xy_exp01.dat
0.0418557 0.180296 1 -0.754586193242 -9.22853912631 /work/00115/gebhardt/maverick/vdrp/shifts/20170501v011/xy_exp02.dat
-0.109538 0.123124 1 -4.97282687184 11.1555009649 /work/00115/gebhardt/maverick/vdrp/shifts/20170501v011/xy_exp02.dat
-0.327142 0.0587769 1 1.56435388505 21.5279759961 /work/00115/gebhardt/maverick/vdrp/shifts/20170501v011/xy_exp02.dat
0.15595 0.143438 1 -0.42317690196 -10.8627826774 /work/00115/gebhardt/maverick/vdrp/shifts/20170501v011/xy_exp03.dat
0.212076 -0.10593 1 -4.43401789865 9.32903611464 /work/00115/gebhardt/maverick/vdrp/shifts/20170501v011/xy_exp03.dat
0.271861 -0.0633553 1 2.38048991501 19.8084729847 /work/00115/gebhardt/maverick/vdrp/shifts/20170501v011/xy_exp03.dat
0.317712 -0.442219 1 17.8734479966 -6.36749376008 /work/00115/gebhardt/maverick/vdrp/shifts/20170501v012/xy_exp01.dat
-0.100713 0.26549 1 16.0411394659 -5.11923354233 /work/00115/gebhardt/maverick/vdrp/shifts/20170501v012/xy_exp02.dat
0.725453 -0.0445261 1 17.0308729885 -6.89599115509 /work/00115/gebhardt/maverick/vdrp/shifts/20170501v012/xy_exp03.dat
1.67192 0.876311 1 11.3089153017 24.8269283609 /work/00115/gebhardt/maverick/vdrp/shifts/20170501v012/xy_exp03.dat
-0.0806429 -0.237176 1 17.6927428896 24.9145893676 /work/00115/gebhardt/maverick/vdrp/shifts/20170502v009/xy_exp03.dat
0.112459 0.0842936 1 14.4499737107 -14.5438266327 /work/00115/gebhardt/maverick/vdrp/shifts/20170502v011/xy_exp01.dat
0.35732 0.392081 1 13.463030412 -13.5317154897 /work/00115/gebhardt/maverick/vdrp/shifts/20170502v011/xy_exp02.dat
-0.294937 0.0686155 1 12.9011605663 -15.3939167166 /work/00115/gebhardt/maverick/vdrp/shifts/20170502v011/xy_exp03.dat
0.47405 0.85347 1 -0.0432426392347 -6.83690320147 /work/00115/gebhardt/maverick/vdrp/shifts/20170503v007/xy_exp01.dat
-0.378644 -0.328622 1 -2.16346966878 -6.52794856939 /work/00115/gebhardt/maverick/vdrp/shifts/20170503v007/xy_exp02.dat
0.0409106 0.673617 1 -2.47096534297 -7.01378397073 /work/00115/gebhardt/maverick/vdrp/shifts/20170503v007/xy_exp03.dat
0.0629927 0.399077 1 3.13017397744 2.71650389262 /work/00115/gebhardt/maverick/vdrp/shifts/20170503v008/xy_exp01.dat
0.265507 -0.0589512 1 1.78631003925 2.73337135014 /work/00115/gebhardt/maverick/vdrp/shifts/20170503v008/xy_exp02.dat
-0.762917 0.0270274 1 18.6165876037 -4.35545287325 /work/00115/gebhardt/maverick/vdrp/shifts/20170503v009/xy_exp01.dat
-0.0273674 -0.166666 1 14.4873827007 22.8806487303 /work/00115/gebhardt/maverick/vdrp/shifts/20170503v010/xy_exp01.dat
-0.117697 -0.558771 1 13.2145654982 23.7385659191 /work/00115/gebhardt/maverick/vdrp/shifts/20170503v010/xy_exp02.dat
0.166617 0.135456 1 12.9229524972 23.0318775029 /work/00115/gebhardt/maverick/vdrp/shifts/20170503v010/xy_exp03.dat
0.430783 -0.0453118 1 18.5893215761 8.89083301727 /work/00115/gebhardt/maverick/vdrp/shifts/20170518v006/xy_exp01.dat
-0.0713445 0.301452 1 16.9736984815 10.1042352524 /work/00115/gebhardt/maverick/vdrp/shifts/20170518v006/xy_exp02.dat
-0.607019 0.105396 1 16.5433636605 8.78424312508 /work/00115/gebhardt/maverick/vdrp/shifts/20170518v006/xy_exp03.dat
0.299493 0.0117481 1 -2.19999019444 0.876505596309 /work/00115/gebhardt/maverick/vdrp/shifts/20170519v002/xy_exp01.dat
0.362713 0.466527 1 -3.27548952388 1.78048869642 /work/00115/gebhardt/maverick/vdrp/shifts/20170519v002/xy_exp02.dat
-0.230702 0.17876 1 -3.77239689703 0.122616215058 /work/00115/gebhardt/maverick/vdrp/shifts/20170519v002/xy_exp03.dat
0.146961 -0.160611 1 17.073874247 -15.3800220009 /work/00115/gebhardt/maverick/vdrp/shifts/20170522v005/xy_exp01.dat
-0.47127 -0.446714 1 15.485551982 -14.6927383249 /work/00115/gebhardt/maverick/vdrp/shifts/20170522v005/xy_exp02.dat
-0.152232 -0.159146 1 15.4105205564 -15.9702694091 /work/00115/gebhardt/maverick/vdrp/shifts/20170522v005/xy_exp03.dat
0.499244 -0.0288138 1 18.6925299615 17.6022738905 /work/00115/gebhardt/maverick/vdrp/shifts/20170525v013/xy_exp01.dat
-0.621018 -0.513046 1 16.3119134084 17.9382404484 /work/00115/gebhardt/maverick/vdrp/shifts/20170525v013/xy_exp02.dat
-0.402527 0.823696 1 16.4377391363 17.7560390571 /work/00115/gebhardt/maverick/vdrp/shifts/20170525v013/xy_exp03.dat
-0.287435 -1.10043 1 14.5163472431 13.672130431 /work/00115/gebhardt/maverick/vdrp/shifts/20170525v014/xy_exp01.dat
-0.00978084 0.064677 1 13.4014470332 15.5491243971 /work/00115/gebhardt/maverick/vdrp/shifts/20170525v014/xy_exp02.dat
-0.136392 0.0775384 1 -0.274169288477 -16.6411674401 /work/00115/gebhardt/maverick/vdrp/shifts/20170527v011/xy_exp01.dat
-0.0570927 0.190674 1 -1.46522031851 -16.042691141 /work/00115/gebhardt/maverick/vdrp/shifts/20170527v011/xy_exp02.dat
0.023904 -0.274771 1 -1.34802748757 -17.5769548704 /work/00115/gebhardt/maverick/vdrp/shifts/20170527v011/xy_exp03.dat
-0.202343 0.092301 1 -6.91914408662 0.116695547025 /work/00115/gebhardt/maverick/vdrp/shifts/20170529v009/xy_exp03.dat
-0.656067 -0.823147 1 -1.18381382755 -0.571180868009 /work/00115/gebhardt/maverick/vdrp/shifts/20170615v009/xy_exp02.dat
-0.511107 -0.709202 1 0.492465195503 -2.04175206731 /work/00115/gebhardt/maverick/vdrp/shifts/20170617v008/xy_exp01.dat
0.0789352 -0.520797 1 -0.372710598489 -1.51559917962 /work/00115/gebhardt/maverick/vdrp/shifts/20170617v008/xy_exp02.dat
0.282901 -0.0596578 1 -0.235128369109 -2.45965276903 /work/00115/gebhardt/maverick/vdrp/shifts/20170617v008/xy_exp03.dat
-0.261348 1.21037 1 -0.0988834901221 24.4147867252 /work/00115/gebhardt/maverick/vdrp/shifts/20170621v007/xy_exp01.dat
0.124876 -0.602399 1 -10.2671036654 -10.8825629906 /work/00115/gebhardt/maverick/vdrp/shifts/20170621v007/xy_exp01.dat
0.070568 0.329383 1 -11.6337414441 -8.8045407949 /work/00115/gebhardt/maverick/vdrp/shifts/20170621v007/xy_exp02.dat
-0.382572 0.31064 1 -1.53207968398 24.6611825061 /work/00115/gebhardt/maverick/vdrp/shifts/20170621v007/xy_exp02.dat
-0.351584 -0.119196 1 -12.174576588 -10.8723286204 /work/00115/gebhardt/maverick/vdrp/shifts/20170621v007/xy_exp03.dat
-0.241537 -0.24763 1 -1.50985275146 22.4837425943 /work/00115/gebhardt/maverick/vdrp/shifts/20170621v007/xy_exp03.dat
0.0885747 -0.187839 1 -5.96239197667 -12.8911580638 /work/00115/gebhardt/maverick/vdrp/shifts/20170621v008/xy_exp01.dat
-0.435112 0.0611535 1 0.273911987919 -2.76224957 /work/00115/gebhardt/maverick/vdrp/shifts/20170621v008/xy_exp01.dat
0.00744649 -0.043757 1 -7.25865068645 -12.0303965045 /work/00115/gebhardt/maverick/vdrp/shifts/20170621v008/xy_exp02.dat
0.247105 -0.454125 1 -7.10554585115 -13.8018579354 /work/00115/gebhardt/maverick/vdrp/shifts/20170621v008/xy_exp03.dat
0.292041 -0.514888 1 -1.21233745467 4.40670384426 /work/00115/gebhardt/maverick/vdrp/shifts/20170625v005/xy_exp01.dat
0.216414 0.1798 1 -2.69952389221 5.93646991237 /work/00115/gebhardt/maverick/vdrp/shifts/20170625v005/xy_exp02.dat
-0.116965 0.0280321 1 -3.09743439267 4.17930065805 /work/00115/gebhardt/maverick/vdrp/shifts/20170625v005/xy_exp03.dat
0.10594 -0.412921 1 9.08049352743 -17.6649038263 /work/00115/gebhardt/maverick/vdrp/shifts/20170627v005/xy_exp02.dat
0.852758 0.367927 1 11.4867160223 16.9222131114 /work/00115/gebhardt/maverick/vdrp/shifts/20170628v005/xy_exp02.dat
-0.116686 0.317751 1 10.5264158712 15.7049768441 /work/00115/gebhardt/maverick/vdrp/shifts/20170628v005/xy_exp03.dat
-0.347071 -0.0344907 1 -6.6060619487 -9.06796350722 /work/00115/gebhardt/maverick/vdrp/shifts/20170629v004/xy_exp01.dat
-1.18905 -1.38991 1 0.231439475735 20.1925629141 /work/00115/gebhardt/maverick/vdrp/shifts/20170629v004/xy_exp03.dat
-0.116734 0.271333 1 -11.9184235435 -10.9160517624 /work/00115/gebhardt/maverick/vdrp/shifts/20170629v005/xy_exp01.dat
-0.0377219 -0.225387 1 -12.867724824 -10.6814536791 /work/00115/gebhardt/maverick/vdrp/shifts/20170629v005/xy_exp02.dat
-0.344281 -0.118688 1 18.8139104285 13.7645712671 /work/00115/gebhardt/maverick/vdrp/shifts/20170629v005/xy_exp03.dat
-0.645917 -0.473781 1 4.38083511735 -10.9770192242 /work/00115/gebhardt/maverick/vdrp/shifts/20170630v008/xy_exp01.dat
-0.54724 0.559437 1 -9.63844994266 -12.6263678461 /work/00115/gebhardt/maverick/vdrp/shifts/20170630v009/xy_exp01.dat
1.34146 -0.932422 1 17.2995964965 -0.744780002956 /work/00115/gebhardt/maverick/vdrp/shifts/20170630v009/xy_exp03.dat
-1.12868 -0.134303 1 -3.69524182631 21.1640550002 /work/00115/gebhardt/maverick/vdrp/shifts/20170701v008/xy_exp01.dat
-1.31357 -1.49421 1 0.0207402427076 -17.5511608776 /work/00115/gebhardt/maverick/vdrp/shifts/20170701v008/xy_exp01.dat
-0.326636 -0.565663 1 -0.28032223653 -15.794169453 /work/00115/gebhardt/maverick/vdrp/shifts/20170701v008/xy_exp02.dat
-0.441455 -0.0529971 1 -4.29564593238 22.0738475189 /work/00115/gebhardt/maverick/vdrp/shifts/20170701v008/xy_exp02.dat
-0.901429 -0.777983 1 -1.04988741036 -17.3534219957 /work/00115/gebhardt/maverick/vdrp/shifts/20170701v008/xy_exp03.dat
-1.11966 -0.67545 1 -5.16872308981 20.1044503648 /work/00115/gebhardt/maverick/vdrp/shifts/20170701v008/xy_exp03.dat
1.10697 0.495964 1 22.8056924904 -6.38156647979 /work/00115/gebhardt/maverick/vdrp/shifts/20170701v009/xy_exp01.dat
0.885398 -0.217914 1 20.9303228777 -6.35599410162 /work/00115/gebhardt/maverick/vdrp/shifts/20170701v009/xy_exp02.dat
0.719814 0.185616 1 20.736903815 -6.98336117261 /work/00115/gebhardt/maverick/vdrp/shifts/20170701v009/xy_exp03.dat
-0.0418317 0.962566 1 11.333988078 17.2972161661 /work/00115/gebhardt/maverick/vdrp/shifts/20170720v002/xy_exp01.dat
0.115331 -0.236899 1 10.0887210575 15.5420809014 /work/00115/gebhardt/maverick/vdrp/shifts/20170720v002/xy_exp03.dat
0.329016 -0.699432 1 16.0751247042 17.6921480998 /work/00115/gebhardt/maverick/vdrp/shifts/20170720v003/xy_exp01.dat
-0.231488 -1.04868 1 14.0856535404 18.2129531067 /work/00115/gebhardt/maverick/vdrp/shifts/20170720v003/xy_exp02.dat
-0.436167 -0.141162 1 13.9905032296 17.5974084207 /work/00115/gebhardt/maverick/vdrp/shifts/20170720v003/xy_exp03.dat
0.534433 -0.128478 1 5.96305985389 4.79813500908 /work/00115/gebhardt/maverick/vdrp/shifts/20171220v015/xy_exp01.dat
0.762858 -0.0606727 1 6.28655771773 5.04275021468 /work/00115/gebhardt/maverick/vdrp/shifts/20171221v016/xy_exp01.dat
0.174764 0.452617 1 4.47496555168 4.93462884167 /work/00115/gebhardt/maverick/vdrp/shifts/20171221v016/xy_exp03.dat
0.123678 0.273855 1 -3.6395751498 3.56030946326 /work/00115/gebhardt/maverick/vdrp/shifts/20180113v013/xy_exp01.dat
1.08669 0.272483 1 -4.02801338318 4.25057007037 /work/00115/gebhardt/maverick/vdrp/shifts/20180113v013/xy_exp02.dat
-0.158972 -0.561122 1 -5.21214092778 1.93649691263 /work/00115/gebhardt/maverick/vdrp/shifts/20180113v013/xy_exp03.dat
1.06509 0.487218 1 4.14415563618 4.31040233349 /work/00115/gebhardt/maverick/vdrp/shifts/20180114v013/xy_exp03.dat
0.00218168 -0.631285 1 5.27940948729 4.5314213156 /work/00115/gebhardt/maverick/vdrp/shifts/20180120v008/xy_exp01.dat
0.598383 0.201465 1 -2.36558689495 -2.07898078859 /work/00115/gebhardt/maverick/vdrp/shifts/20180123v009/xy_exp02.dat
0.468365 -0.131058 1 4.65313246324 5.97879666517 /work/00115/gebhardt/maverick/vdrp/shifts/20180123v009/xy_exp02.dat
-0.109032 -0.408244 1 3.90335247147 4.12037600427 /work/00115/gebhardt/maverick/vdrp/shifts/20180123v009/xy_exp03.dat
-0.335447 0.0310273 1 3.68516672163 4.51665801798 /work/00115/gebhardt/maverick/vdrp/shifts/20180124v010/xy_exp03.dat
0.65229 0.251333 1 4.94033386723 6.43004787272 /work/00115/gebhardt/maverick/vdrp/shifts/20180209v009/xy_exp02.dat
0.196386 0.21709 1 3.97160913073 6.07952881705 /work/00115/gebhardt/maverick/vdrp/shifts/20180210v006/xy_exp02.dat
0.250642 0.376779 1 4.15553525025 4.71614203185 /work/00115/gebhardt/maverick/vdrp/shifts/20180210v006/xy_exp03.dat
0.32298 0.216611 1 -2.55299426683 -3.41402907726 /work/00115/gebhardt/maverick/vdrp/shifts/20180222v020/xy_exp01.dat
0.729338 0.483628 1 6.20098007626 -1.22095778353 /work/00115/gebhardt/maverick/vdrp/shifts/20180222v020/xy_exp01.dat
0.418539 -0.000873869 1 -3.72668384634 -2.82652947987 /work/00115/gebhardt/maverick/vdrp/shifts/20180222v020/xy_exp02.dat
0.373491 -0.0181497 1 4.57590953473 -0.917857623873 /work/00115/gebhardt/maverick/vdrp/shifts/20180222v020/xy_exp02.dat
0.422881 -0.163621 1 4.71239336874 -2.37734626481 /work/00115/gebhardt/maverick/vdrp/shifts/20180222v020/xy_exp03.dat
0.144404 0.00109773 1 -3.91370496118 -4.13866173544 /work/00115/gebhardt/maverick/vdrp/shifts/20180222v020/xy_exp03.dat
