rgetcal0 013 202311 412
rgetcal0 014 202311 411
rgetcal0 015 202311 317
rgetcal0 016 202311 409
rgetcal0 021 202311 315
rgetcal0 022 202311 316
rgetcal0 023 202311 313
rgetcal0 024 202311 410
rgetcal0 025 202311 303
rgetcal0 026 202311 318
rgetcal0 027 202311 314
rgetcal0 028 202311 413
rgetcal0 030 202311 420
rgetcal0 031 202311 408
rgetcal0 032 202311 320
rgetcal0 033 202311 310
rgetcal0 034 202311 305
rgetcal0 035 202311 202
rgetcal0 036 202311 302
rgetcal0 037 202311 306
rgetcal0 038 202311 414
rgetcal0 039 202311 424
rgetcal0 040 202311 419
rgetcal0 041 202311 407
rgetcal0 042 202311 321
rgetcal0 043 202311 323
rgetcal0 044 202311 304
rgetcal0 045 202311 312
rgetcal0 046 202311 309
rgetcal0 047 202311 308
rgetcal0 048 202311 415
rgetcal0 049 202311 425
rgetcal0 050 202311 504
rgetcal0 051 202311 503
rgetcal0 052 202311 301
rgetcal0 053 202311 311
rgetcal0 057 202311 418
rgetcal0 058 202311 416
rgetcal0 059 202311 508
rgetcal0 060 202311 206
rgetcal0 061 202311 427
rgetcal0 062 202311 319
rgetcal0 063 202311 511
rgetcal0 067 202311 025
rgetcal0 068 202311 417
rgetcal0 069 202311 421
rgetcal0 070 202311 502
rgetcal0 071 202311 406
rgetcal0 072 202311 405
rgetcal0 073 202311 404
rgetcal0 074 202311 403
rgetcal0 075 202311 324
rgetcal0 076 202311 325
rgetcal0 077 202311 402
rgetcal0 078 202311 422
rgetcal0 079 202311 401
rgetcal0 080 202311 501
rgetcal0 081 202311 327
rgetcal0 082 202311 326
rgetcal0 083 202311 328
rgetcal0 084 202311 322
rgetcal0 085 202311 307
rgetcal0 086 202311 203
rgetcal0 087 202311 204
rgetcal0 088 202311 329
rgetcal0 089 202311 423
rgetcal0 091 202311 205
rgetcal0 092 202311 330
rgetcal0 093 202311 507
rgetcal0 094 202311 509
rgetcal0 095 202311 426
rgetcal0 096 202311 510
rgetcal0 097 202311 505
rgetcal0 098 202311 027
rgetcal0 103 202311 514
rgetcal0 104 202311 512
rgetcal0 105 202311 513
rgetcal0 106 202311 506
