rgetcal2 013 202311 412
rgetcal2 014 202311 411
rgetcal2 015 202311 317
rgetcal2 016 202311 409
rgetcal2 021 202311 315
rgetcal2 022 202311 316
rgetcal2 023 202311 313
rgetcal2 024 202311 410
rgetcal2 025 202311 303
rgetcal2 026 202311 318
rgetcal2 027 202311 314
rgetcal2 028 202311 413
rgetcal2 030 202311 420
rgetcal2 031 202311 408
rgetcal2 032 202311 320
rgetcal2 033 202311 310
rgetcal2 034 202311 305
rgetcal2 035 202311 202
rgetcal2 036 202311 302
rgetcal2 037 202311 306
rgetcal2 038 202311 414
rgetcal2 039 202311 424
rgetcal2 040 202311 419
rgetcal2 041 202311 407
rgetcal2 042 202311 321
rgetcal2 043 202311 323
rgetcal2 044 202311 304
rgetcal2 045 202311 312
rgetcal2 046 202311 309
rgetcal2 047 202311 308
rgetcal2 048 202311 415
rgetcal2 049 202311 425
rgetcal2 050 202311 504
rgetcal2 051 202311 503
rgetcal2 052 202311 301
rgetcal2 053 202311 311
rgetcal2 057 202311 418
rgetcal2 058 202311 416
rgetcal2 059 202311 508
rgetcal2 060 202311 206
rgetcal2 061 202311 427
rgetcal2 062 202311 319
rgetcal2 063 202311 511
rgetcal2 067 202311 025
rgetcal2 068 202311 417
rgetcal2 069 202311 421
rgetcal2 070 202311 502
rgetcal2 071 202311 406
rgetcal2 072 202311 405
rgetcal2 073 202311 404
rgetcal2 074 202311 403
rgetcal2 075 202311 324
rgetcal2 076 202311 325
rgetcal2 077 202311 402
rgetcal2 078 202311 422
rgetcal2 079 202311 401
rgetcal2 080 202311 501
rgetcal2 081 202311 327
rgetcal2 082 202311 326
rgetcal2 083 202311 328
rgetcal2 084 202311 322
rgetcal2 085 202311 307
rgetcal2 086 202311 203
rgetcal2 087 202311 204
rgetcal2 088 202311 329
rgetcal2 089 202311 423
rgetcal2 091 202311 205
rgetcal2 092 202311 330
rgetcal2 093 202311 507
rgetcal2 094 202311 509
rgetcal2 095 202311 426
rgetcal2 096 202311 510
rgetcal2 097 202311 505
rgetcal2 098 202311 027
rgetcal2 103 202311 514
rgetcal2 104 202311 512
rgetcal2 105 202311 513
rgetcal2 106 202311 506
