20170103 002                                   ;  ;
20170103 003                                   ;  ;
20170105 008  1.60 1.36 1.73  1.61 1.73 1.67   ;  ;
20170105 009  1.63 1.85 2.66  1.85 1.62 2.07   ;  ;
20170105 010                                   ;  ;
20170105 011                                   ;  ;
20170106 001                                   ;  ;
20170106 002                                   ;  ;
20170106 003                                   ;  ;
20170107 012  1.62 1.79       1.79 1.85        ;  ;
20170107 013  1.84 2.01 1.79  2.01 1.79 1.59   ;  ;
20170117 004                                   ;  ;
20170119 003                                   ;  ;
20170124 013  1.95 1.65 1.32  1.65 1.32 1.66  reject: no guiding 1st half 1st dither;  ;
20170126 002  0.85                            IHMP;  ;
20170126 003                                  dither 1; dither 2; dither 2
20170127 007  0.80 0.77 0.82  0.77 0.79 0.85   ;  ;
20170127 008  0.68 0.73 0.76  0.79 0.83 0.81   ;  ;
20170129 002  1.26 1.08 0.93  1.04 0.96 0.90   ;  ;
20170129 003                            1.25   ;  ;
20170129 008                                   ;  ;
20170130 021  1.30 0.98 0.87  0.98 0.84 0.83   ;  ;
20170130 022  0.84 0.96 0.90  0.94 0.94 0.91   ;  ;
20170130 023  0.87 1.04 0.95  1.00 0.90 1.12   ;  ;
20170130 024  0.97                             ;  ;
20170130 027                                   ;  ;
20170131 032  1.57 1.53 1.68  1.53 1.53 1.43   ;  ;
20170131 033  1.91 1.44       1.44             ;  ;
20170131 034                                   ;  ;
20170131 035                                   ;  ;
20170131 037                                   ;  ;
20170131 038                                   ;  ;
20170202 002  1.16 1.26 1.16  1.35 1.16 0.98   ;  ;
20170202 003  0.98 1.02 1.56  0.94 1.56 1.03   ;  ;
20170202 006                                   ;  ;
20170202 007                                   ;  ;
20170202 008                                   ;  ;
20170205 012  0.83 0.78 0.74  0.78 0.72 0.71  be aware that tonight new version of instruments SW in use. Check data;  ;
20170221 010  1.58 1.59 1.80  1.59 1.80 2.14   ;  ;
20170221 012  1.28 1.37 1.39  1.37 1.39 1.57   ;  ;
20170221 013  1.49 1.55 1.45  1.55 1.45 1.43   ;  ;
20170221 014  1.22 1.29 1.34  1.29 1.34 1.17   ;  ;
20170221 015  1.27 1.54 1.29  1.54 1.29 1.32   ;  ;
20170221 016  1.48 1.37 1.21  1.37 1.21 1.35  idx 4059 had no shuffle xy's;  ;
20170222 007  1.16 0.93 1.22  0.93 1.22 0.95   ;  ;
20170222 008  1.37 1.32 1.06  1.32 1.06 1.41   ;  ;
20170222 010  1.10 1.46 1.09  1.46 1.09 1.92   ;  ;
20170222 011  1.33 1.04 1.13  1.04 1.13 0.95   ;  ;
20170222 012  1.33 1.23 1.32  1.23 1.32 1.56   ;  ;
20170224 005  0.79 0.95 0.95  0.84 0.90 0.68   ;  ;
20170224 006  0.79 0.72 0.68       0.68 0.75   ;  ;
20170224 007  0.90 0.87 0.87  0.75 0.91 0.86   ;  ;
20170225 007  1.30 1.17 1.27  1.26 1.24 1.28   ;  ;
20170225 014  1.33 1.28 1.15  1.19 1.13 1.46   ;  ;
20170225 015  1.15 1.32 1.22  1.32 1.06 1.10   ;  ;
20170225 016  1.17 1.05 1.14  1.14 1.14 1.27   ;  ;
20170301 006                                   ;  ;
20170301 007                                   ;  ;
20170301 008                                   ;  ;
20170301 009                                   ;  ;
20170301 010                                   ;  ;
20170301 012                                   ;  ;
20170301 013                                   ;  ;
20170301 014                                   ;  ;
20170301 015                                   ;  ;
20170301 016                                   ;  ; need restack thus out of sci time
20170303 012                            1.38   ;  ;
20170303 014  0.73 0.91 0.83  0.80 0.92 0.89   ;  ;
20170305 009                                   ;  ;
20170305 011                                   ;  ;
20170306 018  1.50 1.23 1.02  1.08 0.96 0.99  wrong dither technique;  ;
20170306 020  1.38 1.44 1.23  1.44 1.35 1.07   ;  ;
20170306 021  1.25 1.02 1.24  1.02 1.04 1.06   ;  ;
20170306 022  1.39 1.79 1.35  1.79 1.47 1.30   ;  ;
20170321 012  0.82 0.85 0.83  0.91 0.83 0.94   ;  ;
20170322 010  0.86 0.84 0.78  0.84 0.72 0.91   ;  ;
20170322 011  0.84 0.89 0.83  0.90 0.78 0.81   ;  ;
20170322 014  0.75 0.78 0.90  0.78 1.11 0.84   ;  ;
20170322 015  0.83 1.05 0.92  1.05 0.98 0.92   ;  ;
20170322 016  1.25 0.97 0.97  1.48 0.99 1.03   ;  ;
20170322 018  0.79 0.75 0.81  0.79 0.81 0.81   ;  ;
20170322 019  0.92 0.78 0.78  0.80 0.74 0.86   ;  ;
20170325 005  1.71 1.89 1.89  1.65 1.65 1.65   ;  ;
20170326 006  0.91                             ;  ;
20170326 007       1.09 1.24  1.14 1.15 1.61   ;  ;
20170326 008  1.56 1.45 1.88  1.19 1.88 1.91   ;  ;
20170326 010  1.29 1.25 1.09  1.13 1.09 1.18   ;  ;
20170326 012            0.78                   ;  ;
20170326 013                  0.98             ;  ;
20170327 011  1.08 0.87 0.89  0.87 0.88 1.08   ;  ;
20170327 012  0.92                             ;  ;
20170328 010  0.93 1.12 1.22  1.21 1.23 1.20   ;  ;
20170328 011  1.38 1.19 1.71  1.19 1.86 1.55   ;  ;
20170328 018  0.57 0.53 0.70  0.57 0.72 0.71   ;  ;
20170328 019  0.61 0.62 0.70  0.66 0.70 0.70   ;  ;
20170330 006  1.10      0.94       0.88 0.96   ;  ;
20170331 006  1.00 1.25 1.28  1.00 1.02 1.30   ;  ;
20170331 007  1.28 1.04 1.10  1.10 1.33 1.07   ;  ;
20170331 008  1.04 1.03 1.28  1.03 1.15 1.04   ;  ;
20170331 013  0.98                             ;  ;
20170418 003  1.01 1.16 0.87  0.92 0.87 0.98   ;  ;
20170418 004  1.20 1.03 0.93  1.05 0.93 0.93   ;  ;
20170418 005  0.94 1.00 1.08  0.92 1.03 1.21   ;  ;
20170418 006  1.17 1.11 1.04  1.11 1.04 1.06   ;  ;
20170418 013  1.09 1.06 1.05  1.12 1.14 1.01   ;  ;
20170419 006  0.64 0.61 0.71  0.61 0.79 0.76   ;  ;
20170420 016  0.71 0.63 0.71  0.70 0.68 0.74   ;  ;
20170420 017  0.85 0.80 0.70  0.84 0.70 0.75   ;  ;
20170421 016  1.27 1.20 1.21  1.22 1.37 1.37  I should have used hetdex-dither not vlexp; I should have used hetdex-dither not vlexp; I should have used hetdex-dither not vlexp
20170421 017  1.31 1.28 1.35  1.29 1.34 1.32   ;  ;
20170423 008  1.44 1.22 2.01  1.83 2.08 1.67   ;  ;
20170423 009  1.52 1.72 1.99  1.42 1.77 1.64   ;  ;
20170423 013                                   ;  ;
20170423 014                                   ;  ;
20170423 015                                   ;  ;
20170423 016                                   ;  ;
20170424 007                                   ;  ;
20170424 008                                   ;  ;
20170424 009  1.18 1.60                        ;  ;
20170424 010       1.39 1.12  1.34      1.36   ;  ;
20170425 003                                  dither set cut short by dust; dither set cut short by dust; exposure cut short by closure due to dust
20170427 003  0.85 0.86 0.82  0.86 0.88 0.95   ;  ;
20170427 004  0.79 0.88 0.80  0.71 0.84 0.78   ;  ;
20170427 005  0.88 0.97 1.03  0.97 1.25 1.02   ;  ;
20170427 006  1.10 0.96 1.29  1.08 1.18 1.01  hit end of track;  ;
20170427 013  1.03 1.39 1.53  1.15 1.53 1.10   ;  ;
20170427 014  1.20 1.14 1.32  1.39 1.06 1.22   ;  ;
20170427 015  0.91 1.27 1.23  1.39 1.48 1.35   ;  ;
20170428 005                                   ;  ;
20170428 006            1.11                   ;  ;
20170428 007       0.95       0.95             ;  ;
20170428 019  0.97 0.97 1.04  0.85 0.89 1.01  thin clouds;  ;
20170428 020  1.03 1.01 1.02  1.01 1.04 1.13   ;  ;
20170501 009  1.10 1.00       0.93 0.95 1.09   ;  ;
20170501 011                                   ;  ;
20170501 012                                   ;  ;
20170502 009  0.79 0.91 0.80  0.85 0.79 0.75   ;  ;
20170502 010  0.87 0.78 0.77  0.74 0.73 0.70   ;  ;
20170502 011  0.72 0.69       0.69 0.75 0.92   ;  ;
20170502 012                                   ;  ;
20170503 007  0.82 0.85 0.80  0.85 0.80 0.92   ;  ;
20170503 008  0.75 0.86 0.99  0.77 0.99 0.90   ;  ;
20170503 009                            0.71   ;  ;
20170503 010  0.91            0.94             ;  ;
20170518 006  1.04 0.60 0.62  0.62 0.62 0.61   ;  ;
20170519 002  0.84 0.87 0.76  0.95 0.87 0.89   ;  ;
20170519 008       1.75 1.78       1.93 1.71   ;  ;
20170522 004  1.52 1.31 1.01  1.31 1.18 0.97   ;  ;
20170522 005  0.97 1.27 1.53  1.65 1.73 1.32   ;  ;
20170523 008            1.30            1.27   ;  ;
20170525 013  1.01 0.89 0.95  0.85 0.92 0.92   ;  ;
20170525 014  1.01 1.15 1.11  1.15 1.15        ;  ;
20170527 011  1.04 1.88 1.92  1.88 1.92 1.87   ;  ;
20170529 007  1.18 1.18 1.96  1.27 1.69        ;  ;
20170529 008       1.82 1.87  1.82 1.77 1.84   ;  ;
20170529 009  1.67 1.76 1.84  1.67 1.84 2.30   ;  ;
20170530 006                                   ;  ;
20170615 009  1.31 1.10 1.08  1.10 1.10 1.28  moon up; moon up; moon up
20170617 008  0.78 0.74 0.68  0.74 0.71 0.73   ;  ;
20170617 009  0.66                      0.85   ;  ;
20170621 007       0.92 0.95       0.91 0.91   ;  ;
20170621 008  1.05 1.04 1.00  1.04 0.98 1.01   ;  ;
20170625 005  0.99 1.04 0.91  0.96 0.91 1.06   ;  ;
20170625 006  1.06 1.10 1.13  0.99 1.13 1.30   ;  ;
20170626 003                                  extended exp for clouds; extended exp for clouds; extended exp for clouds
20170627 005  0.91 0.88 0.91  0.82 0.99 1.04   ;  ;
20170628 005  1.76 1.29 1.13  1.29 1.03 1.25   ;  ;
20170628 006  1.56 1.71 1.26  1.56 1.26 1.64   ;  ;
20170629 004  1.10 0.89 1.04  1.07 1.13 1.15   ;  ;
20170629 005  1.12 1.26 1.06  1.26 1.28 2.43   ;  ;
20170630 008  1.11 1.27 1.04  1.20 1.04 0.94   ;  ;
20170630 009  0.95 1.09 0.99  1.05 0.97 1.08   ;  ;
20170701 008                                  sky was to bright; sky was to bright; sky was to bright
20170701 009                                  sky was to bright; sky was to bright; sky was to bright
20170720 002                                  increased exposure for thin clouds and early in the track.; increased exposure for thin clouds and early in the track; increased exposure for thin clouds and early in the track
20170720 003                                  clouds in 2nd and 3rd exposures; clouds at the end of this exposure; fairly thick clouds at end of this exposure
20170820 006                                   ;  ;
20170830 014                                   ;  ;
20170920 007  0.79                 0.68 0.69  clouds;  ;
20170920 008  0.92 0.84 1.05  0.80 1.16 1.12   ;  ;
20170920 009  1.19 1.10 0.88  1.02 1.02 0.86   ;  ;
20170920 010  0.84 1.08       1.08             ;  ;
20170920 012  1.78 1.39 1.19  1.43 1.19 1.22   ;  ;
20170921 018  1.23 0.98 0.94  1.27 1.05 1.16  vlexp; vlexp; vlexp
20170921 020  1.17 1.16 1.31  1.35 1.37 1.34  hetdex-dither , only using 1 guider; hetdex-dither, only using 1 guider; hetdex-dither, only using 1 guider
20170921 021  1.22 1.36 1.12  1.26 1.07 1.63  vlexp, compensate=false; vlexp, compensate=false; vlexp, compensate=false
20170921 022  1.09 1.26 1.25  1.21 1.27 1.32  vlexp, compensate=false;  ; vlexp, compensate=false
20170921 025  1.19 1.11 1.05  1.12 1.20 1.15   ;  ;
20170921 026  1.02                             ;  ;
20170921 029  0.86 0.94 1.17  1.35 2.32 1.13   ; variable seeing;
20170922 021  1.25 1.42 0.82  1.07 0.92 0.98   ;  ;
20170922 022  0.98 0.88 0.99  0.98 0.99 1.23   ;  ;
20170922 023  1.38 1.11 1.01  1.39 1.01 0.94   ;  ;
20170922 025  1.02      1.02  1.11 1.02 1.00  double guiding; double guiding; double guiding
20170922 026  1.00 1.01 0.85  0.89 0.95 0.98   ;  ;
20170922 027  0.99 0.92 0.97  1.00 0.97 1.02   ;  ;
20170922 028  1.14 0.97 0.96  0.97 0.90 1.18  double guiding; double guiding; double guiding
20170922 030  0.80 0.90 0.93  0.77 1.07 0.84   ;  ;
20170922 031  0.96 0.86 0.91  0.89 0.99 1.12   ;  ;
20170923 014  1.18 1.17 1.13  1.04 1.18 1.44   ;  ;
20170923 015  1.17 1.02 1.00  1.02 1.21 0.93   ;  ;
20170923 016  0.85 0.94 1.04  0.94 1.13 0.82   ;  ;
20170923 017  0.93 1.12 1.35  1.40 1.45 1.79   ;  ;
20170923 018  1.49 1.25       1.33      1.36   ;  ;
20170923 019  1.58 1.34 0.99  1.17 0.99 1.14   ;  ;
20170923 020  1.21 1.10 1.04  1.17 1.08 0.93   ;  ;
20170923 021  1.02 0.98 0.85  0.90 0.93 1.08   ;  ;
20170923 022  1.23 1.02 1.13  1.08 1.02 1.18   ;  ;
20170923 023  1.24 1.08 1.10  1.20 1.12 1.09  late in the track; late in the track; late in the track
20171012 014  0.61 0.59 0.56  0.58 0.68 0.68   ;  ;
20171012 015  0.54 0.77 0.86  0.83 0.86 0.69   ;  ;
20171012 016  0.72 0.93       0.93             ;  ;
20171012 017                                   ;  ;
20171013 012  1.11 0.76 0.92  1.09 0.83 0.97   ;  ;
20171013 014  0.79 0.98 0.69  0.99 0.69 0.83   ;  ;
20171013 015  0.88 1.01 0.85  1.18 1.03 0.81   ;  ;
20171013 016  0.91 0.87 0.84  0.89 0.84 1.04   ;  ;
20171013 018  0.86 1.14 1.33  1.11 1.16 1.08   ;  ;
20171014 004  0.70 1.03 1.06  1.03 1.06 0.72   ;  ;
20171014 005  0.78 0.67 0.67  0.73 0.67 0.75  tcs problem getting track to start;  ;
20171014 006  0.72 0.73 0.89  0.67 0.95 0.73   ;  ;
20171014 007  0.84 0.79 0.83  0.76 0.87 0.84  track ended early; track ended early?; track ended early
20171014 008  1.08 0.85 0.97  0.85 0.98 0.97   ;  ;
20171015 004  0.70 0.67 0.85  0.71 0.84 1.02   ;  ;
20171015 005       0.79 0.84  0.74 0.77 1.33   ;  ;
20171015 006  0.89 0.87 0.86  0.83 0.92 0.89   ;  ;
20171015 007  0.87 0.69 0.59  0.69 0.58 0.66  heavy clouds move in on disther3; heavy clouds on dither 3; clouds move in quickly
20171016 108       1.85 1.88  1.85 1.71 1.70   ;  ;
20171016 110  1.70 1.67 1.40  1.65 1.40 1.34   ;  ;
20171016 111  1.27 1.23 1.85  1.26 2.23 1.21   ;  ;
20171016 114  1.42            1.36            bad readout in dither 3; bad readout in dither 3; bad readout in dither 3
20171016 115                                   ;  ;
20171016 116                                   ;  ;
20171017 003  1.33 1.23 0.99  1.23 0.96 1.16   ;  ;
20171017 004  0.98 0.95 1.18  0.92 1.12 1.05   ;  ;
20171017 005  0.89 1.03 1.48  1.03 1.42 1.19   ;  ;
20171017 006  1.07 0.93 0.96  0.98 0.96 0.79   ;  ;
20171017 007  1.21 1.01 0.91  1.01 0.97 0.90   ;  ;
20171017 008                                   ;  ;
20171017 009       1.23 1.03  1.23 0.99 1.15   ;  ;
20171017 010  0.96 0.94 1.05  0.93 1.31 0.96   ;  ;
20171018 010  1.95 1.70 1.43  1.70 1.64 1.99   ;  ;
20171018 011  1.59 1.49 1.01  1.43 1.05 1.18   ;  ;
20171018 012  1.23            1.11             ;  ;
20171018 013            1.10       1.24 1.35   ;  ;
20171018 014  0.94 1.03 1.13  1.09 1.06 1.08   ;  ;
20171018 015  0.87 0.94 1.10  1.40 1.10 1.00   ;  ;
20171018 016  1.13 1.67 1.22  1.35 1.04 1.44   ;  ;
20171018 017  1.17 1.08 1.14  0.96 1.10 0.96   ;  ;
20171018 018  1.07 1.37 1.14  1.10 1.14 0.88   ;  ;
20171019 003            1.40       1.32 1.40   ;  ;
20171019 009  2.14 1.86 1.62  1.72 1.54 1.60  thin cloud cover;  ;
20171019 010  2.19 1.68 1.52  1.44 1.52 1.33   ;  ;
20171019 011  1.45 1.04 0.96  1.04 0.96 0.90   ;  ;
20171020 003  1.09 1.08 1.10  1.27 1.03        ;  ;
20171021 008  1.70 1.59 1.65  1.48 2.11 1.62   ;  ;
20171021 009  1.12 1.65 1.37  1.31 1.45 1.26   ;  ;
20171021 010  1.10 1.27 0.90  1.40 0.94 0.95   ;  ;
20171022 008  1.30 1.18 1.18  1.31 1.18 1.41  got pushed late by preceding problem;  ;
20171022 009  1.41 1.46 1.41  1.36 1.37 1.35   ;  ;
20171022 016  1.81 1.71 1.78  1.70 1.80 1.64   ;  ;
20171023 012  0.93 0.91 1.02  1.00 1.18 0.93   ;  ;
20171023 013  1.00 0.71 0.81  0.86 0.75 0.80   ;  ;
20171023 014  0.77 0.70       0.70 0.63        ;  ;
20171023 015  0.99 0.92 0.93  0.92 0.83 0.81   ;  ;
20171023 016  0.87 0.98 0.97  0.89 1.11 1.07   ;  ;
20171023 017  0.79 0.82 0.80  0.86 0.80 1.11   ;  ;
20171023 018  0.99 1.05 1.19  1.03 0.97 0.89   ;  ;
20171023 019  0.88 0.87 1.02  0.92 0.89 1.07   ;  ;
20171023 020  0.84 1.03 0.85  0.96 0.91 0.99   ;  ;
20171023 021  0.92 1.01 1.01  0.94 1.04 0.90   ;  ;
20171024 007  0.98 1.22 1.12  1.22 1.11 1.07   ;  ;
20171024 008  0.95 1.52 1.71  1.69 1.47 1.70   ;  ;
20171024 009       1.20 1.31  1.40 1.15 1.43   ;  ;
20171024 010  1.61 1.99 1.46  1.80 1.71 2.17   ;  ;
20171025 007  2.04 1.72 1.18  1.82 1.26 1.42   ;  ;
20171025 008  1.44 1.19 1.42  1.19 1.25 1.08   ;  ;
20171025 009  1.45 1.27 1.62  1.27 1.35 1.70  field moved away; possible I bobbled; the wf sensing
20171025 010  1.45 1.36 1.42  1.46 1.31 2.04   ;  ;
20171025 011            1.48       1.52 1.35   ;  ;
20171025 012  1.34 0.93 0.97  0.93 0.95 1.02   ;  ;
20171025 013  0.90 0.95 1.27  0.97 1.12 0.92   ;  ;
20171025 014  0.89 1.11 1.52  1.00 1.32 1.83   ;  ;
20171025 015  1.54 1.21 1.22  1.34 1.30 1.37   ;  ;
20171025 016  1.30 1.53 1.35  1.46 1.42 1.36   ;  ;
20171026 010  1.88 1.80 1.78  1.84 1.78 1.94  no parallel - lrs2 server down;  ;
20171026 011  1.73 1.58 1.52  1.91 1.52 1.63   ;  ;
20171026 012  1.65 1.60 1.31  1.70 1.31 1.60   ;  ;
20171026 013  1.65 1.52 1.84  1.52 1.79 1.78   ;  ;
20171026 014  1.88 1.74 2.34  1.78 1.77 1.57   ;  ;
20171026 015  1.68 1.96 2.00  1.78 1.84 1.96   ;  ;
20171026 016  1.98 2.05 2.06  1.61 1.83 1.80   ;  ;
20171027 010  2.09 3.82 3.07  2.60 3.39 3.23  highly variable seeing more then requirements;  ;
20171028 012  0.86 0.81 0.90  0.88 0.90 0.91   ;  ;
20171028 013  0.98 1.00 0.94  0.99 0.90 0.90   ;  ;
20171029 022            1.09       1.09 0.92  wrong intrument configuration;  ;
20171110 003                                  run with iexp;  ;
20171110 004            1.21       1.60 1.35   ;  ;
20171112 010  0.64 0.70 0.68  0.66 0.57 0.71   ;  ;
20171112 011  0.58 0.64 0.61  0.72 0.60 0.53   ;  ;
20171112 012  0.61 0.71 0.71  0.71 0.64 0.68   ;  ;
20171112 013                                   ;  ;
20171112 014                                   ;  ;
20171114 010  1.14 1.10 1.02  1.23 1.02 1.08   ;  ;
20171115 010  1.08 1.10 1.56  1.10 1.12 1.09   ;  ;
20171115 012  1.24 1.22 1.37  1.39 1.19 1.34   ;  ;
20171115 013  1.29 1.16 1.37  1.16 1.37 1.22   ;  ;
20171115 014  1.10 1.16 1.15  1.31 1.14 1.17   ;  ;
20171115 015  1.20 1.10 1.08  1.16 0.94 1.11   ;  ;
20171115 016  1.16 1.04 1.25  0.97 0.97 0.99   ;  ;
20171115 017  1.09 0.99 1.06  0.98 0.99 1.08   ;  ;
20171115 018  1.04 1.10 1.08  0.99 1.05 1.03   ;  ;
20171117 009  0.75 0.81 0.91  0.84 0.77 0.95   ;  ;
20171117 010  0.95 1.02 0.91  1.02 0.94 0.89   ;  ;
20171117 011  0.83 0.82 0.85  0.83 0.87 0.97   ;  ;
20171117 012  0.75                             ;  ;
20171117 013  0.77 0.72 0.66  0.72 0.60 0.80   ;  ;
20171118 003  1.03 1.03 1.04  0.99 1.08 0.90   ;  ;
20171118 008  0.89 0.71 0.73  0.73 0.72 0.79   ;  ;
20171119 002  1.80 1.62 1.87  1.88 1.89 2.37   ;  ;
20171119 003  1.72 1.99 1.47  1.86 1.60 1.65   ;  ;
20171119 004                                   ;  ;
20171119 005       1.49 1.23       1.24 2.25   ;  ;
20171119 006  1.70 2.48 2.08  2.33 2.08 1.62   ;  ; severe M1 degradation near end of this observation
20171120 003  0.99 0.95 0.85  0.84 0.85 1.06   ;  ; could not locate wfs spots on this field
20171120 004  1.15 1.56 1.10  1.56 1.32 1.33   ;  ;
20171120 005  1.00 1.54 1.36  1.46 1.29 1.42   ;  ;
20171120 006  0.96 0.85 1.10  0.86 0.87 1.02   ;  ;
20171120 007  1.55 1.54 1.70  1.86 1.57 1.79   ;  ;
20171120 008  1.73 1.55 1.47  1.55 1.69 1.40   ;  ;
20171120 009  1.05 1.12 1.14  1.33 1.12 0.99   ;  ;
20171120 010  1.11 1.51 1.18  1.51 1.20 1.13   ;  ;
20171121 003  1.09 1.18 1.01  1.41 1.03 1.11   ;  ;
20171121 004  1.29 1.16 1.41  1.29 1.60 1.53   ;  ;
20171121 005  1.21 1.39 1.48  1.25 1.29 1.57   ;  ;
20171121 006  1.51 1.29 1.38  1.27 1.66 1.38   ;  ;
20171121 007                                   ;  ;
20171121 008                                   ;  ;
20171123 003                                  moon up. sky brightness filter unchecked in htopx :(;  ;
20171123 008  0.86 0.89 0.88  0.87 0.84 0.86  virus down. only 7 units operational;  ;
20171124 010  0.45 0.45 0.58  0.39 0.58 0.53   ;  ;
20171124 011  0.46 0.53 0.56  0.56 0.54 0.50   ;  ;
20171124 012  0.58 0.60 0.64  0.57 0.66 0.55   ;  ;
20171211 002                                  will virus crash?;  ;
20171211 003                                   ;  ;
20171213 002                                   ;  ;
20171213 004                                   ;  ;
20171213 010  1.39 1.38 1.38  1.34 1.15 1.30   ;  ;
20171213 011  1.17 1.08 1.03  1.09 1.08 1.13   ;  ;
20171213 012  1.22 1.32 1.09  1.07 0.99 1.22   ;  ;
20171213 013  0.95 1.03 0.93  1.09 0.88 1.14   ;  ;
20171214 002  1.03 0.94 0.84  0.94 0.83 0.92   ;  ;
20171214 003  1.03 1.01 0.88  0.97 0.91 1.03   ;  ;
20171214 004  0.84 0.89 0.88  0.77 0.89 0.90   ;  ;
20171214 005  0.78 0.85 0.84  0.94 0.82 0.83   ;  ;
20171214 006  0.91 0.99 1.05  1.02 0.96 1.06   ;  ;
20171216 008  0.85 1.19 1.23  1.04 1.14 1.01   ;  ;
20171216 009  1.25 1.63 1.62  1.63 1.35 1.51   ;  ;
20171216 010  1.04 1.15 1.24  1.14 1.06 1.25   ;  ;
20171216 011  1.35 1.13 1.28  1.32 1.21 1.00   ;  ;
20171218 008  0.96 1.22 1.11  1.06 1.09 1.18   ;  ;
20171218 009  1.29 1.15 1.06  1.36 1.00 1.05   ;  ;
20171218 010  1.16 1.25 1.25  1.25 1.39 1.43   ;  ;
20171220 008  1.19 1.26 1.38  1.23 1.54 1.14  extended exp because poor seeing, late in the track, just at the end of twilight;  ;
20171220 009  1.41 1.14 1.14  1.16 1.20 1.20  increased exp because a little early in track; increased exp because a little early in track; increased exp because a little early in track
20171220 010  1.30 1.40 1.52  1.40 1.30 1.62   ;  ;
20171220 011  1.34 1.03 0.92  1.35 1.10 1.02  increased exp because late in the track; increased exp because late in the track; increased exp because late in the track
20171220 015  1.55 1.32 4.08  1.88 1.36 3.24  seeing worse than constraint in later dithers; seeing went way up at end of the exposure; seeing far worse than constraint
20171221 003  2.31 2.37 2.70  2.36 2.11 2.69  seeing worse than constraint, increased exposure times.; increased exp, seeing worse than constraint; seeing worse than constraint, increased exposure times.
20171221 004  3.43 2.99 2.37  2.38 2.40 2.46  increased exposure due to poor seeing; increased exposure due to poor seeing; increased exp because bad seeing
20171221 016  1.95 1.70 1.61  2.05 2.08 2.39  extended exposure because of poor seeing; extended exposure because of poor seeing; extended exposure because of poor seeing
20171222 013                                  bias only;  ;
20171225 015  1.21 1.19 1.32  1.20 1.37 1.24   ;  ;
20171228 019  0.80 0.84 0.69  0.70 0.70 0.74   ;  ;
20180104 007  1.41 1.06 1.13  1.03 1.16 1.26   ;  ;
20180104 008  1.22 1.43 1.36  1.31 1.34 1.25   ;  ;
20180106 004  1.24 1.21 1.38  1.21 1.32 1.37   ;  ;
20180106 005  1.36 1.56 1.54  1.38 1.17 1.70   ;  ;
20180107 002  2.05 1.38 1.19  1.41 1.74 1.43   ;  ;
20180107 003  1.52 1.45 1.64  1.32 1.48 1.47   ;  ;
20180110 007  0.72 0.82 0.90  0.64 0.70 0.81  increased exp for intermitant thin clouds, a little before twilight.; now after twilight but still thin clouds; increased exp for thin intermitant clouds
20180110 008  0.81 0.92 0.89  0.89 0.82 1.02   ;  ;
20180110 009  0.87 1.09 1.00  0.85 1.02 0.87  extended exposure because late in the track; increased exposure because late in the track; increased exposure because late in the track
20180110 021  1.97 1.75 2.44  2.48 2.06 2.45  seeing a bit worse than constraint; seeing a bit worse than constraint; moon rise,   seeing a bit worse than constraint
20180112 007  0.79                             ;  ;
20180112 009  1.10 1.18 0.96  1.12 1.03 1.19   ;  ;
20180112 010  1.09 1.09 1.41  0.97 1.21 0.91   ;  ;
20180112 011  1.48 1.24 0.94  1.12 1.05 1.00   ;  ;
20180112 012  1.01 0.90 0.84  0.76 0.77 1.03   ;  ;
20180113 006  0.99 1.09 1.21  1.08 1.30 1.31   ;  ;
20180113 011  1.49 1.23 1.18  1.24 1.06 0.94   ;  ;
20180113 012  1.02 1.21 1.07  1.11 1.08 1.17   ;  ;
20180113 013  1.05 0.95 1.09  1.04 0.97 1.10   ;  ;
20180113 014  1.19 1.26 1.06  1.09 1.06 1.00   ;  ;
20180113 015       1.30 1.31  1.00 1.41 1.18   ;  ;
20180114 012                                   ;  ;
20180114 013                                   ;  ;
20180114 014  1.86 1.59 1.74  1.94 1.41 1.40   ;  ;
20180115 010  1.45 1.33 1.42  1.13 1.42 1.37   ;  ;
20180115 011  1.30 1.23 1.26  1.37 1.64 1.31   ;  ;
20180115 012  1.06 1.00 0.95  1.06 1.14 1.02   ;  ;
20180119 016  0.91 1.26 1.68  1.52 1.36 2.72   ;  ;
20180119 017  1.93 1.43 1.38  3.20 1.74 2.28  seeing variable during exp; seeing variable;
20180120 008  1.33 1.64 1.73  1.49 1.84 1.86   ;  ;
20180120 009  1.94 1.81 1.60  1.61 1.82 1.59   ;  ;
20180123 008  0.93 0.89 0.89  0.89 0.92 0.91   ;  ;
20180123 009  0.82 0.81 0.68  0.85 0.77 0.75   ;  ;
20180123 010  0.95 0.89 0.93  0.89 0.88 0.93   ;  ;
20180124 010  1.02 1.00 1.02  1.08 0.90 0.99   ;  ;
20180124 011  0.99 0.91 0.89  0.81 0.87 0.84   ;  ;
20180207 007  0.69 0.71 0.79  0.73 0.80 0.90   ;  ;
20180207 008  0.78      0.98       0.74 0.82  clouds; heavy clouds; clouds
20180208 010  0.88 0.92 1.04  1.05 1.14 0.98   ;  ;
20180208 011  1.03 0.95 0.83  1.00 0.86 0.88   ;  ;
20180208 012  0.84 0.93 0.95  0.89 0.72 0.91   ;  ;
20180208 013  0.85 0.83 0.88  0.95 0.91 0.83   ;  ;
20180208 014  0.72 0.88 0.97  0.79 0.85 0.91   ;  ;
20180209 008  1.30 1.43 1.40  1.40 1.60 1.50   ;  ;
20180209 009  1.38 1.11 1.16  1.19 1.18 1.41   ;  ;
20180209 010  1.34 1.67 1.44  1.44 1.14 1.57   ;  ;
20180209 011  1.42 1.45 1.34  1.39 1.32 1.52   ;  ;
20180209 012  1.43 1.42 1.74  1.43 1.56 1.67   ;  ;
20180209 013  1.55 1.65 1.43  1.60 1.41 1.40   ;  ;
20180209 014  1.41 1.44 1.58  1.33 1.42 1.39   ;  ;
20180210 006  1.24 1.12 1.21  1.16 1.27 1.14   ;  ;
20180210 007  1.15 1.37 1.20  1.37 1.21 1.38   ;  ;
20180210 008  1.28 1.19 1.35  1.24 1.37 1.24   ;  ;
20180210 009  1.18 1.27 1.26  1.41 1.26 1.17  command line typo;  ; hit end of track
20180210 010  1.65 1.50 1.44  1.36 1.25 1.37   ;  ;
20180210 011  1.36 1.27 1.84  1.44 1.36 1.33   ;  ;
20180210 012  1.15 1.07 1.15  1.13 1.28 1.14   ;  ;
20180210 013  1.26 1.47 1.34  1.10 1.23 1.26   ;  ;
20180210 014  1.34 1.42 1.59  1.40 1.44 1.33   ;  ;
20180211 013  0.68 0.67 0.77  0.80 0.77 0.77   ;  ;
20180211 015  0.83 0.94 0.77  0.75 0.79 1.04  thin clouds;  ;
20180211 016  0.76 0.79 0.73  0.74 0.90 0.81   ;  ;
20180211 017  0.87 0.99 0.97  0.94 0.99        ;  ;
20180211 018            0.82       1.02 0.93   ;  ;
20180211 019  1.01 0.85 0.92  1.04 0.88 1.18   ;  ; clouds at the end of exp
20180211 020  1.16 1.21 1.12  1.25 1.11 1.05   ;  ;
20180211 021  1.17 1.07 0.94  1.08 1.03 4.90   ;  ; clouds. big temperature drop
20180212 008  0.94 1.00 1.20  1.15 1.24 1.06   ;  ;
20180212 009  1.08 1.10 1.15  1.19 0.96 0.82   ;  ;
20180212 010  0.92 0.97 0.96  0.93 0.99 0.89   ;  ;
20180212 011  1.32 0.74 1.73  0.81 1.15 1.40   ;  ;
20180212 012  0.78 0.95 1.23  1.27 1.16 1.45   ;  ;
20180212 013                                   ;  ;
20180212 014                                   ;  ;
20180213 008  2.28 1.87 2.11  2.16 2.22 1.71  seeing degraded after start;  ;
20180213 011  1.45 1.41 1.58  1.46 1.86 1.65   ;  ;
20180213 012                                   ;  ;
20180213 013                                   ;  ;
20180213 015  1.30 1.10 1.71  1.21 1.31 1.22  pfip shutter error;  ;
20180213 016  1.16 1.08 1.16  1.52      1.14   ;  ;
20180213 017  0.98 0.93 0.85  0.98 1.01 0.82   ;  ;
20180213 020  0.91 0.89 0.80  0.97             ;  ;
20180214 008  0.91 0.85       1.05            heavy clouds move in after first dither;  ;
20180214 009  0.91 0.73 0.57  0.95 0.65 0.70   ;  ;
20180214 010  0.70 0.71 0.63  0.62 0.61 0.59   ;  ;
20180214 011                                   ;  ;
20180214 012                                  heavy clouds on last frame, lost guiding;  ;
20180215 004  1.21 1.11 1.11  1.58 1.11 1.34   ;  ;
20180215 005  1.28 1.22 1.40  1.22 1.25 1.12   ;  ;
20180215 006  1.05 1.10 0.94  0.94 0.80 1.01   ;  ;
20180215 007  1.23 1.28 0.99  1.19 1.10 1.21   ;  ;
20180215 008  1.39 1.13 1.13  1.04 0.93 1.00   ;  ;
20180215 009  1.00 0.85 0.87  0.91 0.90 0.95   ;  ;
20180215 010  0.67 0.70 0.76  0.70 0.76 0.75   ;  ;
20180215 011  0.96 0.95 1.16  1.00 1.01 1.05   ;  ;
20180215 012  0.85 0.99 0.65  0.87 0.83 0.95   ;  ;
20180215 013  0.75 0.88 0.94  0.75 0.79 0.91   ;  ;
20180215 014  0.92 1.05 1.05  1.08 0.97 0.91   ;  ;
20180215 015  1.01 1.05       0.88      1.09   ;  ;
20180215 016                                  cirrus;  ;
20180216 009                                   ;  ;
20180216 010                                   ;  ;
20180216 011                                   ;  ;
20180216 012                                   ;  ;
20180216 013                                   ;  ;
20180219 010  0.79 1.02 1.09  0.80 0.93 1.04   ;  ;
20180219 011  1.09 1.35       1.39             ;  ;
20180219 013  1.87 1.44 1.59  1.59 2.07 1.74   ;  ;
20180220 009       0.97 0.84       1.20 0.95   ; clouds;
20180220 010  1.04 0.92 0.98  0.94 0.91 0.95   ;  ;
20180220 013  1.08 1.05 1.03  1.36 1.07 1.14   ;  ;
20180220 014  1.04 1.08 1.10  1.00 0.85 0.95   ;  ;
20180220 015  0.80 1.19 1.24  1.51 1.31 1.60   ;  ;
20180220 016  1.28 0.93 0.84  1.12 0.84 1.18   ;  ;
20180221 006  1.35 1.83 1.24  1.80 1.53 1.45   ;  ;
20180221 008  1.81 1.63 1.25  1.67 1.34 1.34   ;  ;
20180221 009  0.99 0.92 2.85  0.97 2.85 1.52  temperature drops - seeing got worth;  ;
20180221 010  0.89 0.90 0.92  0.90 0.92 0.79   ;  ;
20180221 011  0.96 0.99 1.11  0.99 1.09 0.92   ;  ;
20180221 012  1.03 1.82 1.43  2.01 1.60 1.51   ;  ;
20180221 013  1.06 1.11 1.25  1.43 1.36 1.40   ;  ;
20180221 014  1.00 1.07 1.15  1.07 1.15 1.06   ;  ;
20180222 011                                   ;  ;
20180222 012                                   ;  ;
20180222 013                                   ;  ;
20180222 014                                   ;  ;
20180222 015  1.31      1.11  1.31      1.23   ;  ;
20180222 016  1.50 1.37 1.16  1.37 1.16 0.89   ;  ;
20180222 017  1.06 0.73 0.77  0.88 0.80 0.83   ;  ;
20180222 018  0.67      1.19  0.93 1.19 1.28   ;  ;
20180222 019  1.40            1.29             ;  ;
20180222 020       1.25 1.27  1.16 1.52 1.03   ;  ;
20180223 010  1.20 1.19 1.11  1.20 1.04 1.16   ;  ;
20180223 011  1.21 1.16 1.16  1.24 1.30 1.39   ;  ;
20180223 012  1.77 1.21 1.38  1.14 1.10 1.17  thin clouds; thin clouds; thin clouds
20180223 013  1.03 0.72 0.98  0.81 0.88 0.58  ext exp for thin clouds; ext exp for thin clouds; ext exp for thin clouds
20180223 014  0.63 0.78 0.78  0.92 0.76 0.82  ext exp for thin clouds; ext exp for thin clouds; ext exp for thin clouds
20180223 015  0.70 0.58 0.87  0.60 0.76 1.09  ext exp for thin clouds; ext exp for thin clouds; ext exp for thin clouds
20180223 016  1.32 1.11 1.15  1.25 0.98 1.12  ext exp for thin clouds; extended exposure but little evidene of clouds; extended exposure but little evidene of clouds
20180223 017  0.87 1.05 1.00  1.06 1.08 0.93   ;  ; into twilight slightly
20180224 003  1.15 0.95 1.07  0.95 0.97 1.00   ;  ;
20180224 004  1.09 1.22 1.16  1.12 1.05 1.17   ;  ;
20180224 005  1.15 0.96 1.11  1.10 1.12 1.07   ;  ;
20180224 006  1.23 0.90 1.00  0.90 1.00       OCD selected field in the last minutes of track; OCD slected field in the last minutes of the track; OCD selected field in the last minutes of the track
20180224 007       0.87       0.87             ;  ;
20180224 008  0.97 1.09 0.93       0.99 0.88   ;  ;
20180224 009  1.03 1.01 1.00  1.10 0.90 0.89   ;  ;
20180224 010  0.90 1.01 0.98  0.94 0.88 0.99   ;  ;
20180307 002  1.73 1.68 1.45  1.84 1.51 1.34   ;  ;
20180307 003  1.65 1.31 1.42  1.53 1.40 1.09   ;  ;
20180307 004  1.23 1.10 1.48  1.29 1.24 1.08   ;  ;
20180307 006  1.84 1.36 2.16  1.57 2.36 2.04   ;  ;
20180308 002  0.95 0.87 0.80                   ;  ;
20180309 001  0.85 0.80 0.74                   ;  ;
20180309 002  0.80 1.61 1.29                   ;  ;
20180309 003                                   ;  ;
20180309 004                                   ;  ;
20180309 007       2.48 2.34       2.26 2.39  seeing to bad; seeing to bad; seeing to bad
20180309 012  1.36 1.40 1.22  1.38 1.31 1.37  moon rise in last exp; moon rise in last exp; moon rise and thin clouds
20180310 002  1.04 1.10 1.00  1.08 1.13 1.21  Stuck Units; Stuck Units; Stuck Units
20180310 006  1.15 0.98 1.06  1.08 1.01 0.91   ;  ;
20180310 007  0.95 1.11 1.02  1.04 1.13 1.08  Repeating Frame; Repeating Frame; Repeating Frame
20180311 007            0.93            0.87   ;  ;
20180311 008  0.79 0.75 0.99  0.66 0.73 0.92   ;  ;
20180311 009  0.80 1.05 0.72  1.08 0.81 0.86   ;  ;
20180311 010  0.99 0.95 0.92  0.95 0.93 0.88   ;  ;
20180312 006  1.54 1.46 1.49  1.83 1.68 1.49   ;  ;
20180312 007  1.33 1.91 1.60  1.80 1.32 2.21  seeing variable; seeing variable; seeing variable
20180312 008  1.44 1.42 1.50  1.67 1.34 1.53   ;  ;
20180312 009  1.62 1.66 2.10  1.60 1.64 1.93  seeing variable; seeing variable; seeing variable
20180312 010  1.63 1.72 1.45  1.83 1.65 1.80  Thin clouds; Thin clouds; Thin clouds
20180312 014                                  thin clouds; thin clouds; moon rise in last exposure
20180313 007                                   ;  ;
20180313 008            1.52       1.52        ;  ;
20180313 009  1.86 2.47 1.60  1.84 2.73 1.38   ;  ;
20180313 010  1.94 1.36 1.74  1.15 1.64 1.49   ;  ;
20180313 011  1.41 1.01 0.90  1.00 1.08 1.50   ;  ;
20180313 012  1.34 1.16 1.92  1.36 2.25 1.47   ;  ;
20180313 013  1.33 1.49 1.31  1.34 1.27 2.09   ;  ;
20180313 014  1.27 0.86 0.99  0.82 1.06 0.82   ;  ;
20180313 015  0.84 0.95 1.04  1.15 0.95 0.82  half of array is REPEAT;  ;
20180313 016  0.62 1.26 1.24  1.25 1.02 1.20  half of array is REPEAT;  ;
20180313 017  1.09 1.02 1.31  1.05 1.19 1.16  half of array is REPEAT;  ;
20180316 007  1.00 0.92 1.09  0.96 1.10 1.02   ;  ;
20180316 008  0.94 0.91 0.71  0.89 0.73 0.83   ;  ;
20180316 009  0.78 0.58 0.80  0.66 0.69 0.70   ;  ;
20180316 010  0.75 0.79 0.70  0.70 0.67 0.75   ;  ;
20180316 011  0.72 0.90 0.91       1.12 0.90   ;  ;
20180316 012  1.20 1.12 0.96  0.99 1.07 1.26   ;  ;
20180316 013  1.11 0.98 0.86  1.17 0.98 0.91   ;  ;
20180316 015  1.43 1.78 1.70  1.11 1.30 1.17  hw problem; hw problem; hw problem
20180316 016  1.67 1.67 1.53  1.43 1.39 1.26  hw problem; hw problem; hw problem
20180317 007  0.83 0.74 0.78  0.82 0.77 0.81   ;  ;
20180317 008  0.93 0.74 0.77  0.81 0.82 0.85   ;  ;
20180317 009  1.06 0.90 0.82  0.84 0.97 0.93   ;  ;
20180317 010  0.90 0.73 0.90  0.73 1.01        ;  ;
20180317 011                                   ;  ;
20180317 012                                  repeat values; repeat values; repeat values
20180319 012  2.08 1.89 1.99  2.63 3.03 1.90   ;  ;
20180319 013  1.22 1.52 2.52  1.56 2.13 1.70   ;  ;
20180319 014  1.41 2.02 1.69  1.49 1.48 1.39   ;  ;
20180319 015  1.79 1.88 1.40  1.65 1.65 2.09   ;  ;
20180320 008  1.58 1.98 2.01  1.60 1.84 1.76   ;  ;
20180320 009                                  lost VIRUS side 2;  ;
20180320 013                                   ;  ;
20180320 014       1.17 1.01  1.06 0.99 1.08   ;  ;
20180320 015  1.45 1.20 0.94  1.16 0.91 1.17   ;  ;
20180321 009  1.08 0.92 0.92  1.02 0.85 0.74  both VIRUS side are operational;  ;
20180321 010  0.78 0.78 0.62  0.80 0.65 0.67   ;  ;
20180321 011  0.80 0.75       0.73             ;  ;
20180321 012       0.84 1.12  0.92 1.02 0.90   ;  ;
20180321 013                                   ;  ;
20180321 014            1.18       1.18 1.86   ;  ;
20180321 015  1.09 1.03 0.85  1.08 0.95 0.96   ;  ;
20180321 020  1.09 1.04 1.07  1.12 0.93 1.13   ;  ;
20180321 021  1.23 1.17 1.32  1.13 1.38 1.41   ;  ;
20180321 022  1.42 1.17 1.23  1.28 1.12 1.37   ;  ;
20180321 023  1.32 1.31 1.67  1.40 1.46 1.16   ;  ;
20180321 024  1.05 1.03 0.96  1.14 0.80 0.99   ;  ;
20180321 025  1.16 1.33 1.01  1.33 0.99 1.02   ;  ;
20180321 026  1.14 1.23 1.30  1.38 1.18 1.10   ;  ;
20180407 002  0.91 0.84 1.09  0.79 0.87       clouds;  ;
20180408 002  1.21 0.91 1.00  1.02 1.00 0.95   ;  ;
20180408 003  1.31 1.45 0.97  1.41 1.04 0.93   ;  ;
20180408 004  0.94 1.19 1.13  1.05 1.24 1.29   ;  ;
20180408 005  1.61 1.15 1.36  1.13 1.40 1.29   ;  ;
20180408 006  1.32 1.38 1.77  1.37 1.60        ;  ;
20180408 012  1.46 1.48 1.70  1.26 1.40 1.43   ;  ;
20180408 013  1.81 1.84 1.20  1.15 1.15 1.19   ;  ;
20180408 014  1.34 0.95 1.36  1.01 1.21 1.22   ;  ;
20180408 015  1.11 1.14 1.23  1.18 1.22 1.30   ;  ;
20180408 016  1.40 1.41 1.54  1.31 1.46 1.32   ;  ;
20180409 004  0.74 0.73 0.78  0.72 0.73 0.78   ;  ;
20180409 005  0.76 0.73 0.76  0.90 0.89 1.01   ;  ;
20180409 006  0.87 0.89 0.89  0.86 0.84 0.96   ;  ;
20180409 008  0.79 1.11 0.94  0.98 0.96 0.98   ;  ;
20180409 009  0.91 0.93 0.77  0.93 0.72 0.86   ;  ;
20180409 010       0.87       0.87 0.99 0.86   ;  ;
20180409 011       0.91 0.87       0.82 0.85   ;  ;
20180409 012  0.89 0.87 0.84  0.82 0.85 0.97   ;  ;
20180409 018  1.54 1.82 1.54  1.59 1.63 1.47   ;  ;
20180410 004                                  thin clouds; thin clouds; thin clouds
20180410 005                                  thin clouds; thin clouds; thin clouds
20180410 006                                  clouds; clouds; clouds
20180410 012                                   ;  ;
20180411 003  0.86 0.92 1.17  0.97 1.15 0.92   ;  ;
20180411 004  0.98 1.17 1.14  1.04 1.39 1.20   ;  ;
20180411 005  1.18 1.46 1.45  1.46 1.44 1.61   ;  ;
20180411 006  1.58 1.41 1.54  1.41 1.44 1.55   ;  ;
20180411 007  1.44 1.68 1.53  1.51 1.63 1.44  Had trouble with GROC correction before this setup.;  ;
20180411 008  1.21 1.44 2.20  1.44 1.35 1.68   ;  ;
20180411 009  1.33 1.56 1.23  1.35 1.47        ;  ;
20180411 010       1.31       1.37 1.40       thin clouds; thin clouds; thin clouds
20180411 011  1.52 1.49 1.27  1.99 1.55 1.54  moved to the West to avoid clouds;  ;
20180411 012  1.77 1.66 1.22  1.64 1.29 1.18   ;  ;
20180411 013  1.43 1.14 1.32  1.43 1.31 1.43   ;  ;
20180411 014  1.66 1.32 1.60  1.13 1.78 1.36   ;  ;
20180411 015  1.26 1.13 1.48  1.40 1.16 1.99   ;  ;
20180411 016  1.72 1.86 1.76  1.52 1.57 1.79   ;  ;
20180411 017  1.94 1.64 1.68  1.83 2.05 1.90  variable seeing and thin clouds; variable seeing and thin clouds;
20180411 018  1.88 2.43 1.82  1.70 1.98 2.29  thin clouds and variable seeing;  ; variable seeing and thin clouds
20180412 007  0.75 0.78 0.79  0.89 0.81 0.68   ;  ;
20180412 008  0.77 0.79 0.72  0.85 0.72 0.83   ;  ;
20180412 010  0.84 0.77 0.89  0.86 1.01 0.82   ;  ;
20180412 011                                   ;  ;
20180412 012       1.10 1.48       1.70 1.48   ;  ;
20180412 013  1.08 0.92 1.00  1.25 1.02 0.99   ;  ;
20180412 014  0.85 0.88 0.94  0.92 0.91 1.14   ;  ;
20180412 015  1.11 1.20 1.18  1.20 1.18 1.21  Thin clouds last two dither positions; Thin clouds last two dither positions; Thin clouds last two dither positions
20180412 016  1.12 1.31 1.03  1.37 1.17 1.08  exp incr. clouds; exp incr. for first in set then clouds cleared; exp incr for first in set but then clouds quickly cleared.
20180412 018  1.29 1.21 1.21  1.24 1.18 1.07   ;  ;
20180412 019  1.33 1.43 1.63  1.58 1.48 1.25   ;  ;
20180412 020  1.23 1.35 1.28  1.43 1.26 1.02   ;  ;
20180412 021  1.03 1.14 1.03  1.07 1.27 1.30   ;  ;
20180412 022  1.10 0.95 1.04  1.06 0.86 1.11  Thin clouds; Thin clouds; Thin clouds
20180412 023  1.00 0.98 1.21  1.14 0.96       clouds; clouds; clouds
20180413 006  0.66 0.82 0.73  0.72 0.64 0.64  Late start due to software issue; Late start due to software issue; Late to start due to software issue
20180413 007  0.77 0.87 0.80  0.89 0.80 0.92   ;  ;
20180414 005  1.20 1.08 1.46  1.18 1.42 1.72   ;  ;
20180414 006  1.21 1.37 1.16  1.33 1.30 1.29  exp incr due to thin clouds; exp incr due to thin clouds; exp incr thin clouds
20180414 007  1.09 1.08 1.36  1.12 1.20 1.13  thin clouds; thin clouds; Thin Clouds
20180414 008  1.16 1.25 1.21  1.25 1.21 1.11   ;  ;
20180414 009  1.45 1.15 1.09  1.16 1.11 1.03   ;  ;
20180414 010  1.09 1.00 0.98  1.11 1.06 1.16   ;  ;
20180414 011  1.10 1.10 1.15  1.25 1.18 1.18   ;  ;
20180414 012  1.15 1.04 1.14  0.98 1.01 1.16   ;  ;
20180414 013  1.06 1.33 1.10  1.34 1.10 1.04   ;  ;
20180415 008  1.44 1.38 1.23  1.24 1.43 0.98   ;  ;
20180415 009  0.99 1.13 1.53  1.14 1.19 1.25   ;  ;
20180415 010  1.37 1.21 1.06  1.12 1.04 1.02   ;  ;
20180415 011  1.29 1.29 1.90  1.69 1.93 2.45   ;  ;
20180415 012  2.33 2.31 2.13  1.92 1.93 1.45   ;  ;
20180415 013  1.82 1.69 1.74  1.86 1.59 1.97   ;  ;
20180415 016  1.25 1.25 1.33  1.26 1.47 1.39   ;  ;
20180415 017  1.32 1.28 1.13  1.34 1.24 1.28   ;  ;
20180415 018  1.40 1.14 1.25  1.14 1.10 1.15   ;  ;
20180415 019  1.21 1.03 1.05  1.01 1.16 1.46   ;  ;
20180415 020  1.09 1.16 1.30  1.28 1.32 1.22   ;  ;
20180415 021  1.11 1.10 1.05  1.06 1.02 1.08   ;  ;
20180415 022  1.04 1.00 0.92  1.04 0.92 0.97   ;  ;
20180416 007  1.34 1.68 1.30  1.54 1.55 1.35   ;  ;
20180416 008  1.35 1.29 1.13  1.29 1.18 1.26   ;  ;
20180416 009  1.42 1.60 1.41  1.45 1.35 1.32   ;  ;
20180416 010  1.28            1.12      1.15   ;  ;
20180416 011  1.08 1.16 0.88  1.12 0.85 0.84   ;  ;
20180416 012  1.18 1.07 1.14  0.97 1.00 1.32   ;  ;
20180416 014  0.97 1.06 1.05  1.22 1.38 1.18   ;  ;
20180416 015  1.08 1.04 1.27  1.29 1.27 1.30   ;  ;
20180416 017  1.32 1.03 1.63  1.05 1.59 1.34   ;  ;
20180416 019  1.33 1.70 1.58  1.41 1.14 1.09   ;  ;
20180416 020  1.23 1.09 1.21  1.46 1.24 1.11   ;  ;
20180416 022  1.10 1.40 1.31  1.15 1.07 1.31   ;  ;
20180416 023  1.20 1.29 1.43  1.35 1.39 1.26   ;  ;
20180416 024  1.21 1.30 1.29  1.25 1.02 1.33   ;  ;
20180416 025  1.09 1.31 1.52  1.46 1.31 1.49   ;  ;
20180416 026  1.61 1.66 1.43  1.83 1.95 1.60   ;  ;
20180416 027  1.73 1.76 1.84  2.27 1.81 1.84   ;  ;
20180417 010  1.30 1.34       1.26 1.42        ;  ;
20180417 015  1.01 1.15 1.04  1.15 0.99 1.17   ;  ;
20180417 017  1.19 1.45 1.91  1.32 1.85 1.68   ;  ;
20180417 018  1.88 1.75 1.37  1.87 1.32 1.25   ;  ;
20180417 019  1.13 1.29 1.48  1.20 1.55 1.63   ;  ;
20180417 020  2.03 1.77 2.08  1.85 2.08 2.33  bad seeing; bad seeing;
20180418 007  0.84 0.99 0.91  0.84 0.96 0.84   ;  ;
20180418 008  0.78 0.75       0.71 0.75        ;  ;
20180418 009            0.96       0.92 0.98   ;  ;
20180418 010  0.88 1.06 1.06  0.96 1.00 1.14   ;  ;
20180418 011  0.97 0.90 1.02  0.96 0.93 1.07   ;  ;
20180418 012  0.87            0.97 0.98 1.04   ;  ;
20180418 013  0.93 0.96 0.92  0.96 0.92 1.04   ;  ;
20180418 014  0.89 0.90 0.83  0.95             ;  ;
20180418 015                  0.99            non optimal in track OCD selection; non optimal in track OCD selection;
20180419 008                                   ;  ;
20180419 009                                   ;  ;
20180419 010                                   ;  ;
20180420 006                                   ;  ;
20180420 007                                   ;  ;
20180420 008                                   ;  ;
20180420 009                                   ;  ;
20180420 010                                   ;  ;
20180420 011                                   ;  ;
20180420 012                                   ;  ;
20180421 007                                   ; TO reporst guide star fading;
20180421 008       1.31 1.49       1.37 1.23   ;  ;
20180421 009  1.24 1.15 1.28  1.09 1.13 1.29  guider not turned on; guider turned on only during this exp; guider turned on only during 2nd exp
20180421 010  1.51 1.30 1.33  1.15 1.29 1.21   ;  ;
20180421 011  1.45 1.63 1.48  1.81 1.37 1.59   ;  ;
20180421 012  1.84 1.46 1.19  1.50 1.62 1.40   ;  ;
20180421 013  1.39 1.48 1.63  1.31 1.34 1.68   ;  ;
20180421 014  1.58 1.46 1.31  1.64 1.65 1.17   ;  ;
20180423 012       1.26 2.07       2.35 2.21   ;  ;
20180423 014  1.51 1.17 1.27  1.18 1.21 1.28  Thin Clouds; Thin Clouds; Thin Clouds
20180423 015  1.71 1.20 1.13  1.17 1.19 1.14   ;  ;
20180423 016  1.12 1.50 2.24  1.23 2.25 1.79  seeing variable; seeing variable; seeing variable
20180423 017  1.42 1.19 1.85  1.35 1.62 1.07  18 degree midway through set; 18 degree midway through set; 18 degree midway through set
20180424 019  0.75 0.79 0.90  0.76 0.76 0.85   ;  ;
20180424 020  0.91 0.95 0.84  0.91 0.85 0.90   ;  ;
20180424 021  0.79 0.85 0.94  0.92 0.81 0.90   ;  ;
20180424 022  1.16 0.92 0.95  1.02 1.15 1.05   ;  ;
20180505 007  1.66 1.14       1.21 1.14        ;  ;
20180505 008                                   ;  ;
20180505 009                                   ;  ;
20180505 010                                   ;  ;
20180506 009  1.22 0.90 0.98  0.97 1.01 0.89   ;  ;
20180506 010                            0.94   ;  ;
20180506 011  0.85 0.91 0.94  0.90 1.04 0.90   ;  ;
20180506 012  0.95 1.07 1.16  0.87 1.09 1.12   ;  ;
20180507 008  1.30 1.30 1.38  1.13 1.33 1.08   ;  ;
20180507 009  1.11 1.32 1.12  1.35 1.20 1.44   ;  ;
20180507 010  1.36 1.10 1.28  1.09 1.14 1.29   ;  ;
20180507 011  1.31 1.32 1.43  1.34 1.37 1.33   ;  ;
20180507 012  1.43 1.30 1.62  1.55 1.51 1.26   ;  ;
20180507 013            1.06  1.49 1.11 1.17   ;  ;
20180507 014  1.30 1.00 1.19  1.01 1.09 1.11   ;  ;
20180507 015  0.97 1.02 0.94  1.03 0.99 0.99   ;  ;
20180508 007  1.12 1.05 1.02  1.16 1.07 1.13   ;  ;
20180508 008  1.18 1.13 1.10  1.05 1.08 1.20   ;  ;
20180508 009  1.06 1.08 1.15  1.09 1.04 1.17   ;  ;
20180508 010  1.00 0.94 1.26  1.11 1.16       Thick Clouds,  OCD hasnt stopped us yet.; Thick Clouds, OCD has not stopped us yet; Thick clouds, OCD did not schedule shot after this observation
20180508 015  1.05 1.05 1.13  1.03 1.08 1.13  Patchy thin clouds; Patchy thin clouds; Patchy Thin Clouds
20180508 016  1.41 1.24 1.09  1.13 1.17 1.07   ;  ;
20180509 007  1.37 1.04 1.11  1.12 1.22 1.25   ;  ;
20180509 008  1.34 1.42 1.46  1.26 1.57 1.11   ;  ;
20180509 009  1.25 1.11 0.88  1.14 0.90 1.18   ;  ;
20180509 010  1.15 1.09 1.37  1.16 1.12 1.14   ;  ;
20180510 004  1.11 1.04 1.04  1.12 0.97 0.94   ;  ;
20180510 007  1.08 1.05 0.99  0.96 0.94 1.08  exp incr by OCD, thin clouds; exp incr by OCD, thin clouds; exp incr by OCD, thin clouds
20180510 009  1.22 1.09 1.08  1.20 1.10 1.10  exp incr by OCD; exp incr by OCD; exp incr by OCD
20180510 010            1.40            1.35   ;  ;
20180510 015  1.31 1.57 1.52  1.66 1.50 2.48  seeing degrade; seeing degrade; seeing degrade
20180510 016  1.48 2.35 2.48  2.40 1.75 2.09  seeing too bad; seeing too bad; seeing too bad
20180511 009  1.07 1.41 1.03  1.03 1.22 1.11   ;  ;
20180511 010  1.02 1.14 1.22  1.00 0.97 1.09   ;  ;
20180511 011  1.07 0.99 1.18  1.09 1.24 1.33   ;  ;
20180511 014  1.32                             ;  ;
20180511 015  1.19 1.41 1.09  1.53 1.38 1.45  incorrect handling of OCD stop for manual observation;  ;
20180511 022  0.94 1.07 1.18  0.96 1.47 1.01   ;  ;
20180511 023  1.09 1.27 1.19  1.37 1.13 1.58   ;  ;
20180511 024  1.49 1.58 1.59  1.19 1.27 1.49   ;  ;
20180511 025  1.57 1.02 0.94  1.16 0.94 0.90   ;  ;
20180511 026  1.03 0.88 0.89  0.90 0.84 1.19   ;  ;
20180511 027  1.45 1.81 1.65  1.89 1.85 1.67   ;  ;
20180512 009  2.30 1.98 1.26  1.92 1.45 1.38   ;  ;
20180512 010  1.56 1.01 1.16  1.09 1.30 1.43   ;  ;
20180512 011  1.14 1.15 1.08  1.03 0.99 0.97   ;  ;
20180513 007  0.93 0.96 0.92  0.99 0.92 0.98   ;  ;
20180513 008  0.90 0.93 0.75  0.82 0.79 0.81   ;  ;
20180513 009  0.82 0.78 1.01  0.81 1.01 0.88   ;  ;
20180513 010  0.86 0.95 0.93  0.87 0.84 0.83   ;  ;
20180513 011  0.83 0.88 1.01  0.96 1.01 0.92   ;  ;
20180513 012  0.90 0.99 1.00  1.06 1.04 1.02   ;  ;
20180513 013  1.04 1.04 0.97  1.11 0.91 1.05   ;  ;
20180513 014  1.08 1.09 1.11  1.06 1.02 1.00   ;  ;
20180514 002  1.00 1.01       1.13            clouds;  ;
20180514 011  1.41 1.20 1.28  1.50 1.63 1.24   ;  ;
20180514 012  1.09 1.24 1.09  1.28 1.11 1.10   ;  ;
20180514 013  1.04 1.35 0.97  1.17 1.07 1.24   ;  ;
20180514 014  1.07 1.20 1.20  1.25 1.03 1.55   ;  ;
20180515 005  1.57 1.37 1.36  1.34 1.18 1.34   ;  ;
20180515 006  1.46 1.16 1.05  1.40 1.10 1.32   ;  ;
20180515 007  1.63 1.22 1.41  1.62 1.35 1.77   ;  ;
20180515 009  1.05 0.95 1.02  0.97 0.87 1.24   ;  ;
20180515 010  1.31 1.32 1.41  1.63 1.40 1.34   ;  ;
20180515 011  1.30 1.22 1.32  1.25 1.22 1.24   ;  ;
20180515 012  1.20 1.53 1.41  1.39 1.57 1.17   ;  ;
20180515 013  1.33 1.71 1.34  1.49 1.34 1.49   ;  ;
20180515 014  1.44 1.32 1.29  1.37 1.25 2.01   ;  ;
20180515 015  1.84 1.36 1.25  1.33 1.32 1.37   ;  ;
20180515 016  1.49 1.54 1.62  1.20 1.22 1.56   ;  ;
20180515 017  1.73 1.91 1.51  1.83 1.25 1.03   ;  ;
20180515 018  1.00 1.17 2.09  1.13 1.14 1.02  near end of track, but OCD did not extend; near end of track, but OCD did not extend; near end of track, vut OCD did not extend
20180515 019  0.82 1.19 1.44  1.04 1.57 1.75  increased exp for very late in track by OCD; increased exp for late in track by OCD; OCD extended exp because very late in track
20180516 009  1.29 1.12 1.23  1.06 1.07 1.09   ;  ;
20180516 010  1.00 1.00 1.25  1.00 1.12 1.25   ;  ;
20180516 011  1.52 1.12 1.00  1.10 0.91 0.96   ;  ;
20180516 012  1.11 1.30 1.20  1.09 1.50 1.29   ;  ;
20180516 016  1.18 1.13 0.82  1.11 0.96 1.09   ;  ;
20180516 017  1.10 1.11 0.84  0.99 0.88 0.90   ;  ;
20180516 018  1.05 1.08 1.03  1.01 1.02 0.99   ;  ;
20180516 019  0.87 0.98 0.81  0.88 0.96 1.17  problem with setup.  No guide stars had to pick another catalog.;  ;
20180516 020  0.95 0.89 0.82  0.89 0.88 0.89   ;  ;
20180516 021  0.87 0.78 0.97  0.74 0.94 0.85   ;  ;
20180516 022  0.90 0.85 0.77  0.81 0.85 0.77   ;  ;
20180516 023  0.84 0.78 0.73  0.75 0.75 0.95   ;  ;
20180517 005  1.08 0.97 0.91  0.78 0.83 0.81   ;  ;
20180517 006  0.88 0.78 0.86  0.87 0.87 0.91   ;  ;
20180517 007  0.93 1.00 1.04  1.00 1.04 0.85   ;  ;
20180517 008  0.99 1.17 1.16  1.02 1.12 1.18   ;  ;
20180517 009  1.22 1.23 1.20  1.25 1.39 1.06   ;  ;
20180517 010  1.26 1.60       1.69 1.66 1.72  poor seeing, OCD did not extend; poor seeing, OCD did not extend; poor seeing OCD did not extend
20180517 011  1.58 1.28 1.73  1.33 1.57 1.34   ;  ;
20180517 012  1.47 1.12 1.37  1.15 1.53 1.25   ;  ;
20180517 013  1.30 1.50 1.30  1.37 1.16 1.13   ;  ;
20180517 014  1.05 1.17 1.07  1.16 1.33 1.07   ;  ;
20180517 015  1.12 1.00 1.20  1.38 1.30 1.18  tracker fault; tracker fault; tracker fault
20180517 017  1.12 1.09 0.93  1.09 1.02 0.95   ;  ;
20180517 018  0.92 1.00 1.03  1.21 1.11 1.02   ;  ;
20180517 019  0.97 0.78 0.77  0.78 0.84 0.88   ;  ;
20180517 020  1.09 0.85 0.81  0.91 0.98 0.72   ;  ;
20180517 021  0.78 0.86 0.89  0.86 0.99 0.86   ;  ;
20180518 008            0.79       0.89 0.99   ;  ;
20180518 009  1.04 1.06 1.21  1.14 1.03 1.42  seeing degraded; seeing degraded; seeing degraded
20180518 010  1.32 1.26 1.19  1.20 1.15 1.20  OCD inc exp; exp incr by OCD; exp incr by OCD
20180518 011  1.06 1.06 1.10  1.27 0.97 1.07  exp incr by OCD; exp incr by OCD; exp incr by OCD
20180518 012  1.27 1.47 1.28  1.69 1.30 1.29   ;  ;
20180518 013  1.12 1.22 1.25  1.23 1.10 1.38   ;  ;
20180518 014  1.52 1.28 1.14  1.37 1.01 1.51  exp incr by OCD; exp incr by OCD; exp incr by OCD
20180518 016  1.31 1.01 1.14  1.01 1.07 0.86   ;  ;
20180518 019  1.52 1.14 1.43  1.14 0.94 0.98   ;  ;
20180519 007  2.10 1.02 0.88  1.11 0.81 0.88  Problem with focus on first exp; Problem with focus on first exp; Problem with focus on first exp
20180519 008  0.92 1.00 1.20  0.91 1.00 1.08   ;  ;
20180519 009  1.20 0.88 1.18  0.90 0.96 1.00   ;  ;
20180519 010  0.99 1.03 1.00  1.03 1.22 0.94   ;  ;
20180519 011  1.05 0.96 0.97  0.97 1.07 1.01   ;  ;
20180519 012  1.12 1.16 1.00  1.17 0.94 1.15   ;  ;
20180519 013  1.12 1.16 1.08  1.03 1.13 1.28   ;  ;
20180519 014  1.18 1.15 1.05  1.06 0.94 0.99   ;  ;
20180519 015  0.90 0.92 1.03  0.95 1.13 1.12   ;  ;
20180519 016  1.01 0.93 1.30  1.18 1.04 0.97  Closed mid exp for smoke; Closed mid exp for smoke; Closed mid exp for smoke
20180520 008  0.94 0.85 0.82  0.84 0.81 0.81   ;  ;
20180520 009  0.75 0.82 0.84  0.86 0.92 0.85   ;  ;
20180520 010  0.79 0.88 0.91  0.83 0.99 0.89   ;  ;
20180520 011  0.70 0.92 1.04  0.94 1.03 1.02   ;  ;
20180520 012  0.97 0.96 0.87  0.85 0.90 1.08   ;  ;
20180520 013  1.09 0.99 0.85  0.82 0.96 0.82   ;  ;
20180520 014  0.96 0.98 1.09  0.98 1.08 0.90   ;  ;
20180520 015  1.06 1.70 1.69  1.26 1.64 1.37   ;  ;
20180520 016  1.67 1.15 1.06  1.15 1.06 1.12   ;  ;
20180523 015  1.22 1.13 1.23  1.29 1.34 1.28   ;  ;
20180523 016  0.97      1.05  1.06             ;  ;
20180523 017  1.04                             ;  ;
20180611 017  1.40 1.40 1.37  1.33 1.55 1.54   ;  ;
20180611 018  1.75 1.26 1.65  1.48 1.69 1.63   ;  ;
20180612 013  1.23 1.10 1.25  1.32 1.32 1.19   ;  ;
20180612 014  0.97 1.05 1.08  0.95 1.05 0.91   ;  ;
20180612 015  0.84 0.99       0.92      0.87   ;  ;
20180612 016  0.93 1.08 0.92  0.95 0.85 0.98   ;  ;
20180612 017  0.95 0.88 0.90  0.91 0.93 1.04   ;  ;
20180612 018  0.96 1.13 1.05  1.06 1.06 0.96   ;  ;
20180612 019  1.01 0.99 0.91  0.87 0.98 0.95   ;  ;
20180612 020  0.89 0.89 0.95  0.84 1.00 0.97   ;  ;
20180612 021  0.99 0.99 0.96  1.07 0.88 0.88   ;  ;
20180612 022  0.81 0.80 0.88  0.74 0.87 0.76   ;  ;
20180612 023  1.03 1.22 0.79  1.22 1.04 0.96   ;  ;
20180613 012                            1.01   ;  ;
20180613 014  1.24 1.32 1.20  1.14 1.20 1.06  no spots in either wf;  ;
20180613 016  1.20 1.13 1.09  1.21 1.08 0.99   ;  ;
20180613 017  1.36 1.41 1.27  1.42 1.51 1.23   ;  ;
20180613 018  0.99 1.16 1.10  1.17 1.08 1.27   ;  ;
20180613 019  1.35 1.51 1.25  1.63 1.21 1.40   ;  ;
20180613 020  1.12 1.21 1.18  1.21 1.09 1.15   ;  ;
20180613 021  1.43 1.32 1.54  1.40 1.32 1.27   ;  ;
20180613 022  1.13 1.01 0.99  1.04 0.95 1.03   ;  ;
20180613 023  1.18 1.00 0.78  0.96 0.96 0.98   ;  ;
20180613 024  0.95 0.90 0.90  0.82 0.88 0.96   ;  ;
20180614 013  1.09 0.99 1.29  1.07 1.29        ;  ;
20180614 014       1.38 1.41  1.38 1.12 1.12   ;  ;
20180614 015  1.25 1.22 1.01  1.12 1.02 1.00   ;  ;
20180614 017  0.83 0.90 0.76  0.98 0.80 0.71   ;  ;
20180614 024  1.10 0.96 1.30  0.89 1.25 0.97  manul setup, wf2 s not operable;  ;
20180618 015  0.78 0.71 0.91  0.83 1.00 0.74   ;  ;
20180618 016  0.82 0.82 0.94  0.80 0.93 0.97   ;  ;
20180618 017  1.02 0.93 0.93  0.95 0.96 0.99   ;  ;
20180618 018  1.07 0.92 1.10  1.07 1.04 1.09   ;  ;
20180618 019  1.12 0.94 1.07  0.93 1.04 1.04   ;  ;
20180619 011  0.99 1.28 0.81  1.01 0.81 0.84   ;  ;
20180619 012  0.83 0.84 0.81  0.77 0.81 0.75   ;  ;
20180705 006  0.77 0.93 0.84  0.85 0.86 1.00  clouds; clouds; clouds
20180705 007  0.97 0.95 0.88  0.80 0.90 1.08   ;  ;
20180705 008  0.89 1.06 1.06  1.15 0.95 1.03  clouds in later dithers; clouds coming in; clouds
20180705 009  1.18 1.18 0.97  1.21 1.02 1.09   OCD waited for clouds to clear;  ;
20180705 010  0.85 0.94 0.85  0.84 0.89 0.87   ;  ;
20180705 011  0.77 0.87 1.09  0.90 0.99 0.91   ;  ;
20180707 007  0.72            0.64            thick clouds in later exposures; thick clouds; thick clouds
20180708 004  0.90 0.97 0.88  0.96 0.84 0.92   ;  ;
20180708 005  0.98 0.77 0.75  0.82 0.82 0.88   ;  ;
20180708 006  0.84 0.85 0.79  0.93 0.79 0.90   ;  ;
20180708 007  1.14 0.98 0.80  0.80 0.85 0.91   ;  ; variable clouds
20180708 008  0.84 0.77 0.93  0.82 1.00 0.79  heavy clouds after exp starts;  ;
20180709 013                                  heavy clouds at end;  ;
20180712 012  0.76 0.83 0.77  0.77 0.74 0.78   ;  ;
20180712 013  0.60 0.70 0.78  0.68 0.84 0.69   ;  ;
20180712 014  0.81 0.75 0.84  0.73 0.92 0.90   ;  ;
20180714 007  0.71 0.64 0.84  0.70 0.90 0.89  guide start drifted away during fiducial offset;  ;
20180714 008  0.94 0.90 0.82  0.92 0.92 0.70   ;  ;
20180714 009  0.84      0.89  0.95 0.88 0.83   ;  ;
20180715 007  1.23 0.94 1.01  0.99 0.99 1.02   ;  ;
20180717 010  0.83 0.86 0.80  0.97 0.73 0.74   ;  ;
20180717 011  0.78 0.69 0.74  0.81 0.71 0.71   ;  ;
20180808 025                                   ;  ;
20180810 009                                  thin clouds, but increased exposure time to compensate. (non-OCD observation); thin clouds, but increased exposure time to compensate. (non-OCD observation); thin clouds, but increased exposure time to compensate. (non-OCD observation)
20180810 010                                  taken with OCD - 30-70% transparency throughout; taken with OCD - 30-70% transparency throughout; taken with OCD - 30-70% transparency throughout
20180814 008            1.58       1.48 1.56   ;  ;
20180815 016  0.88 1.11 0.94  1.11 0.94 0.93   ;  ;
20180815 017  1.04 0.88 1.17  0.95 1.05 1.20   ;  ;
20180815 018  2.07 1.72 1.37  1.80 1.30 1.80   ;  ;
20180820 017       0.89 0.87  0.89 0.85 0.71   ;  ;
20180820 018  0.82            0.83             ;  ;
20180820 020                                   ;  ;
20180820 022                                   ;  ;
20180820 023                                   ;  ;
20180821 018  0.88 0.81 0.75  0.97 0.68 0.80  OCD observed this field before moonset; OCD observed this field before moonset; OCD observed this field before moonset
20180821 019  0.84 0.86 0.82  0.75 0.79 0.81   ;  ;
20180821 021       0.63 0.70       0.72 0.66   ;  ;
20180821 022  0.80 0.87 0.79  0.87 0.84 0.84   ;  ;
20180821 023  0.84 0.95 0.73  0.84 0.76 0.73   ;  ;
20180821 028  0.63 0.71 0.71  0.62 0.84 0.80   ;  ;
20180822 020  1.01 0.95 0.94  0.99 1.02 1.21  OCD did not choose a shot so these were observed manually; OCD did not choose a shot so these were observed manually; OCD did not choose a shot so these were observed manually
20180822 021  1.07 1.42 1.19  1.33 1.20 1.73   ;  ;
20180822 022  1.16 1.32 1.27  1.15 1.29 0.88   ;  ;
20180822 023  1.02 0.82 0.87  0.87 0.85 1.05   ;  ;
20180823 018                                  some clouds at start; clouds at start; clouds at start
20180905 024                                   ;  ;
20180905 025                                   ;  ;
20180910 015                                   ;  ;
20180910 016                                   ;  ;
20180910 017                                   ;  ;
20180910 018                                   ;  ;
20180910 020                                   ;  ;
20180910 021                                   ;  ;
20180910 022                                   ;  ;
20180910 023                                  clouds; clouds;
20180910 024                                   ;  ;
20180911 016                                   ;  ;
20180911 017                                   ;  ;
20180911 018                                   ;  ;
20180911 019                                   ;  ;
20180911 020            0.58       0.58 0.68   ;  ;
20180911 021  0.68 0.53 0.61  0.55 0.57 0.66   ;  ;
20180911 022  0.72 0.65 0.60  0.65 0.63 0.52   ;  ;
20180911 023  0.51 0.69 0.75  0.66 0.78 0.73   ;  ;
20180911 024  0.73 0.67 0.57  0.68 0.62 0.67   ;  ;
20180911 025  0.61 0.62 0.69  0.62 0.76 0.71   ;  ;
20180911 026  0.62 0.63 0.59  0.63 0.60 0.57   ;  ;
20180912 017  1.59 1.21 1.58  1.53 1.60 2.01   ;  ;
20180912 018  2.00 1.69 1.36  1.63 1.36 1.79   ;  ;
20180912 019  1.48 1.43 1.24  1.10 1.23 1.42   ;  ;
20180912 020  1.70 1.49 1.33  1.44 1.28 1.34   ;  ;
20180912 021  1.36 1.41 1.09  1.47 1.21 1.09   ;  ;
20180912 022  1.12 1.19 1.52  1.37 1.43 1.18   ;  ;
20180912 025  1.58 1.48 1.18  1.35 1.32 1.35   ;  ;
20180912 026  1.19 1.22 1.27  1.25 1.25 1.24   ;  ;
20180912 027  1.23 1.29 1.07  1.07 1.05 1.29   ;  ;
20180912 028  0.92 0.95 1.20  0.99 1.31 1.22   ;  ;
20180913 018  1.18 1.36 0.84  1.33 0.85 0.72   ;  ;
20180913 019  0.71 1.07 0.98  1.27 1.53 1.00   ;  ;
20180913 021  2.25 1.82 1.73  1.67 1.73 1.29  large seeing;  ;
20180913 022  1.58 1.55 1.93  1.55 1.89 2.36   ;  ;
20180914 015       0.84 1.04       1.06 1.13   ;  ;
20180914 016  1.23 1.27 0.99  1.10 1.05 0.88   ;  ;
20180914 017  0.81 0.89 1.00  0.87 1.18 0.99   ;  ;
20180915 014                                   ;  ;
20180915 015                                   ;  ;
20180915 016                                   ;  ;
20180915 017                                   ;  ;
20180915 018                                   ;  ;
20180915 019                                   ;  ;
20180915 022                                   ;  ;
20180915 023                                   ;  ;
20181003 009  1.05 1.15 1.22  1.21 1.17        ;  ;
20181003 010       0.97 1.74  0.97 1.74        ;  ;
20181003 011                                  clouds;  ; stopped due to clouds
20181004 010                                  through some clouds;  ;
20181005 012            0.82       0.90 0.99   ;  ;
20181005 013  0.93 1.12 1.17  1.13 1.11 1.43   ;  ;
20181005 014  1.13 1.20 0.99  1.20 1.02 1.14   ;  ;
20181005 017  0.94 0.89 1.08  0.89 1.22 0.96   ;  ;
20181005 018  1.05 1.08 1.02  0.95 1.02 0.98   ;  ;
20181005 019  0.85 1.03 1.06  0.91 1.00 1.04   ;  ;
20181010 014  0.93 0.99 0.93  0.97 0.90 1.12   ;  ;
20181010 015  0.90 1.07 0.93  1.02 1.05        ;  ;
20181010 016                                   ;  ;
20181010 017                            0.89   ;  ;
20181010 018  1.05            1.11      0.96   ;  ;
20181010 019  0.96                             ;  ;
20181010 025                                   ;  ;
20181010 027                                   ;  ;
20181010 028                                   ;  ;
20181010 029                                   ;  ;
20181011 007  0.72 0.67 0.68  0.72 0.71 0.60   ;  ;
20181011 008  0.63 0.66       0.65             ;  ;
20181011 009       0.77 0.68       0.68 0.72   ;  ;
20181011 010  0.94 0.71 0.72  0.70 0.72 0.75   ;  ;
20181011 011  0.73 0.66 0.62  0.63 0.60 0.71   ;  ;
20181011 012  0.74 0.68 0.61  0.63 0.65 0.63   ;  ;
20181011 013  0.61 0.68 0.69  0.74 0.74 0.71   ;  ;
20181011 014  0.64 0.70 0.66  0.64 0.66 0.80   ;  ;
20181011 015  0.73 0.92 0.76  0.91 0.76 0.92   ;  ;
20181011 016  0.90 0.96 1.11  0.85 0.99 0.90   ;  ;
20181011 017  0.85 1.34 1.22  1.34 1.22 1.67  clouds;  ;
20181014 009  0.71 0.79 0.93  0.76 0.90 1.05   ;  ;
20181014 010                            1.39   ;  ;
20181014 011  1.03 1.19 0.84  1.19 0.86 1.03   ;  ;
20181014 012  0.93 0.99 0.99  1.02 1.02 1.03   ;  ;
20181014 013  0.95 1.09 0.96  0.97 1.00 1.01   ;  ;
20181014 014  1.06 1.03 1.10  1.03 1.15 1.15   ;  ;
20181014 015  1.10 1.38 1.82  1.43 1.41 0.86   ;  ;
20181014 016  1.48 2.02 1.36  1.55 1.18 1.36   ;  ;
20181014 017  1.41 1.51 1.35  1.45 1.12 1.56   ;  ;
20181014 018  1.04 1.09 1.37  1.36 1.20 1.10   ;  ;
20181014 019  1.13 1.22 1.12  1.37 1.19 1.13   ;  ;
20181030 013  0.71 0.77 0.78  0.73 0.84 1.21   ;  ;
20181102 007  0.78 0.93 0.89  0.83 0.97 0.80   ;  ;
20181102 008  0.85 0.78 0.77  0.68 0.77 0.90   ;  ;
20181102 009                                   ;  ;
20181102 010                                   ;  ;
20181102 011            0.87       0.71 0.91  light clouds passing, briefly lost guiding.; light clouds passing, briefly lost guiding.; light clouds passing, briefly lost guiding.
20181102 012  0.78 0.95 0.97  0.86 1.01 0.89   ;  ;
20181102 013  1.10 1.05 0.82  1.03 0.78 0.98   ;  ;
20181102 014  0.92 1.00 1.03  1.00 0.98 0.98   ;  ;
20181102 015  1.00 0.99 1.09  1.03 1.14 1.22   ;  ;
20181102 016  1.27 1.19 1.10  1.13 1.10        ;  ;
20181103 012  1.42 1.63 2.54  1.63 1.93 2.08  seeing highly variable;  ;
20181104 012  1.16 1.43 1.18  1.43 1.35        ;  ;
20181104 013                                  sharp temp drop and high dust;  ;
20181106 008  1.70 1.72 1.88  1.60 1.88 1.79   ;  ;
20181106 009  1.66      1.69       1.62 1.76   ;  ;
20181106 010  1.60 1.50 1.11  1.34 1.11 1.13   ;  ;
20181106 011  1.36 0.92 1.30  0.92 0.98 1.15   ;  ;
20181106 012  1.23 1.25 1.19  1.37 1.20 1.12   ;  ;
20181106 013  1.04 1.20 1.12  1.33 1.10 1.05   ;  ;
20181106 014  1.11 1.00 0.95  1.00 0.98 0.95   ;  ;
20181106 015  1.06 1.18 1.06  1.14 0.86 0.86   ;  ;
20181106 016  0.95 1.10 0.99  1.03 0.99 1.01   ;  ;
20181107 008  1.12 1.05 1.08  1.22 1.20 1.19   ;  ;
20181107 009  1.17      1.45  1.01      1.39   ;  ;
20181107 010  1.38 1.32 1.36  1.33 1.25 1.46   ;  ;
20181107 011  1.44 1.43 1.16  1.49 1.68 1.35   ;  ;
20181107 012  1.36 1.07 1.08  1.07 1.05 1.34   ;  ;
20181107 013  0.83 0.88 0.98  0.83 0.93 0.89   ;  ;
20181107 014  0.93 0.82 0.85  0.85 0.85 0.91   ;  ;
20181107 015  0.94 0.91 0.93  0.91 0.98 0.90   ;  ;
20181107 016  0.74 0.93 1.07  0.95 1.07 1.12   ;  ;
20181107 017  1.18 1.42 1.14  1.04 1.15 1.15   ;  ;
20181107 018  1.11 1.02 1.18  1.22 1.04 1.15   ;  ;
20181108 008  2.15 2.09 2.07  1.98 2.21 3.74  front came through in 3rd dither; front came through in 3rd dither; front came through.  Very poor image quality
20181108 009       2.83 3.43  2.52 2.31 2.46  trouble guiding due to very poor seeing;  ;
20181108 010  2.03 1.53 1.20  1.96 1.17 1.75   ;  ;
20181108 011  1.37 0.94 0.71  1.16 0.75 1.09   ;  ;
20181108 016  1.11 1.15 1.03  1.32 0.94 0.85   ;  ;
20181108 017  0.88 0.78 0.77  0.79 0.75 0.74   ;  ;
20181108 018  0.90 0.83 0.75  0.86 0.75 0.70   ;  ;
20181108 019  0.75 0.77 0.75  0.73 0.88 0.84   ;  ;
20181108 020  0.69 0.82 0.69  0.78 0.75 0.80   ;  ;
20181108 021  0.86 0.76 0.91  0.82 0.84 0.82   ;  ;
20181109 008  1.08 1.61 1.53  1.65 1.22 1.40   ; seeing deteriorating;
20181109 009  1.32 1.55       1.55      1.81   ;  ;
20181109 010  1.58 1.38 1.63  1.55 1.37 2.39   ;  ;
20181111 018  1.29 1.17 1.25  1.41 1.27 1.34   ;  ;
20181111 019  1.28 1.19 1.31  1.44 1.25 1.27   ;  ;
20181111 020  1.23 0.99 1.09  1.09 1.16 1.03   ;  ;
20181111 021  1.17 0.99 0.87  0.99 0.79 0.92   ;  ;
20181112 013                                  light clouds throughout; light clouds throughout; light clouds throughout
20181112 014       1.05 0.96  0.99 0.96 0.91  clouds thickened, transparency dropped to nearly 0; clouds thickened, transparency dropped to nearly 0; clouds thickened, transparency dropped to nearly 0
20181114 012  1.00 1.00 0.85  1.00 0.93 0.88   ;  ;
20181114 013  0.87 0.81 0.88  0.82 0.80 0.87   ;  ;
20181114 014  1.02 0.93 0.90  0.93 1.00 1.22   ;  ;
20181114 015  0.87 1.02 0.96  1.04 1.02 1.12   ;  ;
20181114 016  1.06 1.18 1.05  1.18 1.12 1.22   ;  ;
20181114 017  1.09 1.69 1.45  1.36 1.72 1.25   ;  ;
20181114 020  1.65 1.19 1.37  1.40 1.34 1.52   ;  ;
20181115 013  0.64 0.62 0.67  0.69 0.68 0.64  transp between 80-60%; transp between 80-60%; transp between 80-60%
20181115 014  0.65 0.67 0.68  0.64 0.72 0.82   ;  ;
20181115 015  0.92 0.85 0.78  0.91 1.00 0.89   ;  ;
20181115 016  0.93 0.96 0.78  0.96 0.86 0.87   ;  ;
20181115 017  1.23 0.95 1.01  0.95 1.05 1.11   ;  ;
20181116 015  1.09 1.49 1.24  1.34 1.40 1.17   ;  ;
20181117 010  0.97 1.02 0.96  0.80 0.87 0.89   ;  ;
20181118 019  0.92 0.98 0.86  0.90 0.95 1.26   ;  ;
20181118 020  1.05 0.99 1.46  1.19 1.46 1.03   ;  ;
20181119 015  0.70 0.68 0.62  0.68 0.72 0.67   ;  ;
20181119 016  0.66 0.94 0.58  0.71 0.58 0.66   ;  ;
20181120 012  1.10            1.37             ;  ;
20181120 013                                   ;  ;
20181127 009                                  2x exposure taken under 40% transparency; 2x exposure taken under 40% transparency; 2x exposure taken under 40% transparency
20181127 010                                  2x exptime taken under ~40% transparency; 2x exptime taken under ~40% transparency; 2x exptime taken under ~50% transparency
20181127 011                                   ;  ;
20181128 008  1.16 1.21 1.01  1.07 1.21 1.13   ;  ;
20181128 009  1.38 1.42 1.37  1.17 1.37        ;  ;
20181128 010  1.23 1.24 1.31  1.28 1.38 1.15   ;  ;
20181128 011  1.16 1.25 1.27  1.15 1.27 1.35   ;  ;
20181128 012  1.48 1.38 1.47  1.55 1.71 1.84   ;  ;
20181128 013  2.02 1.76 1.72  2.08 1.60 1.59   ;  ;
20181128 014  1.49 1.43 1.36  1.31 1.39 1.35   ;  ;
20181129 007  1.46 1.46 1.55  1.36 1.60 1.99   ;  ;
20181129 008       1.52 1.46       1.58 1.27   ;  ;
20181129 011  1.32 1.43 1.47  1.26 1.36 1.55   ;  ;
20181129 012  1.40 1.42 1.23  1.32 1.45 1.51   ;  ;
20181129 013  1.55 1.57 1.51  1.57 1.51 1.44   ;  ;
20181130 011  1.09 0.95 1.13  1.02 1.16 1.55   ;  ;
20181130 012  1.84            1.65             ;  ;
20181130 013       1.36 1.27  1.36 1.16 0.76   ;  ;
20181130 014  0.84 0.78 1.03  0.86 0.89 0.98   ;  ;
20181130 015  0.88 1.18 1.15  1.43 0.99 1.26   ;  ;
20181130 017  0.88 0.88 0.80  0.96 0.87 0.77   ;  ;
20181130 018  0.80 0.95 0.75  0.95 0.70 0.86   ;  ;
20181130 019  0.85 0.75 0.85  0.75 0.93 0.81   ;  ;
20181130 020  0.93 0.97 1.21  1.07 1.18 0.99   ;  ;
20181130 021  1.22 0.84 0.74  0.69 0.71 0.74   ;  ;
20181202 013  1.91 1.65 1.51  1.50 1.20 1.20   ;  ;
20181202 014  1.44            1.48             ;  ;
20181202 015  2.02 2.12 1.80  2.18 1.96 1.71   ;  ;
20181202 016  1.57 1.70 1.55  1.78 1.38 1.70   ;  ;
20181202 017  1.35 1.40 1.57  1.53 1.40 1.34   ;  ;
20181202 018  1.41 1.53 1.34  1.37 1.30 1.56   ;  ;
20181202 019  1.62 1.44 1.50  1.70 1.50 1.65   ;  ;
20181202 020  1.68 1.63 1.80  1.63 1.65 1.67   ;  ;
20181202 021  1.40 1.51 1.68  1.50 1.67 1.80   ;  ;
20181202 022  1.49 1.73 1.44  1.73 1.46 1.73   ;  ;
20181202 023  1.61 1.77 1.55  1.67 1.49 1.37   ;  ;
20181203 012  1.41      1.05       1.10 1.10   ;  ;
20181203 013  0.93 0.87 0.75  0.80 0.80 0.90   ;  ;
20181203 014  0.80 1.05 0.84  0.82 0.90 1.04   ;  ;
20181203 015  1.03 1.53 0.89  1.49 1.06 0.93   ;  ;
20181203 016  1.02 1.21 0.90  1.15 0.88 0.83   ;  ;
20181203 017  0.78 1.00 0.88  1.00 1.06 0.84   ;  ;
20181203 018  0.82 0.82 0.77  0.96 0.80 0.77   ;  ;
20181203 019  0.85 0.77 0.84  0.86 0.96 0.92   ;  ;
20181203 020  0.88 1.00 1.00  0.87 1.10 0.82   ;  ;
20181203 021  0.85 0.89 0.77  0.85 0.89 0.88   ;  ;
20181203 022  0.99 0.90 0.92  0.81 0.90 0.99   ;  ;
20181204 013  1.47 1.70 1.59  1.86 1.55        ;  ;
20181204 014  2.44 2.66 2.24  1.86 2.56 1.24   ;  ;
20181204 015  1.48 2.01 2.22  2.09 1.98 2.53   ;  ;
20181204 016  3.10 2.47 2.29  2.14 2.42 2.31   ;  ;
20181204 017  2.31 2.16 2.32  2.22 2.31 1.63   ;  ;
20181204 018  2.02 1.98 1.53  1.77 1.79 1.62   ;  ;
20181204 019  1.73 1.48 1.55  1.52 1.47 1.46   ;  ;
20181204 020  1.56 1.26 1.42  1.23 1.42 1.15   ;  ;
20181204 021  1.16 1.20 2.09  1.48 1.36 2.15   ;  ;
20181204 022  1.09 1.39 1.19  1.25 1.03 1.28   ;  ;
20181204 023  1.09 1.29 1.50  1.37 1.32 1.12   ;  ;
20181204 027  1.56 1.45 1.48  1.62 1.53 1.53   ;  ;
20181204 028  1.16 1.00 0.99  1.32 1.15 1.05   ;  ;
20181204 029  0.94 1.06 0.84  1.00 0.90 0.97   ;  ;
20181204 030  0.94 0.91 0.85  0.84 0.93 0.92   ;  ;
20181205 011       0.71       0.71 0.53 0.77  thin clouds;  ; more clouds. ocd shows transparency 0.2-0.5 during this exp
20181205 012                                   ;  ;
20181205 013  1.28 1.08 1.17  1.04 0.99 0.99   ;  ;
20181205 014  0.93 0.92 0.96  0.78 0.93 1.14   ;  ;
20181205 015  1.31 1.44 0.79  1.29 0.84 1.00   ;  ;
20181205 017  1.50 0.91 1.63  1.07 1.32 1.05   ;  ;
20181205 018  2.25 1.07 1.35  1.26 0.97 1.48   ;  ;
20181205 019  1.73 1.42 1.27  1.39 1.36 1.21   ;  ;
20181205 026                                   ;  ;
20181205 027                                   ;  ;
20181210 007                                  tiny moon up but OCD does not care; tiny moon up but OCD does not care; tiny moon setting but OCD does not care
20181210 008                                   ;  ;
20181210 009                                   ;  ;
20181210 010                                   ;  ;
20181210 011  0.73 0.73 0.69  0.92 0.68 0.60  Very long wait for high priority track to start;  ;
20181210 012  0.58 0.64 0.69  0.54 0.73        ;  ;
20181210 013                                   ;  ;
20181210 014                                   ;  ;
20181210 015                                  had to run this manually because of a pas failure and no star magnitudes.;  ; cut short in last 30 seconds by end of track
20181210 024                                   ;  ;
20181210 028                                   ;  ;
20181211 010  0.70 1.19 1.01  0.90 1.01 1.54   ;  ;
20181211 015  1.90 1.82 1.74  1.06 1.75 1.46  clouds and poor seeing; clouds and poor seeing; clouds and poor seeing
20181213 014  1.23 1.57       1.57            seeing exceeded 3 seconds of arc; seeing exceeded 3 seconds of arc; seeing exceeded 3 seconds of arc
20181214 013  1.51 1.30 1.40  1.54 1.40 1.51   ;  ;
20181214 014  1.45 1.31 1.34  1.30 1.60 1.49   ;  ;
20181214 015  1.14 1.35 1.12  1.33 1.06 1.33   ;  ;
20181214 016  1.40 1.34 1.21  1.22 1.28 1.20   ;  ;
20181214 018  1.33 1.14 1.15  1.20 1.03 1.24   ;  ;
20181214 019  1.04 1.33 1.15  1.45 1.15        ;  ;
20181215 029  0.97 0.98 0.83  0.98 0.95 0.77  started ocd at 8:44UT;  ;
20181215 030  0.91 0.77 0.71  0.84 0.68 0.82   ;  ;
20181215 031  0.92 0.94 0.73  0.96 0.70 0.82   ;  ;
20181215 032  0.78 0.93 0.95  0.90 1.10 0.81   ;  ;
20181215 033  0.76 0.93 0.82  0.86 0.83 0.77   ;  ;
20181215 034  0.76 0.91 1.06  0.81 1.01 1.55   ;  ;
20181215 035  1.02 0.79 0.79  0.87 0.79 1.04   ;  ;
20181215 036  0.81 0.84 0.81  0.80 0.79 0.84   ;  ;
20181219 006  1.75 2.01 1.83  1.53 2.32 1.88   ;  ;
20181219 007  1.99 1.87 1.63  1.59 2.09 1.75   ;  ;
20181219 008  1.50 1.66 1.70  1.45 1.66 1.24   ;  ;
20181219 009                                   ;  ;
20181220 014  1.44 1.76 2.06  1.64 2.01 1.58   ;  ;
20181225 008  0.79 0.80 0.77  0.94 0.76 0.78   ;  ;
20181225 009  0.82 0.94 0.79  0.88 0.89 0.83   ;  ;
20181226 007  0.86 0.85 0.87  0.88 1.00 0.91   ;  ;
20181226 008  0.91 0.98 1.03  0.83 1.03 1.15   ;  ;
20181226 009  1.39 1.30 1.62  1.49 1.82 1.78   ;  ;
20181226 010  1.62 1.52 1.30  1.30 1.30 1.28   ;  ;
20181226 011  1.55 1.30 1.28  1.28 1.43 1.25   ;  ;
20181227 003  1.34 1.31 1.61  1.54 1.61 1.22   ;  ;
20181227 004  1.08 1.01 1.08  1.18 1.12 1.39   ;  ;
20181227 005  1.58 1.15 1.20  1.33 1.21 1.06   ;  ;
20181227 006  1.57 1.42 1.39  1.05 1.21 1.39   ;  ;
20181227 007  1.38 1.33 1.71  1.20 1.17 1.45   ;  ;
20181228 011  0.97 1.02 1.07  1.00 0.99 0.80   ;  ;
20181228 012  1.28 0.87 0.72  1.00 0.72 1.16   ;  ;
20181228 013  1.00 1.53 1.57  1.66 1.57 1.19   ;  ;
20181228 014  1.13 1.10 1.36  1.45 1.20 1.19   ;  ;
20181228 015  1.07 0.99 0.82  0.90 0.76 0.83   ;  ;
20181228 016  0.78 0.93 1.19  0.89 1.06 1.02   ;  ;
20181228 017  1.15 1.20 0.83  1.16 0.96 0.74   ;  ;
20181231 013  1.63 1.92 2.21  2.05 2.13 2.34   ;  ;
20190101 011  1.10 1.09 0.99  1.04 0.85 1.07   ;  ;
20190101 012  1.08 1.05 1.10  1.05 1.00 1.02   ;  ;
20190101 013  1.20 1.04 0.91  1.16 0.84 0.94   ;  ;
20190101 014  0.91 1.00 0.97  0.88 0.85 0.84   ;  ;
20190101 015  1.14 1.18 1.46  1.63 1.43 1.39   ;  ;
20190101 016  2.01 1.44 1.35  1.44 1.64 1.14   ;  ;
20190101 025  1.48 1.59 1.74  2.46 1.69 1.85   ;  ;
20190101 026  2.07 2.49 2.68  2.59 3.13 3.40   ;  ;
20190104 008  1.12 1.30 1.02  1.25 1.28 1.09   ;  ;
20190104 009  1.24 1.38 1.49  1.40 1.39 1.46   ;  ;
20190104 010  2.07 1.85 1.84  1.55 2.00 1.49   ;  ;
20190104 011  1.73 1.99 2.36  1.94 2.23 2.03  seeing  degraded.   OCD stopped at end of this target; seeing degraded. OCD stopped at end of this target; seeing degraded. OCD stopped at end of this target
20190104 016  2.18 1.80 2.34  1.94 3.00 2.14  during poor seeing GC1 did lots of bad centroiding; during poor seeing GC1 did lots of bad centroiding; swiched to guider2 for stability but WFS suggested we got the wrong position by 2arcsec
20190104 017  1.48 1.44 2.39  2.04 2.37 1.82   ;  ;
20190104 018  1.80 1.49 1.72  2.17 1.58 1.68   ;  ;
20190104 019  2.07 1.67 1.95  1.62 1.75 1.37   ;  ;
20190104 020  1.66 2.33 1.45  2.23 1.97 2.03   ;  ;
20190104 021  1.91 2.26 2.52  2.26 3.55        ;  ;
20190104 022       2.01 1.76       1.76 1.63   ;  ;
20190104 023  1.59 2.59 2.78  2.60 3.79 1.94   ;  ;
20190104 024  1.82 1.49 1.19  1.26 1.19 1.60   ;  ;
20190104 025  1.46 1.30 1.40  1.35 1.16 1.79   ;  ;
20190104 026  1.08 1.18 0.78  0.98 1.03 1.39   ;  ;
20190104 027  1.31 1.10 1.26  1.62 1.28 1.39   ;  ;
20190105 011  1.38 1.03 1.02  0.90 0.94 0.87   ;  ;
20190105 012  0.96 0.81 0.79  0.81 0.83 0.81   ;  ;
20190105 013  1.11 0.85 1.04  0.85 0.93 1.02   ;  ;
20190105 014  2.59 1.72 1.57  1.72 1.61 2.33   ;  ;
20190105 015  1.26 1.31 1.29  1.31 1.09 1.43   ;  ;
20190105 020  0.83 1.26 1.33  1.04 1.24 1.47   ;  ;
20190105 021  1.58 1.28 0.88  1.26 1.11 0.99   ;  ;
20190105 022  0.95 1.00 0.95  0.84 0.91 0.97   ;  ;
20190105 023  0.98 1.19 0.90  1.03 0.87 0.94   ;  ;
20190105 024  0.89 0.77 0.78  0.73 0.74 0.67   ;  ;
20190105 025  0.82 1.31 2.96  1.31 1.93 1.44   ;  ;
20190105 026  1.17 3.15 3.05  2.50 3.08 1.81   ;  ;
20190105 027  1.42 1.30 1.20  1.41 1.30 1.71   ;  ;
20190105 028  1.56 2.68 4.05  3.08 2.65 1.51   ;  ;
20190105 029  1.76 1.27 2.08  1.58 1.84 1.33   ;  ;
20190105 030  2.06 2.31 1.92  2.94 1.75 2.04   ;  ;
20190105 031  1.67 1.34 1.57  1.90 1.65 1.65   ;  ;
20190106 007  0.98 1.35 1.50  1.13 0.97 1.23  intermitant clouds; intermitant clouds; intermitant clouds
20190106 008  1.19 1.00 1.81  1.51 1.61 1.02  clouds got worse in last dither; clouds got worse in last dither; clouds got worse in last dither
20190106 009  0.63 0.75 0.74  0.89 0.71 0.77  completed clouded out in 3rd dither; completely clouded out in 3rd dither; completely clouded out in 3rd dither
20190108 002  1.44 1.10 1.15  1.10 1.32 1.66   ;  ;
20190108 003  1.34 1.22 1.41  1.36 1.26 1.18   ;  ;
20190108 011  1.36 1.12 1.19  1.30 1.20 1.54   ;  ;
20190108 012  1.52 1.40 1.24  1.56 1.21 0.92   ;  ;
20190108 013  1.21 1.61 1.56  1.73 1.26 1.74   ;  ;
20190108 014  1.66 1.89 1.57  2.03 1.85 2.32   ;  ;
20190108 015  1.83 1.67 1.54  1.67 1.64 1.84   ;  ;
20190108 017  1.50 1.59 1.24  1.79 1.20 1.60   ;  ;
20190108 018  1.24 1.42 1.41  1.55 1.56 1.33   ;  ;
20190108 019  1.62 1.49 1.37  1.37 1.26 1.71   ;  ;
20190108 020  1.69 1.44 2.03  2.00 1.70 2.49   ;  ;
20190108 021  1.11 1.41 1.43  1.41 1.35 1.09   ;  ;
20190109 013                                  poor seeing; poor seeing and clouds; heavy clouds
20190112 022  1.44 1.75 1.74  1.58 1.36 1.86   ;  ;
20190112 023  1.35 1.72 1.47  1.21 1.55 1.37   ;  ;
20190112 024  1.64 1.20 1.87  1.50 1.68 1.25   ;  ;
20190112 025  1.06 1.10 1.14  1.10 1.08 1.53   ;  ;
20190112 026  1.30 1.29 0.94  1.35 0.94 0.91   ;  ;
20190112 027  0.84 0.89 0.99  0.99 0.99 1.01   ;  ;
20190112 028  1.03 0.92 0.91  0.85 0.93 0.76   ;  ;
20190112 029  0.84                      0.82   ;  ;
20190112 030  0.87 0.88 0.84  1.04 0.82 0.77   ;  ;
20190112 031  0.84 0.93 0.95  0.89 0.87 0.84   ;  ;
20190112 032  0.81 0.84 1.00  1.00 1.07 0.99   ;  ;
20190112 033  0.96 0.94 0.86  0.93 0.80 0.80   ;  ;
20190113 016                                   ;  ;
20190114 018                                   ;  ;
20190116 016  1.00 1.03 0.97  1.13 1.04        ;  ;
20190116 017                                  clouds; clouds; clouds
20190116 018                                   ;  ;
20190116 019            1.13            1.17   ;  ;
20190117 019                                   ;  ;
20190117 020                                  exp incr by ocd; exp incr by ocd; exp incr by ocd
20190117 021                                   ;  ;
20190117 022                                   ;  ;
20190117 023       1.13 1.55  1.13 1.53 1.17   ;  ;
20190118 014  1.18 1.33 0.88  0.99 0.88 1.62  OCD needlessly extended this exposure time because of bad photometry on GC2 before OCD started;  ;
20190118 015  1.23 1.95 1.68  1.44 1.70 1.56   ;  ;
20190118 016  1.38 1.20 1.45  1.39 1.32 2.16   ;  ;
20190124 022  1.18 1.34 1.11  1.26 1.12 1.23  No OCD; No OCD; No OCD
20190124 023  1.32 1.24 1.43  1.21 1.52 1.23   ;  ;
20190125 010  1.10 1.20 1.14  1.03 1.24 1.12   ;  ;
20190127 008  0.99 1.22 1.09  1.22 1.09 1.07   ;  ;
20190127 016  1.22 0.88 1.18  0.99 1.05 1.13   ;  ;
20190128 007  1.46 1.66 2.21  1.58 1.57 1.71   ;  ;
20190128 014  2.06 1.72 2.13  1.72 1.84 1.55  first minute - jumping guiding;  ;
20190128 015  1.53 2.08 2.23  1.92 1.97 1.74   ;  ;
20190129 013  2.41 1.81 1.91  2.17 1.91 2.21   ;  ;
20190129 014  3.21 2.24 1.87  2.10 1.63 1.72   ;  ;
20190201 012  0.87 1.09 1.03  1.09 1.15 0.92   ;  ;
20190201 013  0.85 0.72 0.72  0.64 0.66 0.62   ;  ;
20190201 014  0.65 0.75 0.85  0.64 0.87 0.84   ;  ;
20190201 015                                  clouds increased throughout, but we maintained guidestars the whole time (no transparency measurements because of problem with PAS/TCS); clouds increased throughout, but we maintained guidestars the whole time (no transparency measurements because of problem with PAS/TCS); clouds increased throughout, but we maintained guidestars the whole time (no transparency measurements because of problem with PAS/TCS)
20190201 016  0.61 0.63 0.60  0.71 0.63 0.65   ;  ;
20190201 017  0.51 0.60 0.63  0.60 0.69 0.72   ;  ;
20190201 018                                   ;  ;
20190201 019       0.72 0.82  0.80 0.78 0.77   ;  ;
20190201 021  0.83 0.77 0.75  0.71 0.86 0.79   ;  ;
20190202 011  0.80 1.02       1.05 0.87 0.79   ;  ;
20190202 012  1.29 1.31       1.14            light passing clouds; transparency down to 15% briefly in dither2; dither3 lost guiding from clouds for  ~1min at start
20190202 014            0.77       0.84 0.75   ;  ;
20190202 015  0.90 0.95 0.68  0.80 0.76 0.85   ;  ;
20190202 016  0.90 0.82 1.11  0.83 1.10 1.00   ;  ;
20190202 017  1.02 1.01 1.01  1.03 0.94 0.89   ;  ;
20190202 018  0.97 1.03 1.08  0.96 1.04 0.99   ;  ;
20190202 019  0.91 1.14 0.91  1.28 0.87 0.79   ;  ;
20190203 015       1.20       1.09 1.09 1.28   ;  ;
20190203 016  1.35 1.18       1.23             ;  ;
20190203 017                                   ;  ;
20190203 018                                   ;  ;
20190203 019                                   ;  ;
20190203 020       1.07 1.21       1.15 1.28   ;  ;
20190203 021  1.15                             ;  ;
20190203 022                                   ;  ;
20190203 023                                   ;  ;
20190203 024       0.87 0.89       1.07 0.96   ;  ;
20190203 025  1.10 1.17 1.10  1.04 1.10 1.17   ;  ; transparency was below 50% by the end of the 3rd dither position, and OCD stopped after this
20190204 012  0.74 0.89 0.73  0.91 0.82 0.80   ;  ;
20190204 013  0.72 0.63 0.69  0.63 0.61 0.74   ;  ;
20190204 014  0.90 0.82 0.69  0.81 0.67 0.82   ;  ;
20190204 017  0.96 1.03 0.87  0.94 1.07 0.94   ;  ;
20190204 018  1.05 1.08 1.04  1.08 1.22 0.94   ;  ;
20190204 019  1.00      1.01       0.86 1.20   ;  ; clouds in latter two exposures
20190204 025  1.27 1.29 1.34  1.37 1.24 1.22   ;  ;
20190204 026  1.33 1.24       1.32      1.29   ;  ;
20190205 015                                   ;  ;
20190205 016            1.13       1.13 1.12   ;  ;
20190205 018  0.97 0.90 0.90  1.00 0.88 0.87   ;  ;
20190205 019  1.06 1.09 1.08  1.09 1.16 1.04   ;  ;
20190205 020                            0.98   ;  ;
20190205 022       1.06 1.11       1.07 1.17   ;  ;
20190205 023  1.09 0.85 1.18  0.98 1.06 0.91   ;  ;
20190205 024  1.22 1.10 1.01  1.04 1.12 1.28   ;  ;
20190205 025  0.89 1.09 1.06  0.97 0.87 1.14   ;  ;
20190207 015  0.92 1.07 0.97  1.07 0.97 1.23   ;  ;
20190207 016  1.00 1.36 1.29  1.28 1.15 1.22   ;  ;
20190207 018  1.51 1.08 1.38  1.11 1.09 1.42   ;  ;
20190207 020  1.00 0.74 0.98  0.82 1.18 0.79   ;  ;
20190207 021  0.66 0.75       0.69 0.82        ;  ;
20190207 022                                   ;  ;
20190207 023                                   ;  ;
20190207 024                                   ;  ;
20190207 025                                   ;  ;
20190208 020  1.33 1.21 1.05  1.31 1.12 0.99   ;  ;
20190208 021  0.99 1.19 1.13  1.18 1.15 1.15   ;  ;
20190208 022  1.10 1.10 1.03  1.35 1.08 0.93   ;  ;
20190208 023  0.87 1.03 0.98  0.90 0.81 1.04   ;  ;
20190208 024  0.96 0.82 1.01  0.92 1.01 0.99   ;  ;
20190208 025  0.88 1.05 0.90  0.98 0.86 1.06   ;  ;
20190208 026  1.21 1.28       1.24             ;  ;
20190208 027            2.21       1.79 1.75   ;  ;
20190208 028  1.44 1.30 1.38  1.09 1.53 1.65   ;  ;
20190208 029  1.54 1.42 2.36  1.36 2.35 1.08   ;  ;
20190208 030  1.40 2.11 1.53  1.29 1.28       ocd was stopped but probably too late and started dither exposures. Need to wait; ocd was stopped but probably too late and started dither exposures. Need to wait; ocd was stopped but probably too late and started dither exposures. Need to wait
20190208 035  1.32 1.56 1.42  1.49 1.31 1.38   ;  ;
20190208 036  1.12 1.25 1.24       1.29 1.24   ; clouds and radar;
20190209 020  1.10 1.26 1.25  1.49 1.54 1.53   ;  ;
20190209 021  1.56 0.97 1.01  0.92 1.01 0.98   ;  ;
20190209 022       0.98            0.98       clouds;  ;
20190209 024  0.88 1.03 0.96  0.83 1.00 1.03   ;  ;
20190209 025  1.14 1.27 1.17  1.16 1.04 1.07   ;  ;
20190209 026  1.11 1.13 1.56  1.13 1.33 1.19   ;  ;
20190209 027  1.07 0.91 0.89  0.96 0.91 0.68  clouds;  ; clouds
20180712 015  0.94 0.87 0.84  0.96 0.97 0.80   ;  ;
20180712 017  1.02 0.81 0.78  0.92 0.72 0.61   ;  ;
20180715 008  1.21 1.18 1.03  0.98 1.08 1.06   ;  ;
20180717 012  0.73 0.78 0.82  0.65 0.86 0.78   ;  ;
20180717 013  0.89 0.84 0.90  0.99 0.89 0.76   ;  ; particle count went up during this exp
20180805 009  1.08 1.12 1.11  1.04 1.03 1.28   ;  ;
20180805 010  1.05 1.09 1.08  0.91 1.18 1.08   ;  ;
20180806 009  1.74 1.49 1.24  1.76 1.53 2.15   ;  ;
20180806 010  1.87 1.76 1.98  1.76 1.94 1.98   ;  ;
20180806 011  1.87 1.24 1.18  1.30 1.18 1.26   ;  ;
20180807 007  0.83 1.18 1.36  1.16 1.26 1.14   ;  ;
20180807 008  1.07 1.13 1.08  1.01 1.13 0.90   ;  ;
20180807 009  0.97 1.09 1.05  1.09 1.07 0.90   ;  ;
20180808 009  1.07 1.33 1.07  1.23      1.21   ;  ;
20180808 026            1.33       1.04 1.08  Note: 26 day old moon rose during 2nd and 3rd dithers.; Note: 26 day old moon rose during 2nd and 3rd dithers.; Note: 26 day old moon rose during 2nd and 3rd dithers.
20180831 003                                  Taken ~1h past optimal time, right up to end of track; Taken ~1h past optimal time, right up to end of track; Taken ~1h past optimal time, right up to end of track
20180904 009  0.90 0.84 0.99  0.89 0.96 1.47   ;  ;
20180905 016                                   ;  ;
20180910 008  1.38 1.28 1.22  1.28 0.98 1.08   ;  ;
20180910 012                                   ;  ;
20180911 011  1.69 2.14 2.03  1.53 1.97 1.51   ;  ;
20180911 012  0.72            0.69             ;  ;
20180911 013                                   ;  ;
20180912 011  1.13 1.34 1.43  1.39 1.43 1.24   ;  ;
20180912 012  1.79 1.15 1.54  1.10 1.32 1.50   ;  ;
20180913 008  1.07 0.97 1.07  0.96 1.07 0.87   ;  ;
20180913 010  0.86 0.60 0.84  0.60 0.71 0.72   ;  ;
20180914 009                                   ;  ;
20180929 007  0.71 0.58 0.60  0.62 0.82 0.81   ;  ;
20180930 007  1.34 1.35 1.32  1.37 1.16 1.01   ;  ;
20181001 009  1.24 1.14 0.99  1.16 0.88 0.94   ;  ;
20181001 010  1.08 1.18 1.06  1.00 1.22 1.07   ;  ;
20181002 006  0.85 0.81 0.81  0.75 0.81 0.71  clouds;  ;
20181003 007  0.78 0.83 0.84  0.70 0.90 0.89   ;  ;
20181003 008  0.80 0.69 0.58  0.72 0.68 0.73   ;  ;
20181004 006  0.74 0.76 0.78  0.71 0.72 0.66   ;  ;
20181004 007  0.66 0.84 0.91  0.77 0.91 0.93   ;  ;
20181005 007                                   ;  ;
20181008 013  1.26 1.42 1.35  1.20 1.14 1.76  taken late in track, seeing ~2.1"; taken late in track, seeing ~2.1"; taken late in track, seeing ~2.1"
20181012 013  0.94 1.48 1.00  1.48 0.90 0.96   ;  ;
20181027 007                                   ;  ;
20181030 011  1.10 1.08 1.15  1.57 0.97 1.16   ;  ;
