201806sci:/work/03946/hetdex/maverick/20180611/virus/virus0000017/exp01/virus/20180611T054545.2_015LL_sci.fits HS00338d2_W_000_W 372.449377536 407.665380177 58280.2401066222 13.8447 51.3479 291.14907 317.255262 -110.003287812229 18.5572222222222
201806sci:/work/03946/hetdex/maverick/20180611/virus/virus0000018/exp01/virus/20180611T061022.7_015LL_sci.fits HS00366d2_W 428.648488448 463.485218859 58280.2572073047 14.218 51.3479 291.14907 317.255262 -110.033903711475 18.715
201806sci:/work/03946/hetdex/maverick/20180612/virus/virus0000013/exp01/virus/20180612T035703.9_015LL_sci.fits HS00200d2_W_000_W 367.14882176 402.672547578 58281.1646287474 12.0047 51.3479 291.126324 317.234144 -109.990166712552 25.0616666666667
201806sci:/work/03946/hetdex/maverick/20180612/virus/virus0000014/exp01/virus/20180612T042854.3_015LL_sci.fits HS00238d2_W 367.250234112 402.767820106 58281.1867397367 12.5113 51.3479 291.126216 317.234044 -109.998914112337 24.5927777777778
201806sci:/work/03946/hetdex/maverick/20180612/virus/virus0000015/exp01/virus/20180612T045227.3_015LL_sci.fits HS00266d2_W 368.250028544 404.211932263 58281.2030947334 12.8847 51.3479 291.126109 317.233944 -109.998914112337 24.1944444444444
201806sci:/work/03946/hetdex/maverick/20180612/virus/virus0000016/exp01/virus/20180612T051617.3_015LL_sci.fits HS00298d2_W 368.099151872 403.688706541 58281.2196448012 13.3113 51.3479 291.126109 317.233944 -110.033903711475 23.8572222222222
201806sci:/work/03946/hetdex/maverick/20180612/virus/virus0000017/exp01/virus/20180612T053955.9_015LL_sci.fits HS00324d2_W 368.348966656 403.941562676 58281.2360640476 13.658 51.3479 291.126001 317.233844 -109.950803413521 23.505
201806sci:/work/03946/hetdex/maverick/20180612/virus/virus0000018/exp01/virus/20180612T060334.4_015LL_sci.fits HS00360d2_W 367.699320832 404.811593146 58281.2524824901 14.138 51.3479 291.126109 317.233944 -110.068893310614 23.4033333333333
201806sci:/work/03946/hetdex/maverick/20180612/virus/virus0000019/exp01/virus/20180612T062648.9_015LL_sci.fits HS00432_W 367.599823872 403.488351717 58281.268621916 14.5167 51.1279 291.126109 317.233944 -109.959550813306 24.05
201806sci:/work/03946/hetdex/maverick/20180612/virus/virus0000020/exp01/virus/20180612T065019.0_015LL_sci.fits HS00420d3_W 366.999003648 402.589795209 58281.2849428258 14.9327 51.5679 291.126109 317.233944 -110.064519610722 24.1616666666667
201806sci:/work/03946/hetdex/maverick/20180612/virus/virus0000021/exp01/virus/20180612T071451.7_015LL_sci.fits HS00490_W 367.649509888 403.112449304 58281.3019882245 15.29 51.1279 291.126109 317.233944 -109.942056013737 23.9027777777778
201806sci:/work/03946/hetdex/maverick/20180612/virus/virus0000022/exp01/virus/20180612T073821.3_015LL_sci.fits HS00522d2_W 367.597876736 402.840006376 58281.3183022197 15.7167 51.3479 291.126001 317.233844 -110.051398511045 23.3466666666667
201806sci:/work/03946/hetdex/maverick/20180612/virus/virus0000023/exp01/virus/20180612T080251.1_015LL_sci.fits HS00526d2_W 367.248861952 402.937054962 58281.3353138035 15.77 51.3479 291.126001 317.233844 -109.994540412445 23.1061111111111
201806sci:/work/03946/hetdex/maverick/20180613/virus/virus0000012/exp01/virus/20180613T033124.2_015LL_sci.fits GNdeepR4_000_W 367.048217856 402.436550592 58282.146808641 12.616806 62.202944 323.107285 340.927041 -110.003287812229 22.585
201806sci:/work/03946/hetdex/maverick/20180613/virus/virus0000014/exp01/virus/20180613T041557.3_015LL_sci.fits HS00230d2_W_000_W 366.849708032 402.38563259 58282.1777475611 12.4047 51.3479 291.127187 317.234945 -109.998914112337 21.4994444444444
201806sci:/work/03946/hetdex/maverick/20180613/virus/virus0000016/exp01/virus/20180613T045525.9_015LL_sci.fits HS00284d2_W_000_W 366.897601024 401.507379377 58282.2051619235 13.1247 51.3479 291.127079 317.234845 -110.012035212014 20.8388888888889
201806sci:/work/03946/hetdex/maverick/20180613/virus/virus0000017/exp01/virus/20180613T052017.1_015LL_sci.fits HS00354_W 368.000317952 403.658871201 58282.2224207027 13.4767 51.1279 291.126971 317.234745 -110.007661512122 20.46
201806sci:/work/03946/hetdex/maverick/20180613/virus/virus0000018/exp01/virus/20180613T054440.2_015LL_sci.fits HS00344d2_W 368.097908224 403.691780163 58282.2393547515 13.9247 51.3479 291.126864 317.234645 -110.016408911906 20.4505555555555
201806sci:/work/03946/hetdex/maverick/20180613/virus/virus0000019/exp01/virus/20180613T060824.0_015LL_sci.fits HS00374d2_W 368.249649408 404.309458613 58282.2558341818 14.3247 51.3479 291.126864 317.234645 -110.016408911906 20.2022222222222
201806sci:/work/03946/hetdex/maverick/20180613/virus/virus0000020/exp01/virus/20180613T063203.1_015LL_sci.fits HS00400d3_W 367.84714752 403.564903974 58282.2722586575 14.666 51.5679 291.126864 317.234645 -109.990166712552 19.8066666666667
201806sci:/work/03946/hetdex/maverick/20180613/virus/virus0000021/exp01/virus/20180613T065516.9_015LL_sci.fits HS00430d2_W 368.04935168 403.813561901 58282.2883910346 15.0713 51.3479 291.126756 317.234545 -110.007661512122 19.51
201806sci:/work/03946/hetdex/maverick/20180613/virus/virus0000022/exp01/virus/20180613T071820.1_015LL_sci.fits HS00504d3_W 367.9989888 404.19108005 58282.3043995923 15.4767 51.5679 291.126756 317.234545 -110.007661512122 19.2683333333333
201806sci:/work/03946/hetdex/maverick/20180613/virus/virus0000023/exp01/virus/20180613T074111.5_015LL_sci.fits HS00526d3_W 367.000472576 402.385624429 58282.3202728429 15.77 51.5679 291.126756 317.234545 -109.994540412445 19.0616666666667
201806sci:/work/03946/hetdex/maverick/20180613/virus/virus0000024/exp01/virus/20180613T080503.7_015LL_sci.fits HS00522d3_W 487.70120192 523.23321392 58282.3368492452 15.7167 51.5679 291.126647 317.234444 -110.038277411368 18.715
201806sci:/work/03946/hetdex/maverick/20180614/virus/virus0000013/exp01/virus/20180614T033753.6_015LL_sci.fits HS00184d2_W 368.099275008 402.666122822 58283.1513153156 11.7913 51.3479 291.321148 317.414797 -110.016408911906 20.4372222222222
201806sci:/work/03946/hetdex/maverick/20180614/virus/virus0000014/exp01/virus/20180614T040109.7_015LL_sci.fits HS00218d2_W 367.250118656 402.034185823 58283.1674738615 12.2447 51.3479 291.321148 317.414797 -110.003287812229 20.1
201806sci:/work/03946/hetdex/maverick/20180614/virus/virus0000015/exp01/virus/20180614T042551.5_015LL_sci.fits HS00248d2_W 367.8982464 403.039635055 58283.1846246552 12.6447 51.3479 291.321148 317.414797 -110.012035212014 19.8844444444444
201806sci:/work/03946/hetdex/maverick/20180614/virus/virus0000017/exp01/virus/20180614T045215.9_015LL_sci.fits HS00280d2_W 367.547603712 403.49090458 58283.2029623627 13.0713 51.3479 291.321148 317.414797 -109.98579301266 19.7044444444444
201806sci:/work/03946/hetdex/maverick/20180614/virus/virus0000024/exp01/virus/20180614T073612.1_015LL_sci.fits HS00520d2_W_000_W 367.84865792 402.861880288 58283.316807745 15.69 51.3479 291.212172 317.313812 -109.990166712552 17.2522222222222
201806sci:/work/03946/hetdex/maverick/20180618/virus/virus0000015/exp01/virus/20180618T060014.0_015LL_sci.fits HS00426_W 367.897552128 403.45800706 58287.2501625582 14.4367 51.1279 290.877607 317.002748 -110.025156311691 18.4311111111111
201806sci:/work/03946/hetdex/maverick/20180618/virus/virus0000016/exp01/virus/20180618T062418.9_015LL_sci.fits HS00416d3_W 368.04807424 403.892701849 58287.2668862743 14.8793 51.5679 290.8775 317.002648 -110.003287812229 18.7888888888889
201806sci:/work/03946/hetdex/maverick/20180618/virus/virus0000017/exp01/virus/20180618T064810.6_015LL_sci.fits HS00444d2_W 368.349580288 403.664816855 58287.2834571213 15.258 51.3479 290.8775 317.002648 -110.003287812229 18.6122222222222
201806sci:/work/03946/hetdex/maverick/20180618/virus/virus0000018/exp01/virus/20180618T071142.1_015LL_sci.fits HS00518d2_W 367.699275008 402.987811451 58287.2997939405 15.6633 51.3479 290.8775 317.002648 -109.994540412445 18.6511111111111
201806sci:/work/03946/hetdex/maverick/20180618/virus/virus0000019/exp01/virus/20180618T073548.9_015LL_sci.fits HS00520d3_W 367.99885312 403.849717939 58287.316538454 15.69 51.5679 290.8775 317.002648 -109.998914112337 19.0611111111111
201806sci:/work/03946/hetdex/maverick/20180619/virus/virus0000011/exp01/virus/20180619T063840.9_015LL_sci.fits HS00438d3_W 367.598434304 403.183357613 58288.2768631061 15.1727 51.5679 291.766793 317.826046 -109.998914112337 18.8988888888889
201806sci:/work/03946/hetdex/maverick/20180619/virus/virus0000012/exp01/virus/20180619T070237.1_015LL_sci.fits HS00512d3_W 368.10020864 404.236302408 58288.2934861034 15.5833 51.5679 291.766683 317.825945 -110.025156311691 18.5483333333333
201807sci:/work/03946/hetdex/maverick/20180705/virus/virus0000006/exp01/virus/20180705T033011.3_015LL_sci.fits HS00282d2_W 548.299523328 583.659986954 58304.1459642733 13.098 51.3479 291.318986 317.412795 -104.995401435532 22.7522222222222
201807sci:/work/03946/hetdex/maverick/20180705/virus/virus0000007/exp01/virus/20180705T040317.2_015LL_sci.fits HS00322d2_W 367.349567488 403.562982382 58304.1689492031 13.6313 51.3479 291.319095 317.412896 -105.004148835316 22.5955555555556
201807sci:/work/03946/hetdex/maverick/20180705/virus/virus0000008/exp01/virus/20180705T042726.3_015LL_sci.fits HS00396_W 486.849628416 522.71555119 58304.185721199 14.0367 51.1279 291.319095 317.412896 -105.026017334778 22.2938888888889
201807sci:/work/03946/hetdex/maverick/20180705/virus/virus0000009/exp01/virus/20180705T045839.9_015LL_sci.fits HS00396d3_W 547.400223744 583.413982637 58304.207406966 14.6127 51.5679 291.319203 317.412996 -104.964785536285 22.47
201807sci:/work/03946/hetdex/maverick/20180705/virus/virus0000010/exp01/virus/20180705T053130.3_015LL_sci.fits HS00434d3_W 367.299165184 402.534591257 58304.2302125604 15.1193 51.5679 291.319203 317.412996 -105.021643634886 22.4405555555556
201807sci:/work/03946/hetdex/maverick/20180705/virus/virus0000011/exp01/virus/20180705T055451.4_015LL_sci.fits HS00506d2_W 368.099262976 403.239784329 58304.2464290969 15.5033 51.3479 291.319203 317.412996 -104.995401435532 22.4355555555556
201807sci:/work/03946/hetdex/maverick/20180707/virus/virus0000007/exp01/virus/20180707T035502.8_015LL_sci.fits HS00320d2_W_000_W 427.849480192 463.659361225 58306.1632271372 13.6047 51.3479 291.144433 317.250958 -105.008522535209 17.8522222222222
201807sci:/work/03946/hetdex/maverick/20180708/virus/virus0000004/exp01/virus/20180708T035214.9_015LL_sci.fits HS00320d2_W 367.149204224 402.34194667 58307.1612840658 13.6047 51.3479 291.318662 317.412495 -105.004148835316 16.2561111111111
201807sci:/work/03946/hetdex/maverick/20180708/virus/virus0000005/exp01/virus/20180708T041546.8_015LL_sci.fits HS00352d2_W 366.800278784 402.76436468 58307.1776255211 14.0313 51.3479 291.318662 317.412495 -105.004148835316 16.0422222222222
201807sci:/work/03946/hetdex/maverick/20180708/virus/virus0000006/exp01/virus/20180708T043935.8_015LL_sci.fits HS00382d2_W 368.100035584 403.6368546 58307.1941645499 14.4313 51.3479 291.31877 317.412595 -105.008522535209 16.1477777777778
201807sci:/work/03946/hetdex/maverick/20180708/virus/virus0000007/exp01/virus/20180708T050243.7_015LL_sci.fits HS00412d2_W 367.148248576 402.408187316 58307.2102290555 14.8313 51.3479 291.31877 317.412595 -104.991027735639 16.3111111111111
201807sci:/work/03946/hetdex/maverick/20180708/virus/virus0000008/exp01/virus/20180708T052547.4_015LL_sci.fits HS00486_W 487.348040192 522.86156799 58307.2262434876 15.2367 51.1279 291.31877 317.412595 -105.047885834239 16.1144444444444
201807sci:/work/03946/hetdex/maverick/20180709/virus/virus0000013/exp01/virus/20180709T041909.2_015LL_sci.fits HS00366d2_W 428.199883776 463.515192665 58308.1799682472 14.218 51.3479 291.327741 317.420902 -105.004148835316 16.0405555555556
201807sci:/work/03946/hetdex/maverick/20180712/virus/virus0000012/exp01/virus/20180712T040947.3_015LL_sci.fits HS00358d2_W_000_W 427.298059008 462.389771799 58311.1734648594 14.1113 51.3479 291.157911 317.263469 -105.008522535209 20.6361111111111
201807sci:/work/03946/hetdex/maverick/20180712/virus/virus0000013/exp01/virus/20180712T044402.7_015LL_sci.fits HS00408d3_W_000_W 366.89988736 402.584827105 58311.1972537367 14.7727 51.5679 291.624065 317.694634 -104.995401435532 20.045
201807sci:/work/03946/hetdex/maverick/20180712/virus/virus0000014/exp01/virus/20180712T050836.7_015LL_sci.fits HS00482_W_000_W 367.298872832 402.708533098 58311.2143142233 15.1833 51.1279 290.752737 316.88625 -105.021643634886 19.7388888888889
201807sci:/work/03946/hetdex/maverick/20180714/virus/virus0000007/exp01/virus/20180714T040750.5_015LL_sci.fits HS00368d2_W 366.899878144 403.164175881 58313.1721131857 14.2447 51.3479 291.322986 317.416499 -104.999775135424 22.595
201807sci:/work/03946/hetdex/maverick/20180714/virus/virus0000008/exp01/virus/20180714T043141.5_015LL_sci.fits HS00402d2_W 366.950403072 402.640372417 58313.188675364 14.698 51.3479 291.322878 317.416399 -105.012896235101 22.0083333333333
201807sci:/work/03946/hetdex/maverick/20180714/virus/virus0000009/exp01/virus/20180714T050041.5_015LL_sci.fits HS00440d3_W_000_W 366.949597184 402.084528035 58313.2088142326 15.1993 51.5679 291.638618 317.708046 -105.004148835316 21.6433333333333
201807sci:/work/03946/hetdex/maverick/20180715/virus/virus0000007/exp01/virus/20180715T050618.2_015LL_sci.fits HS00494d2_W_000_W 367.849135104 402.56693691 58314.2127117221 15.3433 51.3479 291.202783 317.305104 -105.017269934993 19.7
201807sci:/work/03946/hetdex/maverick/20180717/virus/virus0000010/exp01/virus/20180717T050349.8_015LL_sci.fits HS00500d2_W 367.599105792 403.534969394 58316.2109936983 15.4233 51.3479 291.319851 317.413596 -105.039138434455 19.2177777777778
201807sci:/work/03946/hetdex/maverick/20180717/virus/virus0000011/exp01/virus/20180717T052650.4_015LL_sci.fits HS00518d3_W 366.999017728 402.559239606 58316.2269725669 15.6633 51.5679 291.319851 317.413596 -104.964785536285 19.0472222222222
