20180611 017 1.01762 HS00338d2_W_000_W 372.449377536
20180611 018 1.17117 HS00366d2_W 428.648488448
20180612 013 1.00314 HS00200d2_W_000_W 367.14882176
20180612 014 1.00342 HS00238d2_W 367.250234112
20180612 015 1.00615 HS00266d2_W 368.250028544
20180612 016 1.00574 HS00298d2_W 368.099151872
20180612 017 1.00642 HS00324d2_W 368.348966656
20180612 018 1.00464 HS00360d2_W 367.699320832
20180612 019 1.00437 HS00432_W 367.599823872
20180612 020 1.00273 HS00420d3_W 366.999003648
20180612 021 1.00451 HS00490_W 367.649509888
20180612 022 1.00437 HS00522d2_W 367.597876736
20180612 023 1.00341 HS00526d2_W 367.248861952
20180613 012 1.00286 GNdeepR4_000_W 367.048217856
20180613 014 1.00232 HS00230d2_W_000_W 366.849708032
20180613 016 1.00245 HS00284d2_W_000_W 366.897601024
20180613 017 1.00547 HS00354_W 368.000317952
20180613 018 1.00573 HS00344d2_W 368.097908224
20180613 019 1.00615 HS00374d2_W 368.249649408
20180613 020 1.00505 HS00400d3_W 367.84714752
20180613 021 1.0056 HS00430d2_W 368.04935168
20180613 022 1.00546 HS00504d3_W 367.9989888
20180613 023 1.00273 HS00526d3_W 367.000472576
20180613 024 1.33252 HS00522d3_W 487.70120192
20180614 013 1.00574 HS00184d2_W 368.099275008
20180614 014 1.00342 HS00218d2_W 367.250118656
20180614 015 1.00519 HS00248d2_W 367.8982464
20180614 017 1.00423 HS00280d2_W 367.547603712
20180614 024 1.00505 HS00520d2_W_000_W 367.84865792
20180618 015 1.00518 HS00426_W 367.897552128
20180618 016 1.0056 HS00416d3_W 368.04807424
20180618 017 1.00642 HS00444d2_W 368.349580288
20180618 018 1.00464 HS00518d2_W 367.699275008
20180618 019 1.00546 HS00520d3_W 367.99885312
20180619 011 1.00437 HS00438d3_W 367.598434304
20180619 012 1.00574 HS00512d3_W 368.10020864
20180705 006 1.49809 HS00282d2_W 548.299523328
20180705 007 1.00369 HS00322d2_W 367.349567488
20180705 008 1.33019 HS00396_W 486.849628416
20180705 009 1.49563 HS00396d3_W 547.400223744
20180705 010 1.00355 HS00434d3_W 367.299165184
20180705 011 1.00574 HS00506d2_W 368.099262976
20180707 007 1.16899 HS00320d2_W_000_W 427.849480192
20180708 004 1.00314 HS00320d2_W 367.149204224
20180708 005 1.00219 HS00352d2_W 366.800278784
20180708 006 1.00574 HS00382d2_W 368.100035584
20180708 007 1.00314 HS00412d2_W 367.148248576
20180708 008 1.33155 HS00486_W 487.348040192
20180709 013 1.16995 HS00366d2_W 428.199883776
20180712 012 1.16748 HS00358d2_W_000_W 427.298059008
20180712 013 1.00246 HS00408d3_W_000_W 366.89988736
20180712 014 1.00355 HS00482_W_000_W 367.298872832
20180714 007 1.00246 HS00368d2_W 366.899878144
20180714 008 1.0026 HS00402d2_W 366.950403072
20180714 009 1.00259 HS00440d3_W_000_W 366.949597184
20180715 007 1.00505 HS00494d2_W_000_W 367.849135104
20180717 010 1.00437 HS00500d2_W 367.599105792
20180717 011 1.00273 HS00518d3_W 366.999017728
