201701sci:/work/03946/hetdex/maverick/20170117/virus/virus0000004/exp03/virus/20170117T020538.4_105LL_sci.fits HF45_W_094 365.19966464 395.061365 57770.0872503892 1.3751 0.154563 207.783358  -110.020652 8.57722222222222
201701sci:/work/03946/hetdex/maverick/20170119/virus/virus0000003/exp03/virus/20170119T020345.8_105LL_sci.fits HF32_W_094_094_W 6.899871488 399.833619 57772.0859468109 1.4036 -0.098885 206.981397  -110.020652 5.66222222222222
201808sci:/work/03946/hetdex/maverick/20180808/virus/virus0000025/exp03/virus/20180808T085235.4_105LL_sci.fits HF00104_E 368.299131392 404.279834371 58338.3698542067 0.454667 -0.15 153.455483 148.692577 -105.000484079123 20.7205555555556
201808sci:/work/03946/hetdex/maverick/20180810/virus/virus0000009/exp03/virus/20180810T092822.6_105LL_sci.fits HF00126_E_000_E 547.398352384 582.729206493 58340.3947064569 0.850667 -0.15 153.127723 148.293121 -105.013521179557 18.7366666666667
201808sci:/work/03946/hetdex/maverick/20180810/virus/virus0000010/exp03/virus/20180810T095650.8_105LL_sci.fits HF00154_E 366.948427008 402.205926482 58340.4144772668 1.354667 -0.15 153.127723 148.293121 -105.000484079123 18.6222222222222
201808sci:/work/03946/hetdex/maverick/20180810/virus/virus0000011/exp03/virus/20180810T101852.1_105LL_sci.fits HF00180_E 28.548590848 63.231049687 58340.429770798 1.822667 -0.15 153.127723 148.293121 -104.983101278543 18.3938888888889
201808sci:/work/03946/hetdex/maverick/20180814/virus/virus0000008/exp03/virus/20180814T093843.6_105LL_sci.fits HF00151_E_000_E 367.498383616 402.758638781 58344.4018936753 1.300667 -0.15 153.144266 148.313293 -105.013521179557 16.4216666666667
201808sci:/work/03946/hetdex/maverick/20180814/virus/virus0000009/exp03/virus/20180814T100517.2_105LL_sci.fits HF00179_E 548.348590848 584.081192996 58344.4203387974 -999999.9 -999999.9 153.144184 148.313193 -105.000484079123 15.8655555555556
201808sci:/work/03946/hetdex/maverick/20180815/virus/virus0000016/exp03/virus/20180815T083257.6_105LL_sci.fits HF00101_E 426.848840704 462.358158033 58345.3562228223 0.400667 -0.15 153.456631 148.693975 -105.000484079123 19.2733333333333
201808sci:/work/03946/hetdex/maverick/20180815/virus/virus0000017/exp03/virus/20180815T085929.7_105LL_sci.fits HF00119_E 427.250045952 462.783087636 58345.3746496453 0.724667 -0.15 153.456631 148.693975 -105.004829779267 18.6227777777778
201808sci:/work/03946/hetdex/maverick/20180815/virus/virus0000018/exp03/virus/20180815T092430.9_105LL_sci.fits HF00143_E 366.700330752 402.283042669 58345.3920246693 1.156667 -0.15 153.456631 148.693975 -105.000484079123 17.6961111111111
201808sci:/work/03946/hetdex/maverick/20180820/virus/virus0000017/exp03/virus/20180820T081944.1_105LL_sci.fits HF00102_E 428.598278912 464.358550015 58350.3470389084 0.418667 -0.15 153.454416 148.691278 -105.009175479412 20.9844444444444
201808sci:/work/03946/hetdex/maverick/20180820/virus/virus0000018/exp03/virus/20180820T084845.7_105LL_sci.fits HF00127_E 427.597333504 462.331533072 58350.3671963597 0.868667 -0.15 153.454499 148.691378 -104.987446978688 21.0361111111111
201808sci:/work/03946/hetdex/maverick/20180820/virus/virus0000020/exp03/virus/20180820T092334.1_105LL_sci.fits HF00157_E 546.750383872 582.432791274 58350.3913672636 1.408667 -0.15 153.454499 148.691378 -105.000484079123 21.0777777777778
201808sci:/work/03946/hetdex/maverick/20180820/virus/virus0000022/exp03/virus/20180820T101716.8_105LL_sci.fits HF00202_E 546.748158976 582.554792634 58350.4286677307 2.218667 -0.15 153.454499 148.691378 -104.991792678833 21.06
201808sci:/work/03946/hetdex/maverick/20180820/virus/virus0000023/exp03/virus/20180820T104554.2_105LL_sci.fits HF00208_W 366.899274752 402.079647304 58350.4485448045 0.472667 0.15 207.4882 212.458733 -105.017866879702 20.6361111111111
201808sci:/work/03946/hetdex/maverick/20180821/virus/virus0000018/exp03/virus/20180821T080549.2_105LL_sci.fits HF00109_E 366.897174272 402.282900305 58351.3373750942 0.544667 -0.15 153.456794 148.694174 -105.004829779267 18.4583333333333
201808sci:/work/03946/hetdex/maverick/20180821/virus/virus0000019/exp03/virus/20180821T082904.8_105LL_sci.fits HF00114_E 367.148169472 402.734607708 58351.3535278947 0.634667 -0.15 153.456713 148.694075 -105.009175479412 18.2694444444444
201808sci:/work/03946/hetdex/maverick/20180821/virus/virus0000021/exp03/virus/20180821T090549.1_105LL_sci.fits HF00150_E_000_E 367.79794176 403.406079335 58351.3790415092 1.282667 -0.15 153.144757 148.313892 -105.004829779267 17.8933333333333
201808sci:/work/03946/hetdex/maverick/20180821/virus/virus0000022/exp03/virus/20180821T092949.7_105LL_sci.fits HF00170_E 366.999329792 402.204778042 58351.3957147393 1.642667 -0.15 153.144675 148.313792 -105.013521179557 17.8072222222222
201808sci:/work/03946/hetdex/maverick/20180821/virus/virus0000023/exp03/virus/20180821T095326.4_105LL_sci.fits HF00192_E 367.199234816 402.88104744 58351.4121112605 2.038667 -0.15 153.144675 148.313792 -105.000484079123 17.7872222222222
201808sci:/work/03946/hetdex/maverick/20180821/virus/virus0000028/exp03/virus/20180821T105554.9_105LL_sci.fits HF00220_W_000_W 366.950269952 403.068609172 58351.4554972714 0.688667 0.15 207.804604 212.845585 -105.013521179557 17.9761111111111
201808sci:/work/03946/hetdex/maverick/20180822/virus/virus0000020/exp03/virus/20180822T092925.2_105LL_sci.fits HF00171_E_000_E 487.90024192 522.586113478 58352.3954314692 1.660667 -0.15 153.154503 148.325776 -105.022212579846 18.7166666666667
201808sci:/work/03946/hetdex/maverick/20180822/virus/virus0000021/exp03/virus/20180822T100120.8_105LL_sci.fits HF00199_E_000_E 488.748312064 524.882576002 58352.4176018923 2.164667 -0.15 153.176454 148.35254 -105.013521179557 18.955
201808sci:/work/03946/hetdex/maverick/20180822/virus/virus0000022/exp03/virus/20180822T103554.2_105LL_sci.fits HF00212_W_000_W 427.148406784 462.357441877 58352.4415999367 0.544667 0.15 207.806483 212.847884 -105.017866879702 18.8738888888889
201808sci:/work/03946/hetdex/maverick/20180822/virus/virus0000023/exp03/virus/20180822T110154.2_105LL_sci.fits HF00231_W_000_W 367.200500992 402.880214583 58352.4596558223 0.886667 0.15 207.806401 212.847784 -105.013521179557 18.79
201808sci:/work/03946/hetdex/maverick/20180823/virus/virus0000018/exp03/virus/20180823T104341.6_105LL_sci.fits HF00213_W_000_W 367.848141056 402.835064232 58353.4470098792 0.562667 0.15 207.806401 212.847784 -105.004829779267 18.7644444444444
201809sci:/work/03946/hetdex/maverick/20180905/virus/virus0000024/exp03/virus/20180905T072237.9_105LL_sci.fits HF00544_E_000_E 368.44940032 403.529921256 58366.3073837729 0.558667 0 152.656154 147.717605 -110.015422046185 18.4455555555556
201809sci:/work/03946/hetdex/maverick/20180905/virus/virus0000025/exp03/virus/20180905T074641.4_105LL_sci.fits HF00548_E_000_E 367.60048 402.436388296 58366.3240903281 0.630667 0 152.656154 147.717605 -109.985002145171 18.58
201809sci:/work/03946/hetdex/maverick/20180910/virus/virus0000015/exp03/virus/20180910T070800.0_105LL_sci.fits HF00545_E_000_E 426.7012352 462.664859386 58371.2972225766 0.576667 0 152.652639 147.713311 -110.01107634604 14.6327777777778
201809sci:/work/03946/hetdex/maverick/20180910/virus/virus0000016/exp03/virus/20180910T073442.9_105LL_sci.fits HF00559_E 428.197428224 464.53886539 58371.3157751262 1.045333 0 152.652639 147.713311 -110.01107634604 16.0488888888889
201809sci:/work/03946/hetdex/maverick/20180910/virus/virus0000017/exp03/virus/20180910T075941.9_105LL_sci.fits HF00565_E 366.800242432 401.9852437 58371.3331244676 1.476667 0 152.652639 147.713311 -110.006730645895 14.7277777777778
201809sci:/work/03946/hetdex/maverick/20180910/virus/virus0000018/exp03/virus/20180910T082446.6_105LL_sci.fits HF00568_E 428.25034368 463.930314299 58371.3505398976 1.783333 0 152.652639 147.713311 -110.028459146619 14.3577777777778
201809sci:/work/03946/hetdex/maverick/20180910/virus/virus0000020/exp03/virus/20180910T085311.7_105LL_sci.fits HF00419_E 367.051147008 402.380679694 58371.370274554 2.344667 -0.15 152.652721 147.713411 -109.998039245605 16.6005555555556
201809sci:/work/03946/hetdex/maverick/20180910/virus/virus0000021/exp03/virus/20180910T091751.8_105LL_sci.fits HF00425_E 427.450244864 462.157351024 58371.387405159 2.452667 -0.15 152.652721 147.713411 -110.015422046185 17.2644444444444
201809sci:/work/03946/hetdex/maverick/20180910/virus/virus0000022/exp03/virus/20180910T094306.2_105LL_sci.fits HF00551_W 368.399255296 404.132705878 58371.4049332258 0.74 0 207.019827 211.886857 -109.998039245605 16.8088888888889
201809sci:/work/03946/hetdex/maverick/20180910/virus/virus0000023/exp03/virus/20180910T100709.5_105LL_sci.fits HF00563_W 367.698532096 402.332089212 58371.4216380296 1.296667 0 207.019745 211.886757 -110.01107634604 16.6311111111111
201809sci:/work/03946/hetdex/maverick/20180910/virus/virus0000024/exp03/virus/20180910T105022.9_105LL_sci.fits HF00513_W_000_W 366.849234688 401.656458034 58371.4516542573 1.915333 0.32 208.288342 213.437862 -109.998039245605 16.3222222222222
201809sci:/work/03946/hetdex/maverick/20180911/virus/virus0000016/exp03/virus/20180911T071107.9_105LL_sci.fits HF00120_E_000_E 367.051945984 401.858197262 58372.2993973247 0.742667 -0.15 153.125511 148.290424 -110.006730645895 14.8722222222222
201809sci:/work/03946/hetdex/maverick/20180911/virus/virus0000017/exp03/virus/20180911T073425.7_105LL_sci.fits HF00561_E 368.550939392 403.338734772 58372.3155760393 1.153333 0 153.125429 148.290324 -110.01107634604 14.9055555555556
201809sci:/work/03946/hetdex/maverick/20180911/virus/virus0000018/exp03/virus/20180911T075756.3_105LL_sci.fits HF00566_E 367.802362368 403.10609481 58372.3319021408 1.496667 0 153.125429 148.290324 -110.024113446474 14.8566666666667
201809sci:/work/03946/hetdex/maverick/20180911/virus/virus0000019/exp03/virus/20180911T082204.6_105LL_sci.fits HF00569_E 367.551223808 402.508741352 58372.3486653687 2.016667 0 153.125429 148.290324 -110.00238494575 14.8577777777778
201809sci:/work/03946/hetdex/maverick/20180911/virus/virus0000020/exp03/virus/20180911T084635.6_105LL_sci.fits HF00570_E 367.750029568 402.832494225 58372.3656899952 2.142667 0 153.125348 148.290225 -110.006730645895 15.2133333333333
201809sci:/work/03946/hetdex/maverick/20180911/virus/virus0000021/exp03/virus/20180911T090940.7_105LL_sci.fits HF00424_E 367.096376576 402.881818383 58372.3817213266 2.434667 -0.15 153.125348 148.290225 -110.015422046185 15.7916666666667
201809sci:/work/03946/hetdex/maverick/20180911/virus/virus0000022/exp03/virus/20180911T093452.2_105LL_sci.fits HF00551_W 368.548717824 403.505987306 58372.3992153313 0.74 0 207.021548 211.888956 -110.00238494575 16.0811111111111
201809sci:/work/03946/hetdex/maverick/20180911/virus/virus0000023/exp03/virus/20180911T095836.5_105LL_sci.fits HF00563_W 366.899373824 402.307719812 58372.4157004398 1.296667 0 207.021548 211.888956 -110.006730645895 15.155
201809sci:/work/03946/hetdex/maverick/20180911/virus/virus0000024/exp03/virus/20180911T102158.5_105LL_sci.fits HF00268_W 367.201949696 403.633848506 58372.4319281378 1.552667 0.15 207.021548 211.888956 -110.006730645895 15.47
201809sci:/work/03946/hetdex/maverick/20180911/virus/virus0000025/exp03/virus/20180911T104501.7_105LL_sci.fits HF00567_W 367.198992384 402.006003474 58372.4479373037 1.73 0 207.021548 211.888956 -110.00238494575 15.4122222222222
201809sci:/work/03946/hetdex/maverick/20180911/virus/virus0000026/exp03/virus/20180911T110913.8_105LL_sci.fits HF00430_W 367.150523392 402.630458143 58372.4647440719 2.326667 0.15 207.021548 211.888956 -110.006730645895 15.4305555555556
201809sci:/work/03946/hetdex/maverick/20180912/virus/virus0000017/exp03/virus/20180912T070615.0_105LL_sci.fits HF00547_E 427.14818816 463.081853944 58373.2960074758 0.612667 0 152.978387 148.110969 -110.01107634604 16.3794444444444
201809sci:/work/03946/hetdex/maverick/20180912/virus/virus0000018/exp03/virus/20180912T073116.5_105LL_sci.fits HF00560_E 368.449565696 404.282142537 58373.3133856915 1.063333 0 152.978387 148.110969 -110.006730645895 16.3338888888889
201809sci:/work/03946/hetdex/maverick/20180912/virus/virus0000019/exp03/virus/20180912T075404.0_105LL_sci.fits HF00564_E 367.299442432 402.594860251 58373.3292138809 1.333333 0 152.978387 148.110969 -110.01107634604 16.2338888888889
201809sci:/work/03946/hetdex/maverick/20180912/virus/virus0000020/exp03/virus/20180912T081809.8_105LL_sci.fits HF00184_E 368.24983936 403.756680087 58373.3459474179 1.894667 -0.15 152.978387 148.110969 -110.01107634604 16.2283333333333
201809sci:/work/03946/hetdex/maverick/20180912/virus/virus0000021/exp03/virus/20180912T084144.9_105LL_sci.fits HF00416_E 367.4477568 403.305597232 58373.3623259556 2.290667 -0.15 152.978387 148.110969 -110.00238494575 16.4038888888889
201809sci:/work/03946/hetdex/maverick/20180912/virus/virus0000022/exp03/virus/20180912T090514.2_105LL_sci.fits HF00423_E 367.800495104 402.985736301 58373.3786367881 2.416667 -0.15 152.978387 148.110969 -110.006730645895 16.37
201809sci:/work/03946/hetdex/maverick/20180912/virus/virus0000025/exp03/virus/20180912T095032.3_105LL_sci.fits HF00466_W 367.648817664 402.463086415 58373.4100965853 1.069333 0.32 208.00971 213.096589 -110.006730645895 16.3844444444444
201809sci:/work/03946/hetdex/maverick/20180912/virus/virus0000026/exp03/virus/20180912T101421.1_105LL_sci.fits HF00488_W 368.10043008 403.332173575 58373.4266333166 1.465333 0.32 208.009629 213.09649 -110.019767746329 16.3888888888889
201809sci:/work/03946/hetdex/maverick/20180912/virus/virus0000027/exp03/virus/20180912T103809.7_105LL_sci.fits HF00510_W 367.549468928 402.8442808 58373.4431681391 1.861333 0.32 208.00971 213.096589 -109.993693545461 16.6527777777778
201809sci:/work/03946/hetdex/maverick/20180912/virus/virus0000028/exp03/virus/20180912T110145.1_105LL_sci.fits HF00532_W 366.89761536 402.422163735 58373.4595506284 2.257333 0.32 208.00971 213.096589 -110.019767746329 16.7394444444444
201809sci:/work/03946/hetdex/maverick/20180913/virus/virus0000018/exp03/virus/20180913T083524.7_105LL_sci.fits HF00201_E 426.9988928 462.70529626 58374.3579257368 2.200667 -0.15 154.393584 149.833425 -110.015422046185 15.2816666666667
201809sci:/work/03946/hetdex/maverick/20180913/virus/virus0000019/exp03/virus/20180913T090013.8_105LL_sci.fits HF00422_E 367.899044352 402.788238388 58374.3751602112 2.398667 -0.15 154.393584 149.833425 -110.006730645895 15.8772222222222
201809sci:/work/03946/hetdex/maverick/20180913/virus/virus0000021/exp03/virus/20180913T103559.2_105LL_sci.fits HF00401_W 487.800050944 523.558115299 58374.4416578971 2.233333 -0.01 205.436864 209.960847 -110.01107634604 16.195
201809sci:/work/03946/hetdex/maverick/20180913/virus/virus0000022/exp03/virus/20180913T110140.3_105LL_sci.fits HF00408_W 366.800041216 402.559757386 58374.459495272 2.359333 -0.01 205.436864 209.960847 -110.01107634604 16.2661111111111
201809sci:/work/03946/hetdex/maverick/20180914/virus/virus0000015/exp03/virus/20180914T102322.6_105LL_sci.fits HF00502_W_000_W 367.04933888 402.434187418 58375.432901368 1.717333 0.32 208.295357 213.446459 -110.015422046185 16.3038888888889
201809sci:/work/03946/hetdex/maverick/20180914/virus/virus0000016/exp03/virus/20180914T104801.6_105LL_sci.fits HF00526_W 366.797871872 401.480606204 58375.4500185549 2.149333 0.32 208.295357 213.446459 -110.00238494575 15.7294444444444
201809sci:/work/03946/hetdex/maverick/20180914/virus/virus0000017/exp03/virus/20180914T111105.2_105LL_sci.fits HF00543_W 367.250031616 402.97830409 58375.4660332105 2.455333 0.32 208.295357 213.446459 -110.015422046185 15.8677777777778
201809sci:/work/03946/hetdex/maverick/20180915/virus/virus0000014/exp03/virus/20180915T073838.4_105LL_sci.fits HF00162_E_000_E 367.74941824 403.4580425 58376.3185004843 1.498667 -0.15 153.148197 148.318087 -110.006730645895 16.2538888888889
201809sci:/work/03946/hetdex/maverick/20180915/virus/virus0000015/exp03/virus/20180915T080918.9_105LL_sci.fits HF00188_E_000_E 367.849699072 402.907428344 58376.3398025404 1.966667 -0.15 153.168263 148.342553 -110.006730645895 15.8111111111111
201809sci:/work/03946/hetdex/maverick/20180915/virus/virus0000016/exp03/virus/20180915T083507.2_105LL_sci.fits HF00420_E_000_E 366.849778176 401.884087321 58376.35772319 2.362667 -0.15 153.186037 148.364224 -110.015422046185 15.5877777777778
201809sci:/work/03946/hetdex/maverick/20180915/virus/virus0000017/exp03/virus/20180915T090813.1_105LL_sci.fits HF00214_W_000_W 428.299205888 463.907628078 58376.3807075573 0.580667 0.15 207.811303 212.853781 -110.006730645895 15.8822222222222
201809sci:/work/03946/hetdex/maverick/20180915/virus/virus0000018/exp03/virus/20180915T093345.3_105LL_sci.fits HF00238_W_000_W 367.050327808 402.305803395 58376.3984410181 1.012667 0.15 207.799537 212.839387 -110.006730645895 15.8516666666667
201809sci:/work/03946/hetdex/maverick/20180915/virus/virus0000019/exp03/virus/20180915T095859.2_105LL_sci.fits HF00482_W_000_W 367.748349696 402.959032485 58376.4159639026 1.357333 0.32 208.307511 213.461353 -110.006730645895 15.8294444444444
201809sci:/work/03946/hetdex/maverick/20180915/virus/virus0000022/exp03/virus/20180915T104720.6_105LL_sci.fits HF00403_W_000_W 367.798416128 403.656996374 58376.4495444992 2.269333 -0.01 207.25857 212.178242 -110.01107634604 15.685
201809sci:/work/03946/hetdex/maverick/20180915/virus/virus0000023/exp03/virus/20180915T111307.5_105LL_sci.fits HF00542_W_000_W 427.349716736 461.879467229 58376.4674486006 2.437333 0.32 208.263869 213.407873 -110.006730645895 15.5444444444444
201810sci:/work/03946/hetdex/maverick/20181003/virus/virus0000009/exp03/virus/20181003T054745.0_105LL_sci.fits HF00553_E 368.050621952 403.881247489 58394.2414935934 0.774667 0 152.981989 148.115363 -105.013521179557 17.8922222222222
201810sci:/work/03946/hetdex/maverick/20181003/virus/virus0000010/exp03/virus/20181003T061153.4_105LL_sci.fits HF00562_E 366.998431232 402.207555663 58394.2582579991 1.28 0 152.981989 148.115363 -105.004829779267 17.8694444444444
201810sci:/work/03946/hetdex/maverick/20181003/virus/virus0000011/exp03/virus/20181003T063750.3_105LL_sci.fits HF00166_E 41.600314112 456.232000215 58394.2762776632 1.570667 -0.15 152.981989 148.115363 -105.000484079123 17.6133333333333
201810sci:/work/03946/hetdex/maverick/20181004/virus/virus0000010/exp03/virus/20181004T073800.6_105LL_sci.fits HF00421_E 427.397696256 463.007187712 58395.3180627166 2.380667 -0.15 153.457614 148.695173 -105.009175479412 19.2355555555556
201810sci:/work/03946/hetdex/maverick/20181005/virus/virus0000012/exp03/virus/20181005T063618.7_105LL_sci.fits HF00173_E 367.498759168 403.228501292 58396.2752172593 1.696667 -0.15 153.454663 148.691578 -105.004829779267 18.8794444444444
201810sci:/work/03946/hetdex/maverick/20181005/virus/virus0000013/exp03/virus/20181005T065946.8_105LL_sci.fits HF00196_E 368.499763712 404.35753621 58396.2915148046 2.110667 -0.15 153.454745 148.691678 -104.996138378978 18.8172222222222
201810sci:/work/03946/hetdex/maverick/20181005/virus/virus0000014/exp03/virus/20181005T072253.4_105LL_sci.fits HF00418_E 367.749817344 402.881131549 58396.3075634339 2.326667 -0.15 153.454745 148.691678 -105.000484079123 18.5333333333333
201810sci:/work/03946/hetdex/maverick/20181005/virus/virus0000017/exp03/virus/20181005T075854.4_105LL_sci.fits HF00224_W 368.199028992 403.759017078 58396.3325751829 0.760667 0.15 208.018692 213.107585 -104.996138378978 18.1
201810sci:/work/03946/hetdex/maverick/20181005/virus/virus0000018/exp03/virus/20181005T082455.0_105LL_sci.fits HF00247_W 367.049644288 404.508149749 58396.3506374466 1.174667 0.15 208.018692 213.107585 -105.026558279991 18.2333333333333
201810sci:/work/03946/hetdex/maverick/20181005/virus/virus0000019/exp03/virus/20181005T084845.9_105LL_sci.fits HF00269_W 367.200790272 402.933435729 58396.3671986852 1.570667 0.15 208.018692 213.107585 -104.983101278543 17.7611111111111
201810sci:/work/03946/hetdex/maverick/20181010/virus/virus0000014/exp03/virus/20181010T045704.8_105LL_sci.fits HF00546_E 367.750155008 402.696233252 58401.2063060859 0.594667 0 152.978059 148.110569 -105.009175479412 10.3283333333333
201810sci:/work/03946/hetdex/maverick/20181010/virus/virus0000015/exp03/virus/20181010T052019.5_105LL_sci.fits HF00552_E 367.896928768 403.531728959 58401.2224486014 0.756 0 152.978059 148.110569 -105.000484079123 10.325
201810sci:/work/03946/hetdex/maverick/20181010/virus/virus0000016/exp03/virus/20181010T054341.6_105LL_sci.fits HF00558_E 367.150975232 402.908524696 58401.238676229 0.956 0 152.978059 148.110569 -105.013521179557 10.3888888888889
201810sci:/work/03946/hetdex/maverick/20181010/virus/virus0000017/exp03/virus/20181010T060823.0_105LL_sci.fits HF00165_E 366.698662656 401.629972543 58401.2558220993 1.552667 -0.15 152.978059 148.110569 -105.017866879702 10.3066666666667
201810sci:/work/03946/hetdex/maverick/20181010/virus/virus0000018/exp03/virus/20181010T063248.3_105LL_sci.fits HF00189_E 367.847854592 402.531050182 58401.2727817916 1.984667 -0.15 152.978059 148.110569 -104.996138378978 10.3983333333333
201810sci:/work/03946/hetdex/maverick/20181010/virus/virus0000019/exp03/virus/20181010T065603.5_105LL_sci.fits HF00417_E 366.899363584 401.542826638 58401.2889295984 2.308667 -0.15 152.978059 148.110569 -105.017866879702 10.3111111111111
201810sci:/work/03946/hetdex/maverick/20181010/virus/virus0000025/exp03/virus/20181010T075335.4_105LL_sci.fits HF00453_W_000_W 366.94930176 401.503638191 58401.3288829736 0.835333 0.32 208.318931 213.475348 -105.004829779267 9.27555555555555
201810sci:/work/03946/hetdex/maverick/20181010/virus/virus0000027/exp03/virus/20181010T083053.8_105LL_sci.fits HF00270_W 487.949258496 523.654539957 58401.3547903411 1.588667 0.15 208.318931 213.475348 -105.000484079123 9.09166666666666
201810sci:/work/03946/hetdex/maverick/20181010/virus/virus0000028/exp03/virus/20181010T090306.9_105LL_sci.fits HF00297_W 547.749425152 583.531575314 58401.3771637296 2.074667 0.15 208.318849 213.475248 -105.004829779267 9.48555555555556
201810sci:/work/03946/hetdex/maverick/20181010/virus/virus0000029/exp03/virus/20181010T092945.4_105LL_sci.fits HF00437_W 367.847516928 402.506969897 58401.3956652577 2.452667 0.15 208.318849 213.475248 -105.000484079123 10.2283333333333
201810sci:/work/03946/hetdex/maverick/20181011/virus/virus0000007/exp03/virus/20181011T045924.6_105LL_sci.fits HF00549_E 427.050319616 461.932215946 58402.2079238421 0.666667 0 152.980761 148.113865 -105.004829779267 13.9805555555556
201810sci:/work/03946/hetdex/maverick/20181011/virus/virus0000008/exp03/virus/20181011T052423.0_105LL_sci.fits HF00556_E 367.1982784 402.804485472 58402.2252667183 0.92 0 152.980843 148.113965 -105.000484079123 14.3394444444444
201810sci:/work/03946/hetdex/maverick/20181011/virus/virus0000009/exp03/virus/20181011T054956.9_105LL_sci.fits HF00152_E 427.249171712 463.472116258 58402.2430207641 1.318667 -0.15 152.980679 148.113765 -105.013521179557 14.0705555555556
201810sci:/work/03946/hetdex/maverick/20181011/virus/virus0000010/exp03/virus/20181011T061359.9_105LL_sci.fits HF00176_E 366.749238016 402.232319924 58402.2597215371 1.750667 -0.15 152.980597 148.113665 -105.004829779267 13.8933333333333
201810sci:/work/03946/hetdex/maverick/20181011/virus/virus0000011/exp03/virus/20181011T063724.7_105LL_sci.fits HF00197_E 367.949268736 403.647292804 58402.275980636 2.128667 -0.15 152.980679 148.113765 -105.013521179557 14.0394444444444
201810sci:/work/03946/hetdex/maverick/20181011/virus/virus0000012/exp03/virus/20181011T070032.5_105LL_sci.fits HF00415_E 367.399273728 402.670223037 58402.2920436766 2.272667 -0.15 152.980597 148.113665 -105.004829779267 13.835
201810sci:/work/03946/hetdex/maverick/20181011/virus/virus0000013/exp03/virus/20181011T072441.1_105LL_sci.fits HF00438_W 367.548031488 403.545692029 58402.3088091793 0.565333 0.32 208.020408 213.109685 -105.013521179557 13.9044444444444
201810sci:/work/03946/hetdex/maverick/20181011/virus/virus0000014/exp03/virus/20181011T074802.1_105LL_sci.fits HF00235_W 367.09926912 402.922809596 58402.3250254607 0.958667 0.15 208.020408 213.109685 -105.004829779267 13.4588888888889
201810sci:/work/03946/hetdex/maverick/20181011/virus/virus0000015/exp03/virus/20181011T081258.8_105LL_sci.fits HF00257_W 367.500848128 403.100976758 58402.3423476811 1.354667 0.15 208.020408 213.109685 -105.009175479412 13.6955555555556
201810sci:/work/03946/hetdex/maverick/20181011/virus/virus0000016/exp03/virus/20181011T083635.4_105LL_sci.fits HF00280_W 366.748425472 402.099656064 58402.3587435815 1.768667 0.15 208.020489 213.109785 -105.000484079123 13.4827777777778
201810sci:/work/03946/hetdex/maverick/20181011/virus/virus0000017/exp03/virus/20181011T090608.2_105LL_sci.fits HF00304_W 547.098601216 582.544610461 58402.3792619845 2.200667 0.15 208.020408 213.109685 -104.996138378978 13.1994444444444
201810sci:/work/03946/hetdex/maverick/20181014/virus/virus0000009/exp03/virus/20181014T050102.0_105LL_sci.fits HF00118_E_000_E 367.249583104 404.274900887 58405.2090512197 0.706667 -0.15 153.130916 148.297015 -105.013521179557 16.4344444444444
201810sci:/work/03946/hetdex/maverick/20181014/virus/virus0000010/exp03/virus/20181014T052509.1_105LL_sci.fits HF00557_E 368.549541632 403.380002658 58405.2258002455 0.94 0 153.130998 148.297115 -104.996138378978 15.8872222222222
201810sci:/work/03946/hetdex/maverick/20181014/virus/virus0000011/exp03/virus/20181014T055300.0_105LL_sci.fits HF00164_E 487.500446976 522.94805059 58405.2451396789 1.534667 -0.15 153.130998 148.297115 -105.000484079123 15.9016666666667
201810sci:/work/03946/hetdex/maverick/20181014/virus/virus0000012/exp03/virus/20181014T061909.5_105LL_sci.fits HF00190_E 367.997967104 404.201731272 58405.263304533 2.002667 -0.15 153.130998 148.297115 -104.996138378978 15.3433333333333
201810sci:/work/03946/hetdex/maverick/20181014/virus/virus0000013/exp03/virus/20181014T064715.7_105LL_sci.fits HF00414_E 486.998014464 522.877881983 58405.2828210853 2.254667 -0.15 153.130998 148.297115 -105.000484079123 14.9955555555556
201810sci:/work/03946/hetdex/maverick/20181014/virus/virus0000014/exp03/virus/20181014T071355.4_105LL_sci.fits HF00215_W 366.851297792 402.604161582 58405.3013367029 0.598667 0.15 207.496871 212.469329 -105.013521179557 15.3616666666667
201810sci:/work/03946/hetdex/maverick/20181014/virus/virus0000015/exp03/virus/20181014T073736.8_105LL_sci.fits HF00460_W 367.050389248 402.456315382 58405.3177879257 0.961333 0.32 207.496871 212.469329 -105.000484079123 15.2405555555556
201810sci:/work/03946/hetdex/maverick/20181014/virus/virus0000016/exp03/virus/20181014T080119.2_105LL_sci.fits HF00258_W 368.09939584 403.205580648 58405.3342510662 1.372667 0.15 207.496871 212.469329 -105.004829779267 15.9877777777778
201810sci:/work/03946/hetdex/maverick/20181014/virus/virus0000017/exp03/virus/20181014T083037.3_105LL_sci.fits HF00506_W 546.647704064 582.15519649 58405.3545990717 1.789333 0.32 207.496871 212.469329 -105.017866879702 16.0166666666667
201810sci:/work/03946/hetdex/maverick/20181014/virus/virus0000018/exp03/virus/20181014T085727.6_105LL_sci.fits HF00429_W 368.450274304 404.104004268 58405.3732365184 2.308667 0.15 207.496871 212.469329 -105.004829779267 15.8138888888889
201810sci:/work/03946/hetdex/maverick/20181014/virus/virus0000019/exp03/virus/20181014T092218.2_105LL_sci.fits HF00541_W 428.15026048 463.505599807 58405.3904891508 2.419333 0.32 207.496871 212.469329 -105.000484079123 15.3994444444444
201810sci:/work/03946/hetdex/maverick/20181017/virus/virus0000008/exp03/virus/20181017T081246.8_105LL_sci.fits test_HF00281_W_000_W 68.74867968 104.53122897 58408.342208765 1.786667 0.15 207.774613 212.808899 -105.004829779267 0.490555555555553
201810sci:/work/03946/hetdex/maverick/20181017/virus/virus0000009/exp03/virus/20181017T082848.9_105LL_sci.fits test_HF00281_W_000_W 367.150144 402.356643412 58408.3533440647 1.786667 0.15 207.774613 212.808899 -105.013521179557 0.523333333333333
201810sci:/work/03946/hetdex/maverick/20181017/virus/virus0000010/exp03/virus/20181017T084444.9_105LL_sci.fits test_HF00409_W_000_W 126.700005376 162.332390425 58408.3644087273 2.377333 -0.01 207.254968 212.173844 -105.004829779267 0.577777777777777
201810sci:/work/03946/hetdex/maverick/20181017/virus/virus0000011/exp03/virus/20181017T085941.5_105LL_sci.fits test_HF00409_W_000_W 128.4001408 164.106731155 58408.3747864505 2.377333 -0.01 207.254968 212.173844 -104.996138378978 0.577777777777777
201810sci:/work/03946/hetdex/maverick/20181030/virus/virus0000013/exp03/virus/20181030T035438.8_105LL_sci.fits HF00121_E_000_E 366.898192384 402.40859003 58421.1629498755 0.760667 -0.15 153.132145 148.298513 -104.987446978688 16.8922222222222
201811sci:/work/03946/hetdex/maverick/20181102/virus/virus0000007/exp03/virus/20181102T032646.5_105LL_sci.fits HF00550_E 366.850000384 404.276861354 58424.1435944801 0.702 0 152.978551 148.111169 -100.024657413363 6.36166666666667
201811sci:/work/03946/hetdex/maverick/20181102/virus/virus0000008/exp03/virus/20181102T034958.2_105LL_sci.fits HF00554_E 367.998563328 403.777396785 58424.1597023574 0.865333 0 152.978714 148.111368 -100.033348813653 6.21
201811sci:/work/03946/hetdex/maverick/20181102/virus/virus0000009/exp03/virus/20181102T041254.6_105LL_sci.fits HF00555_E 367.148292352 402.949600076 58424.1756329131 0.900667 0 152.978714 148.111368 -100.007274612784 6.02555555555555
201811sci:/work/03946/hetdex/maverick/20181102/virus/virus0000010/exp03/virus/20181102T043742.2_105LL_sci.fits HF00166_E 367.949169152 405.452271266 58424.1928498819 1.570667 -0.15 152.978796 148.111468 -100.029003113508 5.87888888888889
201811sci:/work/03946/hetdex/maverick/20181102/virus/virus0000011/exp03/virus/20181102T050617.4_105LL_sci.fits HF00191_E 488.049311232 523.8307933 58424.2127020364 2.020667 -0.15 152.978796 148.111468 -100.029003113508 5.38555555555555
201811sci:/work/03946/hetdex/maverick/20181102/virus/virus0000012/exp03/virus/20181102T054802.3_105LL_sci.fits HF00439_W 548.249786368 583.931552539 58424.2416934865 0.583333 0.32 208.011997 213.099388 -100.011620312929 5.90722222222222
201811sci:/work/03946/hetdex/maverick/20181102/virus/virus0000013/exp03/virus/20181102T061800.6_105LL_sci.fits HF00229_W 426.8988672 462.207644303 58424.2625071891 0.850667 0.15 208.011997 213.099388 -100.011620312929 6.18166666666666
201811sci:/work/03946/hetdex/maverick/20181102/virus/virus0000014/exp03/virus/20181102T064251.1_105LL_sci.fits HF00478_W 368.2992768 403.908826727 58424.2797590843 1.285333 0.32 208.011997 213.099388 -100.015966013074 6.115
201811sci:/work/03946/hetdex/maverick/20181102/virus/virus0000015/exp03/virus/20181102T070637.1_105LL_sci.fits HF00277_W 367.049156608 402.555501922 58424.2962634349 1.714667 0.15 208.011997 213.099388 -100.011620312929 6.20277777777778
201811sci:/work/03946/hetdex/maverick/20181102/virus/virus0000016/exp03/virus/20181102T073457.0_105LL_sci.fits HF00301_W 487.249355264 522.00755028 58424.315938341 2.146667 0.15 208.011997 213.099388 -100.007274612784 6.49611111111111
201811sci:/work/03946/hetdex/maverick/20181103/virus/virus0000012/exp03/virus/20181103T033448.0_105LL_sci.fits HF00110_E_000_E 426.949283584 462.633164695 58425.1491666883 0.562667 -0.15 153.128214 148.29372 -99.9942375123501 11.305
201811sci:/work/03946/hetdex/maverick/20181104/virus/virus0000012/exp03/virus/20181104T034223.0_105LL_sci.fits HF00555_E 367.348727808 403.209868638 58426.1544338828 0.900667 0 152.981088 148.114264 -100.00292891264 11.1211111111111
201811sci:/work/03946/hetdex/maverick/20181104/virus/virus0000013/exp03/virus/20181104T040554.7_105LL_sci.fits HF00144_E 368.499216896 404.135200037 58426.170772674 1.174667 -0.15 152.981088 148.114264 -100.015966013074 10.585
201811sci:/work/03946/hetdex/maverick/20181106/virus/virus0000008/exp03/virus/20181106T032458.7_105LL_sci.fits HF00555_E 367.199205376 402.555329969 58428.1423471174 0.900667 0 152.980024 148.112966 -109.998039245605 16.2705555555556
201811sci:/work/03946/hetdex/maverick/20181106/virus/virus0000009/exp03/virus/20181106T035215.4_105LL_sci.fits HF00138_E 487.599303168 523.143253552 58428.1612896407 1.066667 -0.15 152.980024 148.112966 -110.01107634604 16.7361111111111
201811sci:/work/03946/hetdex/maverick/20181106/virus/virus0000010/exp03/virus/20181106T042154.9_105LL_sci.fits HF00166_E 487.49726208 523.257888206 58428.1818860197 1.570667 -0.15 152.980188 148.113166 -110.006730645895 16.4411111111111
201811sci:/work/03946/hetdex/maverick/20181106/virus/virus0000011/exp03/virus/20181106T044854.5_105LL_sci.fits HF00193_E 367.850568448 403.756771658 58428.2006309452 2.056667 -0.15 152.980024 148.112966 -110.006730645895 16.0627777777778
201811sci:/work/03946/hetdex/maverick/20181106/virus/virus0000012/exp03/virus/20181106T051328.7_105LL_sci.fits HF00203_E 368.151425792 403.13225493 58428.2176941289 2.236667 -0.15 152.980024 148.112966 -110.006730645895 15.6927777777778
201811sci:/work/03946/hetdex/maverick/20181106/virus/virus0000013/exp03/virus/20181106T054213.7_105LL_sci.fits HF00216_W 368.149147648 403.885353384 58428.2376591344 0.616667 0.15 207.490491 212.461532 -110.01107634604 15.8383333333333
201811sci:/work/03946/hetdex/maverick/20181106/virus/virus0000014/exp03/virus/20181106T070254.1_105LL_sci.fits HF00511_W 366.999039232 402.532872775 58428.2936817487 1.879333 0.32 207.490491 212.461532 -110.00238494575 15.0044444444444
201811sci:/work/03946/hetdex/maverick/20181106/virus/virus0000015/exp03/virus/20181106T072725.5_105LL_sci.fits HF00406_W 368.699312128 403.78485294 58428.3107126625 2.323333 -0.01 207.490491 212.461532 -110.006730645895 15.0833333333333
201811sci:/work/03946/hetdex/maverick/20181106/virus/virus0000016/exp03/virus/20181106T075041.2_105LL_sci.fits HF00436_W 366.949216256 402.433417224 58428.3268665113 2.434667 0.15 207.490491 212.461532 -110.00238494575 15.185
201811sci:/work/03946/hetdex/maverick/20181107/virus/virus0000008/exp03/virus/20181107T031736.2_105LL_sci.fits HF00111_E 369.748458752 406.357136258 58429.1372250766 0.580667 -0.15 153.453761 148.690479 -110.015422046185 15.4822222222222
201811sci:/work/03946/hetdex/maverick/20181107/virus/virus0000009/exp03/virus/20181107T034140.5_105LL_sci.fits HF00132_E 366.798120192 401.506521024 58429.1539416756 0.958667 -0.15 153.453843 148.690579 -110.00238494575 15.5888888888889
201811sci:/work/03946/hetdex/maverick/20181107/virus/virus0000010/exp03/virus/20181107T040447.7_105LL_sci.fits HF00156_E 366.500281344 401.284342727 58429.1699966807 1.390667 -0.15 153.453843 148.690579 -110.006730645895 15.7444444444444
201811sci:/work/03946/hetdex/maverick/20181107/virus/virus0000011/exp03/virus/20181107T043019.5_105LL_sci.fits HF00177_E 427.448985856 461.928871697 58429.1877258746 1.768667 -0.15 153.453843 148.690579 -110.006730645895 15.995
201811sci:/work/03946/hetdex/maverick/20181107/virus/virus0000012/exp03/virus/20181107T045656.2_105LL_sci.fits HF00200_E 426.649401856 461.832043512 58429.2062070658 2.182667 -0.15 153.453925 148.690679 -110.00238494575 16.5177777777778
201811sci:/work/03946/hetdex/maverick/20181107/virus/virus0000013/exp03/virus/20181107T052628.8_105LL_sci.fits HF00440_W 426.698228224 462.256532797 58429.2267232728 0.601333 0.32 208.011997 213.099388 -110.006730645895 16.635
201811sci:/work/03946/hetdex/maverick/20181107/virus/virus0000014/exp03/virus/20181107T055112.3_105LL_sci.fits HF00225_W 367.3492352 402.533707026 58429.2438924494 0.778667 0.15 208.011997 213.099388 -110.006730645895 16.6188888888889
201811sci:/work/03946/hetdex/maverick/20181107/virus/virus0000015/exp03/virus/20181107T061454.9_105LL_sci.fits HF00471_W 367.34950016 402.155607828 58429.2603585129 1.159333 0.32 208.011997 213.099388 -110.015422046185 16.19
201811sci:/work/03946/hetdex/maverick/20181107/virus/virus0000016/exp03/virus/20181107T063855.7_105LL_sci.fits HF00493_W 367.298343424 402.308422566 58429.277033722 1.555333 0.32 208.011997 213.099388 -109.993693545461 15.7555555555556
201811sci:/work/03946/hetdex/maverick/20181107/virus/virus0000017/exp03/virus/20181107T070310.0_105LL_sci.fits HF00515_W 367.247147008 403.407922481 58429.2938668709 1.951333 0.32 208.011997 213.099388 -110.019767746329 15.8972222222222
201811sci:/work/03946/hetdex/maverick/20181107/virus/virus0000018/exp03/virus/20181107T072720.0_105LL_sci.fits HF00410_W 367.79902464 403.157703918 58429.3106483109 2.395333 -0.01 208.011997 213.099388 -109.989347845316 16.0066666666667
201811sci:/work/03946/hetdex/maverick/20181108/virus/virus0000008/exp03/virus/20181108T030834.9_105LL_sci.fits HF00112_E 367.04995584 403.782745758 58430.1309600081 0.598667 -0.15 153.455893 148.693076 -109.993693545461 12.2716666666667
201811sci:/work/03946/hetdex/maverick/20181108/virus/virus0000009/exp03/virus/20181108T035432.8_105LL_sci.fits HF00141_E 548.549153024 584.258480472 58430.1628805175 1.120667 -0.15 153.455811 148.692976 -110.015422046185 10.8444444444444
201811sci:/work/03946/hetdex/maverick/20181108/virus/virus0000010/exp03/virus/20181108T042145.6_105LL_sci.fits HF00173_E 367.148352256 402.681658954 58430.1817782111 1.696667 -0.15 153.455811 148.692976 -110.00238494575 11.2366666666667
201811sci:/work/03946/hetdex/maverick/20181108/virus/virus0000011/exp03/virus/20181108T044601.0_105LL_sci.fits HF00195_E 367.850000896 403.557476975 58430.1986229634 2.092667 -0.15 153.455893 148.693076 -110.015422046185 13.7638888888889
201811sci:/work/03946/hetdex/maverick/20181108/virus/virus0000016/exp03/virus/20181108T053915.7_105LL_sci.fits HF00217_W 367.84778496 403.304683948 58430.2355993763 0.634667 0.15 207.491391 212.462632 -110.00238494575 13.6144444444444
201811sci:/work/03946/hetdex/maverick/20181108/virus/virus0000017/exp03/virus/20181108T060321.3_105LL_sci.fits HF00240_W 367.6988096 403.4565593 58430.2523305314 1.048667 0.15 207.491391 212.462632 -110.01107634604 14.0283333333333
201811sci:/work/03946/hetdex/maverick/20181108/virus/virus0000018/exp03/virus/20181108T062706.5_105LL_sci.fits HF00262_W 367.097772544 403.05542303 58430.2688262677 1.444667 0.15 207.491391 212.462632 -110.006730645895 14.1861111111111
201811sci:/work/03946/hetdex/maverick/20181108/virus/virus0000019/exp03/virus/20181108T065051.9_105LL_sci.fits HF00284_W 368.447591168 404.204933117 58430.2853238648 1.840667 0.15 207.491391 212.462632 -110.00238494575 14.1088888888889
201811sci:/work/03946/hetdex/maverick/20181108/virus/virus0000020/exp03/virus/20181108T071427.6_105LL_sci.fits HF00306_W 367.150725376 403.429109254 58430.3017088301 2.236667 0.15 207.491391 212.462632 -110.00238494575 14.0438888888889
201811sci:/work/03946/hetdex/maverick/20181108/virus/virus0000021/exp03/virus/20181108T073819.1_105LL_sci.fits HF00413_W 367.099227904 401.857899012 58430.318276675 2.449333 -0.01 207.491391 212.462632 -109.989347845316 14.3055555555556
201811sci:/work/03946/hetdex/maverick/20181109/virus/virus0000008/exp03/virus/20181109T030444.4_105LL_sci.fits HF00112_E 367.299955712 403.008127178 58431.128291788 0.598667 -0.15 153.459664 148.69767 -110.01107634604 12.3405555555556
201811sci:/work/03946/hetdex/maverick/20181109/virus/virus0000009/exp03/virus/20181109T033150.6_105LL_sci.fits HF00130_E 487.048804352 522.63390496 58431.1471135891 0.922667 -0.15 153.459664 148.69767 -110.01107634604 12.1427777777778
201811sci:/work/03946/hetdex/maverick/20181109/virus/virus0000010/exp03/virus/20181109T040107.9_105LL_sci.fits HF00158_E 123.449222656 159.183477881 58431.1674529682 1.426667 -0.15 153.459664 148.69767 -110.00238494575 10.6483333333333
201811sci:/work/03946/hetdex/maverick/20181111/virus/virus0000018/exp03/virus/20181111T060304.4_105LL_sci.fits HF00250_W 428.750089472 464.453273455 58433.2521342859 1.228667 0.15 207.4909 212.462032 -110.01107634604 9.34166666666667
201811sci:/work/03946/hetdex/maverick/20181111/virus/virus0000019/exp03/virus/20181111T062941.2_105LL_sci.fits HF00274_W 426.94918784 461.633671413 58433.2706159507 1.660667 0.15 207.490982 212.462132 -110.00238494575 9.75833333333333
201811sci:/work/03946/hetdex/maverick/20181111/virus/virus0000020/exp03/virus/20181111T065402.1_105LL_sci.fits HF00522_W 368.048008448 404.30809023 58433.287524974 2.077333 0.32 207.490982 212.462132 -110.01107634604 10.1322222222222
201811sci:/work/03946/hetdex/maverick/20181111/virus/virus0000021/exp03/virus/20181111T071653.1_105LL_sci.fits HF00540_W 366.80038912 402.27791384 58433.3033924629 2.401333 0.32 207.491064 212.462232 -110.006730645895 10.1783333333333
201811sci:/work/03946/hetdex/maverick/20181112/virus/virus0000013/exp03/virus/20181112T034113.3_105LL_sci.fits HF00159_E_000_E 368.298061312 404.358938872 58434.1536268322 1.444667 -0.15 153.157124 148.328972 -110.01107634604 12.9444444444444
201811sci:/work/03946/hetdex/maverick/20181112/virus/virus0000014/exp03/virus/20181112T041117.2_105LL_sci.fits HF00175_E 548.299352576 583.871616194 58434.1745054475 1.732667 -0.15 153.157124 148.328972 -110.006730645895 13.2955555555556
201811sci:/work/03946/hetdex/maverick/20181112/virus/virus0000015/exp03/virus/20181112T054510.2_105LL_sci.fits HF00468_W 9.250280448 44.422106675 58434.2397021018 -999999.9 -999999.9 138.534521 130.003853 -109.998039245605 11.2833333333333
201811sci:/work/03946/hetdex/maverick/20181114/virus/virus0000012/exp03/virus/20181114T051655.6_105LL_sci.fits HF00441_W 368.297759488 403.867831256 58436.2200887376 0.619333 0.32 208.01314 213.100788 -110.028459146619 -2.99444444444444
201811sci:/work/03946/hetdex/maverick/20181114/virus/virus0000013/exp03/virus/20181114T054046.9_105LL_sci.fits HF00241_W 367.950355456 402.756114215 58436.2366543612 1.066667 0.15 208.01314 213.100788 -110.01107634604 -3.20166666666667
201811sci:/work/03946/hetdex/maverick/20181114/virus/virus0000014/exp03/virus/20181114T060454.0_105LL_sci.fits HF00263_W 367.549293568 403.481045089 58436.2534036026 1.462667 0.15 208.01314 213.100788 -110.01107634604 -3.29611111111111
201811sci:/work/03946/hetdex/maverick/20181114/virus/virus0000015/exp03/virus/20181114T062846.0_105LL_sci.fits HF00509_W 367.300315904 403.033938868 58436.2699771137 1.843333 0.32 208.01314 213.100788 -110.024113446474 -3.45222222222222
201811sci:/work/03946/hetdex/maverick/20181114/virus/virus0000016/exp03/virus/20181114T065247.1_105LL_sci.fits HF00531_W 367.29815296 403.084251899 58436.2866564188 2.239333 0.32 208.01314 213.100788 -110.006730645895 -3.43222222222222
201811sci:/work/03946/hetdex/maverick/20181114/virus/virus0000017/exp03/virus/20181114T071616.4_105LL_sci.fits HF00435_W 368.350253312 404.080431032 58436.3029678185 2.416667 0.15 208.01314 213.100788 -110.032804846764 -3.18666666666667
201811sci:/work/03946/hetdex/maverick/20181115/virus/virus0000013/exp03/virus/20181115T060720.4_105LL_sci.fits HF00492_W 367.150323712 402.752365719 58437.2550977427 1.537333 0.32 208.013385 213.101088 -110.006730645895 3.56777777777778
201811sci:/work/03946/hetdex/maverick/20181115/virus/virus0000014/exp03/virus/20181115T063037.6_105LL_sci.fits HF00291_W 367.69786752 403.582850729 58437.2712690891 1.966667 0.15 208.013304 213.100988 -110.00238494575 3.67055555555556
201811sci:/work/03946/hetdex/maverick/20181115/virus/virus0000015/exp03/virus/20181115T065504.7_105LL_sci.fits HF00432_W 367.497795072 403.129825289 58437.2882492314 2.362667 0.15 208.013304 213.100988 -110.015422046185 3.76333333333333
201811sci:/work/03946/hetdex/maverick/20181115/virus/virus0000016/exp03/virus/20181115T071853.7_105LL_sci.fits HF00412_W 367.951100928 403.656316625 58437.3047886258 2.431333 -0.01 208.013222 213.100888 -110.00238494575 3.85222222222222
201811sci:/work/03946/hetdex/maverick/20181127/virus/virus0000009/exp03/virus/20181127T020015.1_105LL_sci.fits HF00113_E_000_E 728.399258112 764.030947299 58449.0835082913 0.616667 -0.15 153.132555 148.299013 -110.01107634604 5.78388888888889
201811sci:/work/03946/hetdex/maverick/20181127/virus/virus0000010/exp03/virus/20181127T024727.1_105LL_sci.fits HF00153_E_000_E 727.14906112 762.721879492 58449.1162866061 1.336667 -0.15 153.145903 148.31529 -110.01107634604 5.525
201811sci:/work/03946/hetdex/maverick/20181127/virus/virus0000011/exp03/virus/20181127T031943.4_105LL_sci.fits HF00183_E 426.65022848 462.256004493 58449.138697058 1.876667 -0.15 153.145903 148.31529 -110.01107634604 5.26222222222222
201811sci:/work/03946/hetdex/maverick/20181128/virus/virus0000008/exp03/virus/20181128T014745.9_105LL_sci.fits HF00115_E 367.398273536 403.186093303 58450.0748376353 0.652667 -0.15 153.459992 148.698069 -110.00238494575 8.31555555555555
201811sci:/work/03946/hetdex/maverick/20181128/virus/virus0000009/exp03/virus/20181128T021120.7_105LL_sci.fits HF00125_E 367.79926016 403.480219457 58450.0912125972 0.832667 -0.15 153.459992 148.698069 -110.006730645895 8.57666666666666
201811sci:/work/03946/hetdex/maverick/20181128/virus/virus0000010/exp03/virus/20181128T023500.6_105LL_sci.fits HF00148_E 367.399286784 404.801030813 58450.1076459512 1.246667 -0.15 153.45991 148.697969 -110.006730645895 8.02611111111111
201811sci:/work/03946/hetdex/maverick/20181128/virus/virus0000011/exp03/virus/20181128T025822.9_105LL_sci.fits HF00169_E 367.249396224 402.483264858 58450.1238769591 1.624667 -0.15 153.45991 148.697969 -110.019767746329 8.395
201811sci:/work/03946/hetdex/maverick/20181128/virus/virus0000012/exp03/virus/20181128T032142.2_105LL_sci.fits HF00194_E 367.899222528 403.555466543 58450.1400722512 2.074667 -0.15 153.45991 148.697969 -109.989347845316 8.50833333333333
201811sci:/work/03946/hetdex/maverick/20181128/virus/virus0000013/exp03/virus/20181128T034637.2_105LL_sci.fits HF00198_E 428.099245824 463.633380754 58450.1573759499 2.146667 -0.15 153.45991 148.697969 -110.006730645895 8.91833333333333
201811sci:/work/03946/hetdex/maverick/20181128/virus/virus0000014/exp03/virus/20181128T041326.4_105LL_sci.fits HF00218_W 366.999462656 402.729529237 58450.1760010724 0.652667 0.15 207.490654 212.461732 -110.01107634604 9.085
201811sci:/work/03946/hetdex/maverick/20181129/virus/virus0000007/exp03/virus/20181129T013944.1_105LL_sci.fits HF00116_E 368.501397248 404.085205853 58451.0692613125 0.670667 -0.15 153.459172 148.697071 -110.01107634604 12.2838888888889
201811sci:/work/03946/hetdex/maverick/20181129/virus/virus0000008/exp03/virus/20181129T023107.8_105LL_sci.fits HF00146_E 366.949278208 403.203169598 58451.1049514543 1.210667 -0.15 153.45991 148.697969 -110.006730645895 11.9483333333333
201811sci:/work/03946/hetdex/maverick/20181129/virus/virus0000011/exp03/virus/20181129T044911.3_105LL_sci.fits HF00470_W 367.351229952 403.204561485 58451.2008261178 1.141333 0.32 208.012977 213.100588 -110.006730645895 12.3188888888889
201811sci:/work/03946/hetdex/maverick/20181129/virus/virus0000012/exp03/virus/20181129T051520.1_105LL_sci.fits HF00494_W 368.199107584 403.782158409 58451.2189828954 1.573333 0.32 208.013059 213.100688 -110.00238494575 12.5161111111111
201811sci:/work/03946/hetdex/maverick/20181129/virus/virus0000013/exp03/virus/20181129T054056.6_105LL_sci.fits HF00518_W 368.200742656 403.805575845 58451.2367673493 2.005333 0.32 208.013059 213.100688 -110.00238494575 12.3466666666667
201811sci:/work/03946/hetdex/maverick/20181130/virus/virus0000011/exp03/virus/20181130T014500.7_105LL_sci.fits HF00122_E_000_E 368.299912448 403.981989505 58452.0729251304 0.778667 -0.15 153.133619 148.300311 -110.00238494575 14.6872222222222
201811sci:/work/03946/hetdex/maverick/20181130/virus/virus0000012/exp03/virus/20181130T020906.7_105LL_sci.fits HF00131_E 366.946874368 402.65497541 58452.0896612005 0.940667 -0.15 153.133619 148.300311 -110.006730645895 14.1672222222222
201811sci:/work/03946/hetdex/maverick/20181130/virus/virus0000013/exp03/virus/20181130T023444.6_105LL_sci.fits HF00149_E 426.7982208 461.854629097 58452.1074617389 1.264667 -0.15 153.133619 148.300311 -110.006730645895 14.6166666666667
201811sci:/work/03946/hetdex/maverick/20181130/virus/virus0000014/exp03/virus/20181130T030016.7_105LL_sci.fits HF00178_E 367.151443456 402.931703334 58452.1251943763 1.786667 -0.15 153.133619 148.300311 -109.993693545461 14.3827777777778
201811sci:/work/03946/hetdex/maverick/20181130/virus/virus0000015/exp03/virus/20181130T032341.6_105LL_sci.fits HF00187_E 367.049975296 401.882648099 58452.1414548601 1.948667 -0.15 153.133701 148.300411 -110.00238494575 14.9444444444444
201811sci:/work/03946/hetdex/maverick/20181130/virus/virus0000017/exp03/virus/20181130T041117.9_105LL_sci.fits HF00219_W_000_W 486.897410816 522.154245328 58452.1745137931 0.670667 0.15 207.806156 212.847484 -109.993693545461 14.4933333333333
201811sci:/work/03946/hetdex/maverick/20181130/virus/virus0000018/exp03/virus/20181130T043901.8_105LL_sci.fits HF00464_W 367.099264512 402.754503254 58452.193771502 1.033333 0.32 207.806156 212.847484 -110.00238494575 13.9066666666667
201811sci:/work/03946/hetdex/maverick/20181130/virus/virus0000019/exp03/virus/20181130T050249.4_105LL_sci.fits HF00264_W 367.149990144 402.930403699 58452.2102950118 1.480667 0.15 207.806156 212.847484 -110.006730645895 13.4166666666667
201811sci:/work/03946/hetdex/maverick/20181130/virus/virus0000020/exp03/virus/20181130T052641.4_105LL_sci.fits HF00286_W 368.10029312 403.785203177 58452.2268682588 1.876667 0.15 207.806156 212.847484 -110.00238494575 13.2755555555556
201811sci:/work/03946/hetdex/maverick/20181130/virus/virus0000021/exp03/virus/20181130T055221.5_105LL_sci.fits HF00532_W 426.69981056 462.382191006 58452.2446943312 2.257333 0.32 207.806156 212.847484 -110.015422046185 13.1
