201702sci:/work/03946/hetdex/maverick/20170221/virus/virus0000016/exp03/virus/20170221T085657.4_093LL_sci.fits EGS17_E 366.999790336 399.916121501 57805.3728873385 14.3298 53.058801 65.284829  -110.024838 6.77277777777778
201702sci:/work/03946/hetdex/maverick/20170222/virus/virus0000012/exp03/virus/20170222T085506.9_093LL_sci.fits EGS25_E 368.049303808 400.56511232 57806.3716085521 14.3222 52.953865 65.515133  -110.020652 13.9805555555556
201702sci:/work/03946/hetdex/maverick/20170224/virus/virus0000007/exp03/virus/20170224T083207.6_093LL_sci.fits EGS01_E4027 367.899469824 401.087867819 57808.3556446638 14.3141 52.888769 65.656459  -110.024838 10.0961111111111
201702sci:/work/03946/hetdex/maverick/20170225/virus/virus0000011/exp03/virus/20170225T090006.4_093LL_sci.fits EGS18_E 366.598854144 397.611817838 57809.3750744765 -999999.9 -999999.9 108.781608  -109.999722 7.27055555555555
201703sci:/work/03946/hetdex/maverick/20170303/virus/virus0000014/exp03/virus/20170303T075618.0_105LL_sci.fits EGS18_E 367.599415296 399.539358774 57815.3307644827 14.3152 52.880381 65.673538  -110.037396 3.84888888888889
201703sci:/work/03946/hetdex/maverick/20170305/virus/virus0000009/exp03/virus/20170305T083016.0_105LL_sci.fits EGS33_E 366.749260288 400.811981076 57817.3543525683 14.3299 53.039781 65.326339  -110.024838 9.48444444444444
201703sci:/work/03946/hetdex/maverick/20170322/virus/virus0000011/exp03/virus/20170322T071013.2_105LL_sci.fits EGS32_E 366.648284928 399.181038051 57834.2987644868 14.329 53.029156 65.349187  -105.014196 20.0827777777778
201703sci:/work/03946/hetdex/maverick/20170322/virus/virus0000018/exp03/virus/20170322T112456.3_105LL_sci.fits EGS34_W 366.651576064 398.880646133 57834.4756522528 14.3337 52.873172 294.34726  -105.001638 18.0944444444444
201703sci:/work/03946/hetdex/maverick/20170322/virus/virus0000019/exp03/virus/20170322T114811.4_105LL_sci.fits EGS33_W 367.24925184 399.631669491 57834.4917995329 14.3327 52.862511 294.322257  -105.018382 18.5616666666667
201703sci:/work/03946/hetdex/maverick/20170325/virus/virus0000005/exp03/virus/20170325T063347.4_105LL_sci.fits EGS02_EVIRUS 367.349248 399.658079146 57837.2734653647 14.315 52.9003 65.628852  -105.018382 8.46944444444444
201703sci:/work/03946/hetdex/maverick/20170325/virus/virus0000006/exp03/virus/20170325T070318.7_105LL_sci.fits EGS08_EVIRUS 367.299301888 399.628429636 57837.2939665169 14.3209 52.964058 65.487581  -105.014196 7.69277777777778
201703sci:/work/03946/hetdex/maverick/20170326/virus/virus0000008/exp03/virus/20170326T070344.5_105LL_sci.fits EGS11_E 367.598166528 400.857787485 57838.2942652679 14.3238 52.995942 65.420293  -105.01001 15.5566666666667
201703sci:/work/03946/hetdex/maverick/20170326/virus/virus0000012/exp03/virus/20170326T105655.6_105LL_sci.fits EGSC04_W 366.749353984 398.604294988 57838.456199307 14.3061 52.713 293.997749  -105.001638 13.7166666666667
201703sci:/work/03946/hetdex/maverick/20170326/virus/virus0000013/exp03/virus/20170326T112454.9_105LL_sci.fits EGSC01_W 367.550204928 399.830461458 57838.4756365214 14.3067 52.7 293.969505  -105.005824 12.3572222222222
201703sci:/work/03946/hetdex/maverick/20170327/virus/virus0000011/exp03/virus/20170327T104930.0_105LL_sci.fits EGSC02_W 367.850238464 399.857402444 57839.4510421329 14.3075 52.718003 294.007542  -105.005824 12.4044444444444
201703sci:/work/03946/hetdex/maverick/20170327/virus/virus0000012/exp03/virus/20170327T111506.9_105LL_sci.fits EGSC11_W 367.349664512 400.654817914 57839.4688309813 14.3267 52.886 294.3725  -105.005824 12.0755555555556
201703sci:/work/03946/hetdex/maverick/20170328/virus/virus0000010/exp03/virus/20170328T063410.7_105LL_sci.fits EGS19_E 367.097860352 399.630256671 57840.2737354976 14.3162 52.891008 65.648314  -105.001638 14.5966666666667
201703sci:/work/03946/hetdex/maverick/20170328/virus/virus0000011/exp03/virus/20170328T070237.5_105LL_sci.fits EGS03_E 366.149797888 397.757140295 57840.2934906995 14.3159 52.910925 65.602138  -105.022568 14.135
201703sci:/work/03946/hetdex/maverick/20170328/virus/virus0000018/exp03/virus/20170328T104802.6_105LL_sci.fits EGSC03_W 367.949773312 401.530107603 57840.4500303348 14.3081 52.706 293.983232  -105.01001 14.5361111111111
201703sci:/work/03946/hetdex/maverick/20170328/virus/virus0000019/exp03/virus/20170328T111554.2_105LL_sci.fits EGSC08_W 366.699415552 398.60521188 57840.4693781794 14.3155 52.803 294.19411  -105.01001 14.2161111111111
201703sci:/work/03946/hetdex/maverick/20170330/virus/virus0000006/exp03/virus/20170330T065533.6_105LL_sci.fits EGS28_E-000 367.397744128 400.232843382 57842.2885837811 14.3251 52.98665 65.438909  -105.014196 4.59277777777778
201703sci:/work/03946/hetdex/maverick/20170331/virus/virus0000007/exp03/virus/20170331T061206.2_105LL_sci.fits EGS21_E-000_000_E 366.500144896 398.434110206 57843.2584058968 14.3182 52.912258 65.600667  -105.005824 15.1188888888889
201703sci:/work/03946/hetdex/maverick/20170331/virus/virus0000008/exp03/virus/20170331T064124.5_105LL_sci.fits EGS34_E-000_000_E 367.44902016 399.780315068 57843.2787560523 14.3309 53.050408 65.299616  -104.997452 15.4138888888889
201703sci:/work/03946/hetdex/maverick/20170331/virus/virus0000013/exp03/virus/20170331T111415.8_105LL_sci.fits EGSC06_W-000_000_W 366.699188224 398.530791122 57843.4682386746 14.3168 52.808003 294.205173  -105.001638 14.8544444444444
201704sci:/work/03946/hetdex/maverick/20170418/virus/virus0000005/exp03/virus/20170418T051119.6_105LL_sci.fits EGSN38_E-000_000_E 367.499393024 403.954828657 57861.2161995112 14.3941 53.3 64.758512  12.19799 15.8927777777778
201704sci:/work/03946/hetdex/maverick/20170418/virus/virus0000006/exp03/virus/20170418T053801.3_105LL_sci.fits EGSN1_E-000_000_E 367.350292992 402.332590184 57861.2347374675 14.2833 52.3 66.909993  12.264966 16.1872222222222
201704sci:/work/03946/hetdex/maverick/20170419/virus/virus0000006/exp03/virus/20170419T053144.4_105LL_sci.fits EGS_SN1-000_000_E 366.749349632 398.707336448 57862.2303760755 14.3015 52.695 66.068086  -110.024838 19.6816666666667
201704sci:/work/03946/hetdex/maverick/20170420/virus/virus0000016/exp03/virus/20170420T092804.4_105LL_sci.fits EGSN7_W-000_000_W 366.300207104 398.30409592 57863.3944962644 14.2667 53.3 295.284168  -110.016466 20.2166666666667
201704sci:/work/03946/hetdex/maverick/20170420/virus/virus0000017/exp03/virus/20170420T095743.6_105LL_sci.fits EGSN26_W-000_000_W 367.899940352 400.053773382 57863.4150882345 14.3405 52.3 293.128075  -110.01228 19.7944444444444
201704sci:/work/03946/hetdex/maverick/20170421/virus/virus0000016/exp03/virus/20170421T094515.3_105LL_sci.fits EGSN6_W 368.096899072 401.331920746 57864.4064273485 14.2667 53.1333 294.914696  -110.016466 17.3311111111111
201704sci:/work/03946/hetdex/maverick/20170421/virus/virus0000017/exp03/virus/20170421T100621.5_105LL_sci.fits EGSN6_W 369.6980928 401.626810459 57864.421082777 14.2667 53.1333 294.914696  -110.01228 16.8577777777778
201704sci:/work/03946/hetdex/maverick/20170423/virus/virus0000008/exp03/virus/20170423T043818.7_105LL_sci.fits EGSN1_E 366.749265152 399.630400038 57866.1932723336 14.2667 52.45 66.591858  -110.016466 6.76611111111111
201704sci:/work/03946/hetdex/maverick/20170423/virus/virus0000009/exp03/virus/20170423T050409.0_105LL_sci.fits EGSN45_E 369.800172288 401.602550886 57866.2112153242 14.3774 53.45 64.411961  -110.029024 6.27333333333333
201704sci:/work/03946/hetdex/maverick/20170423/virus/virus0000013/exp03/virus/20170423T085737.4_105LL_sci.fits EGSN5_W 367.199418368 399.058790742 57866.3733501588 14.2667 52.9667 294.54933  -110.016466 4.50722222222222
201704sci:/work/03946/hetdex/maverick/20170423/virus/virus0000014/exp03/virus/20170423T092448.3_105LL_sci.fits EGSN14_W 366.749155328 399.009719864 57866.3922263281 14.2851 53.3 295.281758  -110.029024 4.965
201704sci:/work/03946/hetdex/maverick/20170423/virus/virus0000015/exp03/virus/20170423T095203.9_105LL_sci.fits EGSN28_W 366.899945216 398.98089349 57866.4111562967 14.3405 52.6333 293.829025  -110.01228 5.01
201704sci:/work/03946/hetdex/maverick/20170423/virus/virus0000016/exp03/virus/20170423T101700.1_105LL_sci.fits EGSN39_W 367.54923136 400.082340214 57866.42847344 14.3774 52.3 293.127631  -110.016466 5.00111111111111
201704sci:/work/03946/hetdex/maverick/20170424/virus/virus0000007/exp03/virus/20170424T035652.7_105LL_sci.fits EGSN2_E 367.250003712 399.105039596 57867.1644990388 14.2667 52.616669 66.236187  -110.024838 13.3633333333333
201704sci:/work/03946/hetdex/maverick/20170424/virus/virus0000008/exp03/virus/20170424T042228.7_105LL_sci.fits EGSN3_E 367.798128896 399.807474332 57867.1822771016 14.2667 52.783333 65.877576  -110.003908 15.7188888888889
201704sci:/work/03946/hetdex/maverick/20170424/virus/virus0000009/exp03/virus/20170424T044635.7_105LL_sci.fits EGSN8_E 367.19970688 399.308269225 57867.1990247937 14.2851 52.45 66.591523  -110.003908 14.635
201704sci:/work/03946/hetdex/maverick/20170424/virus/virus0000010/exp03/virus/20170424T051153.6_105LL_sci.fits EGSN44_E 367.948740608 399.856454609 57867.2165930569 14.3774 53.283333 64.78431  -109.999722 15.4738888888889
201704sci:/work/03946/hetdex/maverick/20170425/virus/virus0000003/exp03/virus/20170425T044024.0_105LL_sci.fits EGSN34_E_000_E 30.499262208 62.329433125 57868.1947227921 14.359 52.783333 65.887949  -109.978792 20.3438888888889
201704sci:/work/03946/hetdex/maverick/20170427/virus/virus0000003/exp03/virus/20170427T035435.3_105LL_sci.fits EGSN4_E_000_E 366.59937664 398.281708769 57870.1629094211 14.2667 52.95 65.516041  -110.003908 14.6772222222222
201704sci:/work/03946/hetdex/maverick/20170427/virus/virus0000004/exp03/virus/20170427T042011.3_105LL_sci.fits EGS_SN1_000_E 367.50041728 404.347666502 57870.1806869032 14.2935 52.732 65.988208  -109.999722 15.1444444444444
201704sci:/work/03946/hetdex/maverick/20170427/virus/virus0000005/exp03/virus/20170427T044834.6_105LL_sci.fits EGSN9_E 366.499285248 398.329203269 57870.2004015823 14.2851 52.616669 66.232037  -110.016466 14.75
201704sci:/work/03946/hetdex/maverick/20170427/virus/virus0000006/exp03/virus/20170427T051217.3_105LL_sci.fits EGSN10_E 333.199356928 393.405419764 57870.2168674702 14.2851 52.783333 65.877688  -109.999722 15.7938888888889
201704sci:/work/03946/hetdex/maverick/20170427/virus/virus0000013/exp03/virus/20170427T090847.0_105LL_sci.fits EGSN13_W_000_W 366.64804352 399.030779331 57870.3811002723 14.2851 53.1333 294.917208  -110.003908 16.2694444444444
201704sci:/work/03946/hetdex/maverick/20170427/virus/virus0000014/exp03/virus/20170427T093314.8_105LL_sci.fits EGSN10_W_000_W 368.198807296 400.505012563 57870.39808898 14.2851 52.6333 293.831607  -110.003908 16.115
201704sci:/work/03946/hetdex/maverick/20170427/virus/virus0000015/exp03/virus/20170427T100017.3_105LL_sci.fits EGSN12_W_000_W 367.099675648 399.705339994 57870.4168670592 14.2851 52.9667 294.552395  -110.003908 15.9416666666667
201704sci:/work/03946/hetdex/maverick/20170428/virus/virus0000005/exp03/virus/20170428T041723.4_105LL_sci.fits EGSN15_E_000_E 368.198259456 401.955580321 57871.1787438332 14.3036 52.45 66.590519  -109.987164 20.8338888888889
201704sci:/work/03946/hetdex/maverick/20170428/virus/virus0000006/exp03/virus/20170428T044131.4_105LL_sci.fits EGSN11_E_000_E 366.149294336 398.207888981 57871.195502779 14.2851 52.95 65.515246  -110.008094 20.7944444444444
201704sci:/work/03946/hetdex/maverick/20170428/virus/virus0000007/exp03/virus/20170428T050617.3_105LL_sci.fits EGSN41_E_000_E 367.199388416 399.08040516 57871.2127006915 14.3774 52.783333 65.875209  -109.999722 20.5738888888889
201704sci:/work/03946/hetdex/maverick/20170428/virus/virus0000019/exp03/virus/20170428T091815.0_105LL_sci.fits EGSN3_W_000_W 366.8502784 400.755667564 57871.3876745189 14.2667 52.6333 293.834862  -110.01228 17.4911111111111
201704sci:/work/03946/hetdex/maverick/20170428/virus/virus0000020/exp03/virus/20170428T094930.5_105LL_sci.fits EGSN19_W_000_W 366.549361152 398.381664967 57871.409380863 14.3036 53.3 295.286693  -110.020652 17.2216666666667
201705sci:/work/03946/hetdex/maverick/20170501/virus/virus0000009/exp03/virus/20170501T083324.2_105LL_sci.fits EGSN18_W-000_000_W 368.999265792 401.608491828 57874.3565304088 14.3036 53.1333 294.917094  -110.008094 12.7633333333333
201705sci:/work/03946/hetdex/maverick/20170501/virus/virus0000011/exp03/virus/20170501T091745.8_105LL_sci.fits EGSN24_W-000_000_W 369.598233344 402.851154148 57874.3873360078 14.322 53.1333 294.917094  -110.003908 12.595
201705sci:/work/03946/hetdex/maverick/20170501/virus/virus0000012/exp03/virus/20170501T094537.0_105LL_sci.fits EGSN40_W-000_000_W 367.748745984 400.505129725 57874.4066789052 14.3774 52.4667 293.489066  -110.008094 12.0205555555556
201705sci:/work/03946/hetdex/maverick/20170502/virus/virus0000009/exp03/virus/20170502T082606.8_105LL_sci.fits EGSN17_W-000_000_W 366.59897472 398.277965263 57875.3514681114 14.3036 52.9667 294.553871  -110.008094 17.8866666666667
201705sci:/work/03946/hetdex/maverick/20170502/virus/virus0000010/exp03/virus/20170502T085318.0_105LL_sci.fits EGSN23_W-000_000_W 370.450182144 403.106486683 57875.3703482826 14.322 52.9667 294.553871  -110.008094 18.0861111111111
201705sci:/work/03946/hetdex/maverick/20170502/virus/virus0000011/exp03/virus/20170502T091824.6_105LL_sci.fits EGSN38_W-000_000_W 366.79924864 399.227459039 57875.3877849374 14.359 53.3 295.287956  -110.003908 18.0277777777778
201705sci:/work/03946/hetdex/maverick/20170502/virus/virus0000012/exp03/virus/20170502T094439.1_105LL_sci.fits EGSN32_W-000_000_W 367.198320896 399.10724968 57875.406008299 14.359 52.3 293.129742  -110.008094 18.1872222222222
201705sci:/work/03946/hetdex/maverick/20170503/virus/virus0000007/exp03/virus/20170503T082350.0_105LL_sci.fits EGSN25_W-000_000_W 366.949773312 398.506853941 57876.349884517 14.322 53.3 295.287956  -110.008094 18.34
201705sci:/work/03946/hetdex/maverick/20170503/virus/virus0000008/exp03/virus/20170503T084845.4_105LL_sci.fits EGSN8_W-000_000_W 368.247823104 401.507617098 57876.3671932435 14.2851 52.3 293.128409  -109.999722 18.0833333333333
201705sci:/work/03946/hetdex/maverick/20170503/virus/virus0000009/exp03/virus/20170503T091344.2_105LL_sci.fits EGSN16_W-000_000_W 366.300406016 398.577939456 57876.3845404922 14.3036 52.4667 293.479128  -110.020652 18.47
201705sci:/work/03946/hetdex/maverick/20170503/virus/virus0000010/exp03/virus/20170503T094003.3_105LL_sci.fits EGSN42_W-000_000_W 367.999258112 399.579542963 57876.4028170779 14.3774 52.8 294.194674  -109.978792 18.1027777777778
201705sci:/work/03946/hetdex/maverick/20170518/virus/virus0000006/exp03/virus/20170518T033146.8_105LL_sci.fits EGSN16_E-000_000_E 369.598368 403.407583803 57891.1470700214 14.3036 52.616667 66.232374  -100.003554 20.2244444444444
201705sci:/work/03946/hetdex/maverick/20170519/virus/virus0000002/exp03/virus/20170519T033712.0_105LL_sci.fits EGSN43_E_000 367.798630912 400.076374914 57892.1508343704 14.3774 53.116667 65.146235  -99.999368 21.6583333333333
201705sci:/work/03946/hetdex/maverick/20170519/virus/virus0000008/exp03/virus/20170519T075025.2_105LL_sci.fits EGSN31_W_000_W 368.249321984 401.282103561 57892.3266809979 14.3405 53.3 295.290596  -100.011926 16.7772222222222
201705sci:/work/03946/hetdex/maverick/20170522/virus/virus0000004/exp03/virus/20170522T073236.7_105LL_sci.fits EGSN18_W_000_W 368.648913408 400.958668696 57895.3143142117 14.3036 53.1333 294.921887  -100.011926 13.5572222222222
201705sci:/work/03946/hetdex/maverick/20170522/virus/virus0000005/exp03/virus/20170522T075926.5_105LL_sci.fits EGSN40_W_000_W 366.450203904 398.109055862 57895.332946131 14.3774 52.4667 293.484599  -100.016112 13.0127777777778
201705sci:/work/03946/hetdex/maverick/20170523/virus/virus0000008/exp03/virus/20170523T075622.2_105LL_sci.fits EGSN32_W_000_W 367.799396096 400.02790885 57896.3308129176 14.359 52.3 293.134408  -100.003554 15.6811111111111
201705sci:/work/03946/hetdex/maverick/20170525/virus/virus0000013/exp03/virus/20170525T072908.6_105LL_sci.fits EGSN17_W-000_000_W 366.84926592 398.505288132 57898.311905792 14.3036 52.9667 294.556709  -99.999368 22.9561111111111
201705sci:/work/03946/hetdex/maverick/20170525/virus/virus0000014/exp03/virus/20170525T075833.8_105LL_sci.fits EGSN42_W-000_000_W 367.149858816 399.006224646 57898.3323360751 14.3774 52.8 294.195463  -100.00774 22.4088888888889
201705sci:/work/03946/hetdex/maverick/20170527/virus/virus0000011/exp03/virus/20170527T071435.8_105LL_sci.fits EGSN25_W-000_000_W 366.800236288 398.405491701 57900.3018033761 14.322 53.3 295.294729  -99.999368 22.7027777777778
201705sci:/work/03946/hetdex/maverick/20170529/virus/virus0000007/exp03/virus/20170529T065002.7_105LL_sci.fits EGSN16_W 366.299407104 400.25590846 57902.2847540546 14.3036 52.4667 293.484153  -100.003554 13.8005555555556
201705sci:/work/03946/hetdex/maverick/20170529/virus/virus0000008/exp03/virus/20170529T071535.2_105LL_sci.fits EGSN30_W 366.900070656 398.528736436 57902.3024907643 14.3405 53.1333 294.919605  -100.00774 13.3455555555556
201705sci:/work/03946/hetdex/maverick/20170529/virus/virus0000009/exp03/virus/20170529T073945.8_105LL_sci.fits EGSN22_W 366.94833792 398.807047835 57902.3192809769 14.322 52.6333 293.837445  -100.003554 12.8588888888889
201705sci:/work/03946/hetdex/maverick/20170530/virus/virus0000006/exp03/virus/20170530T072456.0_105LL_sci.fits EGSN16_W 367.799960064 400.580902777 57903.308982437 14.3036 52.4667 293.479686  -100.011926 13.6116666666667
201706sci:/work/03946/hetdex/maverick/20170603/virus/virus0000002/exp03/virus/20170603T065529.2_093LL_sci.fits EGSN21_W_000_W 367.047077376 400.755781523 57907.2885328969 14.322 52.4667 293.482925  -100.011926 15.9233333333333
201706sci:/work/03946/hetdex/maverick/20170603/virus/virus0000003/exp03/virus/20170603T072104.2_093LL_sci.fits EGSN33_W_000_W 369.598788352 403.105365833 57907.3062991183 14.359 52.4667 293.482925  -99.982624 16.2605555555556
201706sci:/work/03946/hetdex/maverick/20170615/virus/virus0000009/exp03/virus/20170615T062418.7_093LL_sci.fits EGSC_Wa2_000_W 366.39881984 400.231938018 57919.2668841304 14.3093 52.6825 293.946784  -110.003908 20.9266666666667
201706sci:/work/03946/hetdex/maverick/20170617/virus/virus0000008/exp03/virus/20170617T055641.0_093LL_sci.fits EGSC_Wa2_000_W 366.398765056 400.480967652 57921.2476977911 14.3093 52.6825 293.948808  -109.995536 26.8994444444444
201706sci:/work/03946/hetdex/maverick/20170617/virus/virus0000009/exp03/virus/20170617T062508.8_093LL_sci.fits EGSN35_W_000_W 367.350388992 401.458009795 57921.2674631197 14.359 52.8 294.202351  -109.995536 26.8227777777778
201706sci:/work/03946/hetdex/maverick/20170621/virus/virus0000007/exp03/virus/20170621T053927.7_093LL_sci.fits EGSC_Wa1_000_W 367.350488064 401.557748602 57925.2357373876 14.3087 52.67 293.920246  -110.01228 21.1438888888889
201706sci:/work/03946/hetdex/maverick/20170621/virus/virus0000008/exp03/virus/20170621T060739.4_093LL_sci.fits EGSN36_W_000_W 367.849287424 402.056322501 57925.2553171776 14.359 52.9667 294.562045  -109.995536 20.8394444444444
201706sci:/work/03946/hetdex/maverick/20170625/virus/virus0000005/exp03/virus/20170625T052859.5_093LL_sci.fits EGSC_Wa4_000_W 366.499821312 400.605437636 57929.2284671101 14.3106 52.677 293.935088  -110.049954 18.4166666666667
201706sci:/work/03946/hetdex/maverick/20170625/virus/virus0000006/exp03/virus/20170625T055257.6_093LL_sci.fits EGSN33_W_000_W 366.500272128 400.558800646 57929.2451114715 14.359 52.4667 293.486722  -109.916002 18.2388888888889
201706sci:/work/03946/hetdex/maverick/20170626/virus/virus0000003/exp03/virus/20170626T052948.8_093LL_sci.fits EGSC_Wa3_000_W 726.40045824 760.406395141 57930.2290377785 14.3101 52.663 293.906196  -104.993266 18.3727777777778
201706sci:/work/03946/hetdex/maverick/20170627/virus/virus0000005/exp03/virus/20170627T053624.3_093LL_sci.fits EGSC_Wa14_000_W 366.300339712 400.380816086 57931.2336147842 14.3373 52.9525 294.53208  -105.005824 18.8994444444444
201706sci:/work/03946/hetdex/maverick/20170628/virus/virus0000005/exp03/virus/20170628T051438.7_093LL_sci.fits EGSC_Wa13_000_W 367.597868032 401.633227567 57932.2185045416 14.3367 52.94 294.506553  -105.001638 19.1783333333333
201706sci:/work/03946/hetdex/maverick/20170628/virus/virus0000006/exp03/virus/20170628T053954.7_093LL_sci.fits EGSN43_W_000_W 366.799603456 401.327431936 57932.236050853 14.3774 52.9667 294.566926  -104.984894 18.995
201706sci:/work/03946/hetdex/maverick/20170629/virus/virus0000004/exp03/virus/20170629T051400.9_093LL_sci.fits EGSC_Wa16_000_W 366.599427328 399.98405898 57933.2180665415 14.3386 52.947 294.519826  -105.014196 23.4027777777778
201706sci:/work/03946/hetdex/maverick/20170629/virus/virus0000005/exp03/virus/20170629T053812.1_093LL_sci.fits EGSN34_W_000_W 366.499267072 400.40841775 57933.2348625651 14.359 52.6333 293.843958  -105.001638 23.0761111111111
201706sci:/work/03946/hetdex/maverick/20170630/virus/virus0000008/exp03/virus/20170630T050148.6_093LL_sci.fits EGSC_Wa15_000_W 366.549033728 400.647334459 57934.2095907223 14.3381 52.933 294.491922  -105.043498 25.7238888888889
201706sci:/work/03946/hetdex/maverick/20170630/virus/virus0000009/exp03/virus/20170630T052607.6_093LL_sci.fits EGSN21_W 367.099332352 400.880964641 57934.2264776095 14.322 52.4667 293.489625  -104.938848 25.5283333333333
201707sci:/work/03946/hetdex/maverick/20170701/virus/virus0000008/exp03/virus/20170701T050632.3_093LL_sci.fits EGSN29_W 367.3503488 401.529292514 57935.2128742901 14.3405 52.8 294.20043  -100.00774 26.4033333333333
201707sci:/work/03946/hetdex/maverick/20170701/virus/virus0000009/exp03/virus/20170701T053103.6_093LL_sci.fits EGSN37_W 367.546690048 401.556188979 57935.2299032393 14.359 53.1333 294.92748  -99.995182 26.1133333333333
201707sci:/work/03946/hetdex/maverick/20170720/virus/virus0000002/exp03/virus/20170720T033831.8_093LL_sci.fits EGSC_Wa13b_000_W 506.65021184 540.656095256 57954.1517578736 14.3367 52.94 294.508708  -105.005824 17.6977777777778
201707sci:/work/03946/hetdex/maverick/20170720/virus/virus0000003/exp03/virus/20170720T040517.1_093LL_sci.fits EGSN27_W_000_W 366.449239296 400.631784495 57954.170337439 14.3405 52.4667 293.491859  -104.96815 17.8688888888889
202212sci:/work/03946/hetdex/maverick/20221231/virus/virus0000018/exp03/virus/20221231T120707.9_104LL_sci.fits VDFI_EGS_A1_000_E 1007.749142784 1047.49292207 59944.5049526831 14.327958 52.877972 65.743569 39.897193 -110.017458714545 4.66833333333333
202301sci:/work/03946/hetdex/maverick/20230119/virus/virus0000023/exp03/virus/20230119T110015.1_104LL_sci.fits VDFI_EGS_B3_000_E 1008.09930496 1047.783813175 59963.458508587 14.327392 52.889556 65.722214 39.878302 -110.004323814064 -1.96888888888889
202301sci:/work/03946/hetdex/maverick/20230122/virus/virus0000021/exp03/virus/20230122T104724.5_104LL_sci.fits VDFI_EGS_A1_000_E 1007.349743872 1047.836986648 59966.4495896585 14.327958 52.877972 65.746168 39.899492 -109.982432313263 -1.02333333333333
202301sci:/work/03946/hetdex/maverick/20230125/virus/virus0000020/exp03/virus/20230125T102519.1_104LL_sci.fits VDFI_EGS_B1_000_E 1007.78334208 1048.135446965 59969.4342496907 14.327328 52.890611 65.717921 39.874504 -109.982432313263 -3.30833333333333
202301sci:/work/03946/hetdex/maverick/20230127/virus/virus0000024/exp03/virus/20230127T102142.0_104LL_sci.fits VDFI_EGS_C1_000_E 1008.648876032 1048.334855522 59971.4317371855 14.326553 52.872194 65.757916 39.909887 -110.008702114224 -1.18111111111111
202301sci:/work/03946/hetdex/maverick/20230128/virus/virus0000020/exp03/virus/20230128T103015.2_104LL_sci.fits VDFI_EGS_A3_000_E 1008.176707328 1047.734904921 59972.4376761653 14.328022 52.876917 65.748428 39.901491 -110.008702114224 5.22333333333333
202304sci:/work/03946/hetdex/maverick/20230411/virus/virus0000012/exp03/virus/20230411T053522.5_104LL_sci.fits VDFI_EGS_A5.1_000_E 1008.399132416 1048.102910703 60045.2328997599 14.327892 52.876917 65.748315 39.901391 -110.043728515506 13.2177777777778
202304sci:/work/03946/hetdex/maverick/20230413/virus/virus0000006/exp03/virus/20230413T053113.7_104LL_sci.fits VDFI_EGS_D1.2_000_E 1007.775730432 1047.48995481 60047.2300198674 14.325917 52.884833 65.728656 39.883999 -110.034971915185 13.1011111111111
202304sci:/work/03946/hetdex/maverick/20230415/virus/virus0000011/exp03/virus/20230415T051859.1_104LL_sci.fits VDFI_EGS_B1.2_000_E 1007.649959168 1046.44144239 60049.2215180392 14.327328 52.890611 65.71566 39.872505 -109.999945513904 13.9911111111111
202304sci:/work/03946/hetdex/maverick/20230417/virus/virus0000028/exp03/virus/20230417T101533.5_104LL_sci.fits VDFI_EGS_F1.1_000_W 1008.14934784 1048.610148464 60051.4274719693 14.326328 52.878028 294.290858 320.106472 -109.999945513904 10.2688888888889
202304sci:/work/03946/hetdex/maverick/20230418/virus/virus0000008/exp03/virus/20230418T100716.3_104LL_sci.fits VDFI_EGS_G1.1_000_W 1006.899247104 1046.408860171 60052.4217174761 14.328364 52.885 294.310081 320.123486 -110.017458714545 14.8522222222222
202304sci:/work/03946/hetdex/maverick/20230419/virus/virus0000011/exp03/virus/20230419T045442.1_104LL_sci.fits VDFI_EGS_A3.2_000_E 1007.399362304 1046.871088412 60053.2046546475 14.328022 52.876917 65.746168 39.899492 -110.004323814064 17.7244444444444
202304sci:/work/03946/hetdex/maverick/20230419/virus/virus0000021/exp03/virus/20230419T095142.7_104LL_sci.fits VDFI_EGS_H1.1_000_W 1007.915733248 1048.043062671 60053.4109110408 14.327736 52.872333 294.279666 320.096564 -109.999945513904 14.4777777777778
202304sci:/work/03946/hetdex/maverick/20230420/virus/virus0000023/exp03/virus/20230420T100255.0_104LL_sci.fits VDFI_EGS_E3.1_000_W 1007.100008704 1046.788462393 60054.418693251 14.327028 52.889639 294.317321 320.129892 -110.030593615025 13.0716666666667
202304sci:/work/03946/hetdex/maverick/20230421/virus/virus0000009/exp03/virus/20230421T045555.4_104LL_sci.fits VDFI_EGS_B3.2_000_E 1007.999246592 1047.963186503 60055.205502315 14.327392 52.889556 65.717016 39.873704 -109.999945513904 15.3555555555556
202304sci:/work/03946/hetdex/maverick/20230422/virus/virus0000021/exp03/virus/20230422T100048.4_104LL_sci.fits VDFI_EGS_F3.1_000_W 1007.699212544 1046.941228053 60056.4172270522 14.326394 52.877 294.289389 320.105171 -110.030593615025 15.1622222222222
202304sci:/work/03946/hetdex/maverick/20230424/virus/virus0000013/exp03/virus/20230424T093952.6_104LL_sci.fits VDFI_EGS_G3.1_000_W 1007.799695872 1047.487611107 60058.402692731 14.328431 52.883944 294.306915 320.120684 -110.013080414385 5.68777777777778
202304sci:/work/03946/hetdex/maverick/20230425/virus/virus0000022/exp03/virus/20230425T093632.5_104LL_sci.fits VDFI_EGS_H3.1_000_W 1006.849331968 1045.589993055 60059.400376657 14.327803 52.871306 294.289615 320.105371 -109.995567213744 14.2716666666667
202305sci:/work/03946/hetdex/maverick/20230509/virus/virus0000006/exp03/virus/20230509T035142.2_104LL_sci.fits VDFI_EGS_D3.2_000_E 1008.199469568 1048.370331889 60073.1609052275 14.325983 52.883806 65.726961 39.8825 -110.008702114224 18.1638888888889
202305sci:/work/03946/hetdex/maverick/20230510/virus/virus0000008/exp03/virus/20230510T033950.7_104LL_sci.fits VDFI_EGS_A5.2_000_E 1007.399204864 1046.143215877 60074.1526705534 14.327892 52.876917 65.740405 39.894394 -110.017458714545 17.4494444444444
202305sci:/work/03946/hetdex/maverick/20230511/virus/virus0000006/exp03/virus/20230511T034447.7_104LL_sci.fits VDFI_EGS_A5.2_000_E 1007.199373824 1046.696796812 60075.1561082192 14.327892 52.876917 65.743117 39.896793 -109.999945513904 21.5311111111111
