20180905 016 22.280642 0.391833 151.48678
20180910 012 22.296261 0.308456 151.736289
20180911 012 22.287192 0.443956 151.329109
20180911 013 22.295428 0.301817 151.756175
20180912 011 22.279808 0.385192 151.507544
20180912 012 22.289711 0.256333 151.893783
20180913 010 22.286356 0.437317 151.352139
20180914 009 22.28025 0.372678 151.542154
20180808 026 22.308192 0.542778 208.964027
20180805 009 17.710314 66.014167 0.011494
20180805 010 18.183819 66 0.011494
20180806 009 17.7695 66.014167 0.011494
20180806 010 18.186142 66.014167 0.011286
20180806 011 18.245331 66 0.011286
20180807 007 17.723972 66 0.010869
20180807 008 18.186142 66 0.010659
20180807 009 18.245331 66.014167 0.010451
20180808 009 18.243008 66.014167 0.00941
20180831 003 18.1998 66 0.008368
20180904 009 18.197478 66 0.00795
20180910 008 18.197478 66.014167 0.011702
20180911 011 18.1998 66.014167 0.012743
20180912 008 18.138289 66 0.009826
20180913 008 18.140611 66 0.00941
