20200701T032321.5_013LU_sci.fits 13 412 241 043
20200701T032321.5_014LU_sci.fits 14 411 221 077
20200701T032321.5_015LU_sci.fits 15 317 234 038
20200701T032321.5_016LU_sci.fits 16 409 242 036
20200701T032321.5_021LU_sci.fits 21 315 218 073
20200701T032321.5_022LU_sci.fits 22 316 247 052
20200701T032321.5_023LU_sci.fits 23 313 255 010
20200701T032321.5_024LU_sci.fits 24 410 224 039
20200701T032321.5_025LU_sci.fits 25 303 254 013
20200701T032321.5_026LU_sci.fits 26 318 244 078
20200701T032321.5_027LU_sci.fits 27 314 253 011
20200701T032321.5_028LU_sci.fits 28 413 252 042
20200701T032321.5_030LU_sci.fits 30 420 212 050
20200701T032321.5_031LU_sci.fits 31 408 211 049
20200701T032321.5_032LU_sci.fits 32 320 236 020
20200701T032321.5_033LU_sci.fits 33 310 257 002
20200701T032321.5_034LU_sci.fits 34 305 248 056
20200701T032321.5_035LU_sci.fits 35 202 238 074
20200701T032321.5_036LU_sci.fits 36 302 235 041
20200701T032321.5_037LU_sci.fits 37 306 228 057
20200701T032321.5_038LU_sci.fits 38 414 251 035
20200701T032321.5_039LU_sci.fits 39 424 217 053
20200701T032321.5_040LU_sci.fits 40 419 225 046
20200701T032321.5_041LU_sci.fits 41 407 226 021
20200701T032321.5_042LU_sci.fits 42 321 243 030
20200701T032321.5_043LU_sci.fits 43 323 231 040
20200701T032321.5_044LU_sci.fits 44 304 256 045
20200701T032321.5_045LU_sci.fits 45 312 237 065
20200701T032321.5_046LU_sci.fits 46 309 258 005
20200701T032321.5_047LU_sci.fits 47 308 227 024
20200701T032321.5_048LU_sci.fits 48 415 223 067
20200701T032321.5_049LU_sci.fits 49 425 222 059
20200701T032321.5_052LU_sci.fits 52 301 233 072
20200701T032321.5_053LU_sci.fits 53 311 245 025
20200701T032321.5_057LU_sci.fits 57 418 216 064
20200701T032321.5_058LU_sci.fits 58 416 215 063
20200701T032321.5_061LU_sci.fits 61 427 116 007
20200701T032321.5_062LU_sci.fits 62 319 137 023
20200701T032321.5_063LU_sci.fits 63 41 133 015
20200701T032321.5_067LU_sci.fits 67 25 154 032
20200701T032321.5_068LU_sci.fits 68 417 126 016
20200701T032321.5_071LU_sci.fits 71 406 117 081
20200701T032321.5_072LU_sci.fits 72 405 115 060
20200701T032321.5_073LU_sci.fits 73 404 143 071
20200701T032321.5_074LU_sci.fits 74 403 142 070
20200701T032321.5_075LU_sci.fits 75 324 156 055
20200701T032321.5_076LU_sci.fits 76 325 147 044
20200701T032321.5_077LU_sci.fits 77 402 141 061
20200701T032321.5_078LU_sci.fits 78 422 124 069
20200701T032321.5_079LU_sci.fits 79 401 123 068
20200701T032321.5_081LU_sci.fits 81 327 118 017
20200701T032321.5_082LU_sci.fits 82 326 146 034
20200701T032321.5_083LU_sci.fits 83 328 112 048
20200701T032321.5_084LU_sci.fits 84 322 128 062
20200701T032321.5_085LU_sci.fits 85 307 131 076
20200701T032321.5_086LU_sci.fits 86 203 151 031
20200701T032321.5_087LU_sci.fits 87 204 145 037
20200701T032321.5_088LU_sci.fits 88 329 144 029
20200701T032321.5_089LU_sci.fits 89 423 114 066
20200701T032321.5_091LU_sci.fits 91 205 113 058
20200701T032321.5_092LU_sci.fits 92 330 132 075
20200701T032321.5_093LU_sci.fits 93 8 157 054
20200701T032321.5_094LU_sci.fits 94 32 155 028
20200701T032321.5_095LU_sci.fits 95 426 158 004
20200701T032321.5_096LU_sci.fits 96 38 134 014
20200701T032321.5_097LU_sci.fits 97 17 135 022
20200701T032321.5_098LU_sci.fits 98 27 122 001
20200701T032321.5_103LU_sci.fits 103 13 152 019
20200701T032321.5_104LU_sci.fits 104 16 153 026
20200701T032321.5_105LU_sci.fits 105 51 138 051
20200701T032321.5_106LU_sci.fits 106 12 136 033
