59216.0874730558 427.915142656 1
59218.0951295416 13.999395072 1
59219.1278684856 367.499030528 1
59219.1443611537 367.699386112 1
59220.0891912756 427.492965632 1
59220.1119142314 607.573731072 1
59220.1312024393 367.923593984 1
59220.1487570968 426.899173376 1
59221.0980934734 367.423203328 1
59221.1157061127 427.299143424 1
59221.1341552041 427.150102528 1
59221.155447253 547.549278208 1
59221.3154684622 427.723207936 1
59222.0833461252 367.87565184 1
59222.0996534559 367.37592832 1
59222.1158276889 367.5226688 1
59222.1323661399 368.049762304 1
59222.1488170153 367.975761408 1
59222.3128531836 426.97255808 1
59222.3308271826 428.149120512 1
59222.3497530227 427.049275904 1
59223.3140974846 487.749515008 1
59223.3378265626 547.765470976 1
59223.3576041982 427.849443072 1
59223.3761458159 368.64919424 1
59226.4964812347 368.124644608 1
59227.1399288038 547.04918528 1
59227.3048036452 607.999256576 1
59227.3304012031 607.949240064 1
59227.3516270709 427.199283968 1
59227.3700439138 427.349371904 1
59227.3885467295 427.550040576 1
59227.3977714758 19.558394368 1
59227.4197425661 366.698732032 1
59227.4417715804 546.998043904 1
59227.4631374655 488.049266688 1
59227.484902373 487.049178624 1
59227.5057665291 487.999648768 1
59228.3044168465 607.648827904 1
59229.3082294464 607.506182656 1
59229.3347039376 667.97619968 1
59229.3574260846 487.798917888 1
59229.3868006542 487.77600384 1
59229.4057182861 428.549221632 1
59229.4226645371 368.273003264 1
59229.4419737863 427.248950016 1
59229.4644814767 547.649271552 1
59229.487104388 548.299339264 1
59229.5110674934 608.449412864 1
59230.3054853748 367.89932672 1
59230.3238880625 427.849689088 1
59230.3415107499 367.14931072 1
59230.3575424948 368.24882176 1
59230.3739389735 368.299298816 1
59230.3902682285 367.799205376 1
59230.406745357 367.449343744 1
59230.423386273 367.69931648 1
59230.4412245187 367.099247104 1
59230.4588521146 366.849126144 1
59230.4751362312 367.84942976 1
59230.4913693927 367.526041344 1
59230.509374063 426.949165568 1
59231.2963549122 427.698778624 1
59231.3186838026 547.64950656 1
59231.3445244273 668.074393856 1
59231.3685543519 547.6495872 1
59231.3881754717 426.74965248 1
59231.4081722405 487.800089856 1
59231.4313425166 547.7236352 1
59231.454096138 548.274667264 1
59231.4793039835 607.924324864 1
59231.500896797 487.049752832 1
59232.2854960286 427.407886848 1
59232.313025008 607.69923456 1
59232.3372803503 546.849219328 1
59232.3592864415 487.642212864 1
59232.3791339039 427.399112192 1
59232.3976838826 427.058427136 1
59232.4175819359 487.465232896 1
59232.444078722 667.899856128 1
59232.4668976641 427.515539456 1
59232.4890881395 547.249135872 1
59233.4026139514 427.372547584 1
59233.454817472 727.622617088 1
59236.4117197283 367.025937152 1
59236.4309160141 427.84919168 1
59236.4492895813 367.472742656 1
59236.4652644615 367.075841536 1
59236.4814093718 366.908462592 1
59237.4152314137 366.799325952 1
59237.4328572038 427.649088256 1
59237.4526506076 427.199262976 1
59237.4740035003 548.199419904 1
59237.4936009818 427.226964992 1
59238.5068074688 368.02652032 1
59239.5058851736 726.849251584 1
59249.2487712977 367.115679232 1
59250.2554828487 608.049058048 1
59250.278114934 488.299854848 1
59250.2977512269 428.700462848 1
59250.3207242889 608.299306496 1
59251.2756850156 488.048816128 1
59251.2936977898 24.208366848 1
59252.2642281591 668.198088704 1
59252.2873903774 487.032843008 1
59252.3226524936 427.649723392 1
59252.347852001 727.17231744 1
59252.3784480887 728.12240128 1
59252.4029227719 488.523939072 1
59253.2359569827 487.748517376 1
59253.2598990249 607.799362048 1
59253.281052941 427.649273344 1
59253.3023942714 547.899212032 1
59253.321968643 427.899519488 1
59253.3386862399 368.15007616 1
59253.3563540829 426.899854592 1
59253.3760874397 427.699223296 1
59253.3949790145 427.950208256 1
59253.4135415158 366.873010688 1
59253.4298916557 367.848977152 1
59253.4461841662 367.94921728 1
59253.4641706208 427.900123136 1
59254.2299992372 367.64923776 1
59254.2764080344 607.499237632 1
59254.3721949738 427.699725824 1
59254.3892401261 367.899840768 1
59254.4068836421 367.923352064 1
59254.4229108654 367.250089216 1
59254.4390949961 368.249499136 1
59254.4566339892 427.449519616 1
59254.4737775531 367.09884544 1
59254.493059624 488.099751936 1
59255.2237421931 427.132490752 1
59255.2750099543 367.748520448 1
59255.2913470599 367.873127424 1
59255.3079558173 366.957690624 1
59255.3241842547 367.798893824 1
59255.3403665931 367.798582528 1
59255.3578240783 427.099132928 1
59255.3904778515 727.199217408 1
59255.4137634118 368.249245184 1
59255.4638940068 726.899230976 1
59255.4869479993 488.258360064 1
59256.2224754202 488.24907648 1
59257.2172195548 487.249112576 1
59257.2364339414 427.773328128 1
59257.2554519223 427.87563776 1
59257.2729066815 367.699738368 1
59257.3414475322 368.049080832 1
59257.3607846498 427.34881024 1
59257.3778762883 368.173734144 1
59257.396781032 427.849301248 1
59257.4163481998 487.298667264 1
59257.4353901548 427.123561472 1
59257.4521725648 367.649163776 1
59257.468344619 367.299247104 1
59257.4893762004 547.123561984 1
59261.3668052871 667.099280128 1
59264.3875019271 367.872726784 1
59264.4043872287 368.099212032 1
59264.4209175534 367.5986432 1
59264.4370800969 366.923172352 1
59264.4547325042 427.94929792 1
59264.4723296762 366.949240576 1
59264.4887607265 366.749361152 1
59265.3574954299 428.17686784 1
59265.3811907368 608.498851328 1
59265.4029773604 487.827084544 1
59265.424931841 547.274431744 1
59265.4435107168 368.325259008 1
59265.4597725472 368.099772928 1
59265.4781683856 367.424254208 1
59265.4944872018 367.623576064 1
59266.3973926632 367.172377344 1
59266.4163708738 488.448902912 1
59266.4356318121 428.472418816 1
59266.4541859562 427.999685376 1
59266.4734920915 427.576577792 1
59266.4924167963 428.225786624 1
59267.4321099757 368.157696768 1
59267.448306181 368.099007744 1
59267.4652581145 367.33382656 1
59267.4823888349 367.658294272 1
59267.498415994 367.299360768 1
59268.4809764097 428.04948352 1
59268.4990714286 366.749376256 1
59276.1885897764 428.149283072 1
59277.1663944493 426.881464832 1
59277.1876606196 488.222900736 1
59277.2073122235 426.922718208 1
59277.2260978408 427.276626176 1
59279.315066502 367.798974976 1
59280.165410995 367.149284864 1
59280.212592944 427.873372416 1
59280.2324455851 487.64953216 1
59280.2512212703 428.073945344 1
59280.2704958296 488.124155648 1
59280.2892142762 427.623853312 1
59280.312133377 547.300036352 1
59280.3359731589 548.049844224 1
59280.3568752897 487.79995776 1
59281.2178123589 727.949223936 1
59281.2398421452 428.04927488 1
59281.2580709686 427.04935168 1
59281.2790431222 547.16534528 1
59281.3027406898 547.948904704 1
59281.3249911498 487.999617024 1
59281.347703116 607.08314752 1
59281.369672637 487.999782144 1
59281.3885382344 427.149075712 1
59281.4075258784 426.899931904 1
59282.1578014144 427.373150208 1
59282.2052858998 727.899555584 1
59282.2277136585 427.348496896 1
59282.2486721161 546.948739072 1
59282.2753697247 727.315757312 1
59282.3040240263 667.933295872 1
59283.4302951908 547.52184192 1
59283.4502172805 427.200031744 1
59283.4688790254 427.272591616 1
59286.296790808 487.049594112 1
59286.3361560148 727.182195712 1
59286.3643062515 667.649557248 1
59288.3599563604 667.321814528 1
59288.3836789411 548.27209856 1
59288.4054120928 488.22323712 1
59288.4277223488 548.149256704 1
59288.4530469268 667.64894592 1
59291.2299070256 368.049795072 1
59291.2459856924 368.149715712 1
59291.2621012013 367.049961728 1
59291.2793937004 368.44963072 1
59291.2968013501 367.249801216 1
59291.3201521733 667.773376 1
59292.2670922438 367.6492032 1
59292.284540996 368.022184192 1
59292.3299838258 368.222455552 1
59292.3733195034 367.398496 1
59292.3894739007 368.100095232 1
59292.4055057527 368.74929152 1
59293.3073862121 367.8488512 1
59293.323866507 367.799185408 1
59293.3702366827 367.74939008 1
59293.3865413493 367.749314304 1
59293.4027734101 367.099256832 1
59293.4203228629 427.949284608 1
59293.4374681893 367.749710592 1
59293.4582744655 487.825901056 1
59294.3720756811 607.199835392 1
59294.3954997691 548.027945728 1
59294.4166739527 487.499685632 1
59294.4372922797 488.026306304 1
59294.4565121275 427.849262848 1
59294.4750462836 427.398211584 1
59296.4220825578 367.799709184 1
59296.4390949104 367.648866048 1
59296.4554183753 368.084951296 1
59296.4747548597 488.008273664 1
59304.1387000382 367.949931264 1
