14 20170103 002
14 20170103 003
14 20170105 008
14 20170105 009
14 20170105 010
14 20170105 011
14 20170106 001
14 20170106 002
14 20170106 003
14 20170107 012
14 20170107 013
14 20170117 004
14 20170119 003
14 20170124 013
14 20170126 002
14 20170126 003
14 20170127 007
14 20170127 008
14 20170129 002
14 20170129 003
14 20170129 008
14 20170130 021
14 20170130 022
14 20170130 023
14 20170130 024
14 20170130 027
15 20170131 032
15 20170131 033
15 20170131 034
15 20170131 035
15 20170131 037
15 20170131 038
14 20170202 002
14 20170202 003
14 20170202 006
14 20170202 007
14 20170202 008
14 20170205 012
14 20170221 010
14 20170221 012
14 20170221 013
14 20170221 014
14 20170221 015
14 20170221 016
14 20170222 007
14 20170222 008
14 20170222 010
14 20170222 011
14 20170222 012
14 20170224 005
14 20170224 006
14 20170224 007
14 20170225 007
14 20170225 011
14 20170225 014
14 20170225 015
14 20170225 016
15 20170301 006
15 20170301 007
15 20170301 008
15 20170301 009
15 20170301 010
15 20170301 012
15 20170301 013
15 20170301 014
15 20170301 015
15 20170301 016
15 20170303 012
15 20170303 014
15 20170305 009
15 20170305 011
15 20170306 018
15 20170306 020
15 20170306 021
15 20170306 022
16 20170321 012
16 20170322 010
16 20170322 011
16 20170322 014
16 20170322 015
16 20170322 016
16 20170322 018
16 20170322 019
16 20170325 005
16 20170325 006
16 20170326 006
16 20170326 007
16 20170326 008
16 20170326 010
16 20170326 012
16 20170326 013
16 20170327 011
16 20170327 012
16 20170328 010
16 20170328 011
16 20170328 018
16 20170328 019
16 20170330 006
16 20170331 006
16 20170331 007
16 20170331 008
16 20170331 013
16 20170418 003
16 20170418 004
16 20170418 005
16 20170418 006
16 20170418 013
16 20170419 006
16 20170420 016
16 20170420 017
16 20170421 016
16 20170421 017
16 20170423 008
16 20170423 009
16 20170423 013
16 20170423 014
16 20170423 015
16 20170423 016
16 20170424 007
16 20170424 008
16 20170424 009
16 20170424 010
16 20170425 003
16 20170427 003
16 20170427 004
16 20170427 005
16 20170427 006
16 20170427 013
16 20170427 014
16 20170427 015
16 20170428 005
16 20170428 006
16 20170428 007
16 20170428 019
16 20170428 020
16 20170501 009
16 20170501 011
16 20170501 012
16 20170502 009
16 20170502 010
16 20170502 011
16 20170502 012
16 20170503 007
16 20170503 008
16 20170503 009
16 20170503 010
16 20170518 006
16 20170519 002
16 20170519 008
16 20170522 004
16 20170522 005
16 20170523 008
16 20170525 013
16 20170525 014
16 20170527 011
16 20170529 007
16 20170529 008
16 20170529 009
16 20170530 006
16 20170603 002
16 20170603 003
16 20170615 009
16 20170617 008
16 20170617 009
16 20170621 007
16 20170621 008
16 20170625 005
16 20170625 006
16 20170626 003
16 20170627 005
16 20170628 005
16 20170628 006
16 20170629 004
16 20170629 005
16 20170630 008
16 20170630 009
16 20170701 008
16 20170701 009
16 20170720 002
16 20170720 003
18 20170820 006
18 20170830 014
21 20170920 007
21 20170920 008
21 20170920 009
21 20170920 010
21 20170920 012
21 20170921 018
21 20170921 019
21 20170921 020
21 20170921 021
21 20170921 022
21 20170921 024
21 20170921 025
21 20170921 026
21 20170921 029
21 20170922 021
21 20170922 022
21 20170922 023
21 20170922 025
21 20170922 026
21 20170922 027
21 20170922 028
21 20170922 030
21 20170922 031
21 20170923 014
21 20170923 015
21 20170923 016
21 20170923 017
21 20170923 018
21 20170923 019
21 20170923 020
21 20170923 021
21 20170923 022
21 20170923 023
22 20171012 014
22 20171012 015
22 20171012 016
22 20171012 017
22 20171013 012
22 20171013 014
22 20171013 015
22 20171013 016
22 20171013 018
22 20171014 004
22 20171014 005
22 20171014 006
22 20171014 007
22 20171014 008
22 20171015 004
22 20171015 005
22 20171015 006
22 20171015 007
22 20171016 108
22 20171016 110
22 20171016 111
22 20171016 114
22 20171016 115
22 20171016 116
22 20171017 003
22 20171017 004
22 20171017 005
22 20171017 006
22 20171017 007
22 20171017 008
22 20171017 009
22 20171017 010
22 20171018 010
22 20171018 011
22 20171018 012
22 20171018 013
22 20171018 014
22 20171018 015
22 20171018 016
22 20171018 017
22 20171018 018
22 20171019 003
22 20171019 009
22 20171019 010
22 20171019 011
22 20171020 003
22 20171021 008
22 20171021 009
22 20171021 010
22 20171022 008
22 20171022 009
22 20171022 016
25 20171023 012
25 20171023 013
25 20171023 014
25 20171023 015
25 20171023 016
25 20171023 017
25 20171023 018
25 20171023 019
25 20171023 020
25 20171023 021
25 20171024 007
25 20171024 008
25 20171024 009
25 20171024 010
25 20171025 007
25 20171025 008
25 20171025 009
25 20171025 010
25 20171025 011
25 20171025 012
25 20171025 013
25 20171025 014
25 20171025 015
25 20171025 016
25 20171026 010
25 20171026 011
25 20171026 012
25 20171026 013
25 20171026 014
25 20171026 015
25 20171026 016
25 20171027 010
25 20171028 012
25 20171028 013
25 20171029 022
28 20171110 003
28 20171110 004
28 20171112 010
28 20171112 011
28 20171112 012
28 20171112 013
28 20171112 014
28 20171114 010
28 20171115 010
28 20171115 012
28 20171115 013
28 20171115 014
28 20171115 015
28 20171115 016
28 20171115 017
28 20171115 018
28 20171117 009
28 20171117 010
28 20171117 011
28 20171117 012
28 20171117 013
28 20171118 003
28 20171118 008
28 20171119 002
28 20171119 003
28 20171119 004
28 20171119 005
28 20171119 006
28 20171120 003
28 20171120 004
28 20171120 005
28 20171120 006
28 20171120 007
28 20171120 008
28 20171120 009
28 20171120 010
28 20171121 003
28 20171121 004
28 20171121 005
28 20171121 006
28 20171121 007
28 20171121 008
28 20171121 009
28 20171123 003
28 20171123 005
28 20171123 006
28 20171123 007
28 20171123 008
28 20171124 010
28 20171124 011
28 20171124 012
28 20171211 002
28 20171211 003
28 20171213 002
28 20171213 004
28 20171213 010
28 20171213 011
28 20171213 012
28 20171213 013
28 20171214 002
28 20171214 003
28 20171214 004
28 20171214 005
28 20171214 006
28 20171216 008
28 20171216 009
28 20171216 010
28 20171216 011
28 20171218 008
28 20171218 009
28 20171218 010
29 20171220 008
29 20171220 009
29 20171220 010
29 20171220 011
29 20171220 015
30 20171221 003
30 20171221 004
30 20171221 016
30 20171222 013
30 20171225 015
30 20171228 019
30 20180104 007
30 20180104 008
30 20180106 004
30 20180106 005
30 20180107 002
30 20180107 003
30 20180110 007
30 20180110 008
30 20180110 009
30 20180110 021
30 20180112 007
30 20180112 009
30 20180112 010
30 20180112 011
30 20180112 012
30 20180113 006
30 20180113 011
30 20180113 012
30 20180113 013
30 20180113 014
30 20180113 015
30 20180114 012
30 20180114 013
30 20180114 014
30 20180115 010
30 20180115 011
30 20180115 012
30 20180119 016
30 20180119 017
30 20180120 008
30 20180120 009
30 20180123 008
30 20180123 009
30 20180123 010
30 20180124 010
30 20180124 011
30 20180202 005
30 20180207 007
30 20180207 008
30 20180208 010
30 20180208 011
30 20180208 012
30 20180208 013
30 20180208 014
30 20180209 008
30 20180209 009
30 20180209 010
30 20180209 011
30 20180209 012
30 20180209 013
30 20180209 014
30 20180210 005
30 20180210 006
30 20180210 007
30 20180210 008
30 20180210 009
30 20180210 010
30 20180210 011
30 20180210 012
30 20180210 013
30 20180210 014
30 20180211 013
30 20180211 015
30 20180211 016
30 20180211 017
30 20180211 018
30 20180211 019
30 20180211 020
30 20180211 021
32 20180212 008
32 20180212 009
32 20180212 010
32 20180212 011
32 20180212 012
32 20180212 013
32 20180212 014
34 20180213 008
34 20180213 011
34 20180213 012
34 20180213 013
34 20180213 015
34 20180213 016
34 20180213 017
34 20180213 020
34 20180214 008
34 20180214 009
34 20180214 010
34 20180214 011
34 20180214 012
34 20180215 004
34 20180215 005
34 20180215 006
34 20180215 007
34 20180215 008
34 20180215 009
34 20180215 010
34 20180215 011
34 20180215 012
34 20180215 013
34 20180215 014
34 20180215 015
34 20180215 016
34 20180216 009
34 20180216 010
34 20180216 011
34 20180216 012
34 20180216 013
35 20180219 010
35 20180219 011
35 20180219 013
35 20180220 009
35 20180220 010
35 20180220 013
35 20180220 014
35 20180220 015
35 20180220 016
34 20180221 006
34 20180221 008
34 20180221 009
34 20180221 010
34 20180221 011
34 20180221 012
34 20180221 013
34 20180221 014
34 20180222 011
34 20180222 012
34 20180222 013
34 20180222 014
34 20180222 015
34 20180222 016
34 20180222 017
34 20180222 018
34 20180222 019
34 20180222 020
34 20180223 010
34 20180223 011
34 20180223 012
34 20180223 013
34 20180223 014
34 20180223 015
34 20180223 016
34 20180223 017
33 20180224 003
33 20180224 004
33 20180224 005
33 20180224 006
33 20180224 007
33 20180224 008
33 20180224 009
33 20180224 010
33 20180307 002
33 20180307 003
33 20180307 004
33 20180307 006
33 20180308 002
33 20180309 001
33 20180309 002
33 20180309 003
33 20180309 004
33 20180309 007
33 20180309 012
33 20180310 002
33 20180310 006
33 20180310 007
33 20180311 007
33 20180311 008
33 20180311 009
33 20180311 010
33 20180312 006
33 20180312 007
33 20180312 008
33 20180312 009
33 20180312 010
33 20180312 014
33 20180313 007
33 20180313 008
33 20180313 009
33 20180313 010
33 20180313 011
33 20180313 012
33 20180313 013
33 20180313 014
33 20180313 015
33 20180313 016
33 20180313 017
33 20180316 007
33 20180316 008
33 20180316 009
33 20180316 010
33 20180316 011
33 20180316 012
33 20180316 013
33 20180316 015
33 20180316 016
33 20180317 007
33 20180317 008
33 20180317 009
33 20180317 010
33 20180317 011
33 20180317 012
33 20180319 012
33 20180319 013
33 20180319 014
33 20180319 015
33 20180320 008
33 20180320 009
33 20180320 013
33 20180320 014
33 20180320 015
33 20180321 009
33 20180321 010
33 20180321 011
33 20180321 012
33 20180321 013
33 20180321 014
33 20180321 015
33 20180321 020
33 20180321 021
33 20180321 022
33 20180321 023
33 20180321 024
33 20180321 025
33 20180321 026
33 20180407 002
33 20180408 002
33 20180408 003
33 20180408 004
33 20180408 005
33 20180408 006
33 20180408 012
33 20180408 013
33 20180408 014
33 20180408 015
33 20180408 016
34 20180409 004
34 20180409 005
34 20180409 006
34 20180409 008
34 20180409 009
34 20180409 010
34 20180409 011
34 20180409 012
34 20180409 018
35 20180410 004
35 20180410 005
35 20180410 006
35 20180410 012
35 20180411 003
35 20180411 004
35 20180411 005
35 20180411 006
35 20180411 007
35 20180411 008
35 20180411 009
35 20180411 010
35 20180411 011
35 20180411 012
35 20180411 013
35 20180411 014
35 20180411 015
35 20180411 016
35 20180411 017
35 20180411 018
35 20180412 007
35 20180412 008
35 20180412 010
35 20180412 011
35 20180412 012
35 20180412 013
35 20180412 014
35 20180412 015
35 20180412 016
35 20180412 018
35 20180412 019
35 20180412 020
35 20180412 021
35 20180412 022
35 20180412 023
35 20180413 006
35 20180413 007
35 20180414 005
35 20180414 006
35 20180414 007
35 20180414 008
35 20180414 009
35 20180414 010
35 20180414 011
35 20180414 012
35 20180414 013
35 20180415 008
35 20180415 009
35 20180415 010
35 20180415 011
35 20180415 012
35 20180415 013
35 20180415 016
35 20180415 017
35 20180415 018
35 20180415 019
35 20180415 020
35 20180415 021
35 20180415 022
35 20180416 007
35 20180416 008
35 20180416 009
35 20180416 010
35 20180416 011
35 20180416 012
35 20180416 014
35 20180416 015
35 20180416 017
35 20180416 019
35 20180416 020
35 20180416 022
35 20180416 023
35 20180416 024
35 20180416 025
35 20180416 026
35 20180416 027
35 20180417 010
35 20180417 015
35 20180417 017
35 20180417 018
35 20180417 019
35 20180417 020
37 20180418 007
37 20180418 008
37 20180418 009
37 20180418 010
37 20180418 011
37 20180418 012
37 20180418 013
37 20180418 014
37 20180418 015
37 20180419 008
37 20180419 009
37 20180419 010
37 20180420 006
37 20180420 007
37 20180420 008
37 20180420 009
37 20180420 010
37 20180420 011
37 20180420 012
37 20180421 007
37 20180421 008
37 20180421 009
37 20180421 010
37 20180421 011
37 20180421 012
37 20180421 013
37 20180421 014
37 20180423 012
37 20180423 014
37 20180423 015
37 20180423 016
37 20180423 017
37 20180424 019
37 20180424 020
37 20180424 021
37 20180424 022
39 20180505 007
39 20180505 008
39 20180505 009
39 20180505 010
39 20180506 009
39 20180506 010
39 20180506 011
39 20180506 012
39 20180507 008
39 20180507 009
39 20180507 010
39 20180507 011
39 20180507 012
39 20180507 013
39 20180507 014
39 20180507 015
39 20180508 007
39 20180508 008
39 20180508 009
39 20180508 010
39 20180508 015
39 20180508 016
40 20180509 007
40 20180509 008
40 20180509 009
40 20180509 010
39 20180510 004
39 20180510 007
39 20180510 009
39 20180510 010
39 20180510 015
39 20180510 016
39 20180511 009
39 20180511 010
39 20180511 011
39 20180511 014
39 20180511 015
39 20180511 022
39 20180511 023
39 20180511 024
39 20180511 025
39 20180511 026
39 20180511 027
39 20180512 009
39 20180512 010
39 20180512 011
39 20180513 007
39 20180513 008
39 20180513 009
39 20180513 010
39 20180513 011
39 20180513 012
39 20180513 013
39 20180513 014
39 20180514 002
39 20180514 011
39 20180514 012
39 20180514 013
39 20180514 014
39 20180514 015
39 20180515 005
39 20180515 006
39 20180515 007
39 20180515 009
39 20180515 010
39 20180515 011
39 20180515 012
39 20180515 013
39 20180515 014
39 20180515 015
39 20180515 016
39 20180515 017
39 20180515 018
39 20180515 019
39 20180516 009
39 20180516 010
39 20180516 011
39 20180516 012
39 20180516 016
39 20180516 017
39 20180516 018
39 20180516 019
39 20180516 020
39 20180516 021
39 20180516 022
39 20180516 023
39 20180517 005
39 20180517 006
39 20180517 007
39 20180517 008
39 20180517 009
39 20180517 010
39 20180517 011
39 20180517 012
39 20180517 013
39 20180517 014
39 20180517 015
39 20180517 017
39 20180517 018
39 20180517 019
39 20180517 020
39 20180517 021
39 20180518 008
39 20180518 009
39 20180518 010
39 20180518 011
39 20180518 012
39 20180518 013
39 20180518 014
39 20180518 016
39 20180518 019
39 20180519 007
39 20180519 008
39 20180519 009
39 20180519 010
39 20180519 011
39 20180519 012
39 20180519 013
39 20180519 014
39 20180519 015
39 20180519 016
38 20180520 008
38 20180520 009
38 20180520 010
38 20180520 011
38 20180520 012
38 20180520 013
38 20180520 014
38 20180520 015
38 20180520 016
40 20180523 015
40 20180523 016
40 20180523 017
40 20180611 017
40 20180611 018
40 20180612 013
40 20180612 014
40 20180612 015
40 20180612 016
40 20180612 017
40 20180612 018
40 20180612 019
40 20180612 020
40 20180612 021
40 20180612 022
40 20180612 023
40 20180613 012
40 20180613 014
40 20180613 016
40 20180613 017
40 20180613 018
40 20180613 019
40 20180613 020
40 20180613 021
40 20180613 022
40 20180613 023
40 20180613 024
40 20180614 013
40 20180614 014
40 20180614 015
40 20180614 017
40 20180614 024
40 20180618 015
40 20180618 016
40 20180618 017
40 20180618 018
40 20180618 019
40 20180619 011
40 20180619 012
40 20180705 006
40 20180705 007
40 20180705 008
40 20180705 009
40 20180705 010
40 20180705 011
40 20180707 007
40 20180708 004
40 20180708 005
40 20180708 006
40 20180708 007
40 20180708 008
40 20180709 013
40 20180712 012
40 20180712 013
40 20180712 014
40 20180714 007
40 20180714 008
40 20180714 009
40 20180715 007
40 20180717 010
40 20180717 011
41 20180808 025
42 20180810 009
42 20180810 010
42 20180810 011
42 20180814 008
42 20180814 009
42 20180815 016
42 20180815 017
42 20180815 018
42 20180820 017
42 20180820 018
42 20180820 020
42 20180820 022
42 20180820 023
42 20180821 018
42 20180821 019
42 20180821 021
42 20180821 022
42 20180821 023
42 20180821 028
42 20180822 020
42 20180822 021
42 20180822 022
42 20180822 023
42 20180823 018
43 20180905 024
43 20180905 025
43 20180910 015
43 20180910 016
43 20180910 017
43 20180910 018
43 20180910 020
43 20180910 021
43 20180910 022
43 20180910 023
43 20180910 024
43 20180911 016
43 20180911 017
43 20180911 018
43 20180911 019
43 20180911 020
43 20180911 021
43 20180911 022
43 20180911 023
43 20180911 024
43 20180911 025
43 20180911 026
43 20180912 017
43 20180912 018
43 20180912 019
43 20180912 020
43 20180912 021
43 20180912 022
43 20180912 025
43 20180912 026
43 20180912 027
43 20180912 028
43 20180913 018
43 20180913 019
43 20180913 021
43 20180913 022
43 20180914 015
43 20180914 016
43 20180914 017
43 20180915 014
43 20180915 015
43 20180915 016
43 20180915 017
43 20180915 018
43 20180915 019
43 20180915 022
43 20180915 023
43 20181003 009
43 20181003 010
43 20181003 011
43 20181004 010
43 20181005 012
43 20181005 013
43 20181005 014
43 20181005 017
43 20181005 018
43 20181005 019
43 20181010 014
43 20181010 015
43 20181010 016
43 20181010 017
43 20181010 018
43 20181010 019
43 20181010 025
43 20181010 027
43 20181010 028
43 20181010 029
43 20181011 007
43 20181011 008
43 20181011 009
43 20181011 010
43 20181011 011
43 20181011 012
43 20181011 013
43 20181011 014
43 20181011 015
43 20181011 016
43 20181011 017
43 20181014 009
43 20181014 010
43 20181014 011
43 20181014 012
43 20181014 013
43 20181014 014
43 20181014 015
43 20181014 016
43 20181014 017
43 20181014 018
43 20181014 019
43 20181017 008
43 20181017 009
43 20181017 010
43 20181017 011
44 20181030 013
45 20181102 007
45 20181102 008
45 20181102 009
45 20181102 010
45 20181102 011
45 20181102 012
45 20181102 013
45 20181102 014
45 20181102 015
45 20181102 016
45 20181103 012
45 20181104 012
45 20181104 013
45 20181106 008
45 20181106 009
45 20181106 010
45 20181106 011
45 20181106 012
45 20181106 013
45 20181106 014
45 20181106 015
45 20181106 016
45 20181107 008
45 20181107 009
45 20181107 010
45 20181107 011
45 20181107 012
45 20181107 013
45 20181107 014
45 20181107 015
45 20181107 016
45 20181107 017
45 20181107 018
45 20181108 008
45 20181108 009
45 20181108 010
45 20181108 011
45 20181108 016
45 20181108 017
45 20181108 018
45 20181108 019
45 20181108 020
45 20181108 021
45 20181109 008
45 20181109 009
45 20181109 010
45 20181111 018
45 20181111 019
45 20181111 020
45 20181111 021
45 20181112 013
45 20181112 014
45 20181112 015
45 20181114 012
45 20181114 013
45 20181114 014
45 20181114 015
45 20181114 016
45 20181114 017
45 20181114 020
45 20181115 013
45 20181115 014
45 20181115 015
45 20181115 016
45 20181115 017
45 20181116 015
45 20181117 010
45 20181118 019
45 20181118 020
45 20181119 015
45 20181119 016
45 20181120 012
45 20181120 013
45 20181127 009
45 20181127 010
45 20181127 011
45 20181128 008
45 20181128 009
45 20181128 010
45 20181128 011
45 20181128 012
45 20181128 013
45 20181128 014
45 20181129 007
45 20181129 008
45 20181129 011
45 20181129 012
45 20181129 013
45 20181130 011
45 20181130 012
45 20181130 013
45 20181130 014
45 20181130 015
45 20181130 017
45 20181130 018
45 20181130 019
45 20181130 020
45 20181130 021
45 20181202 013
45 20181202 014
45 20181202 015
45 20181202 016
45 20181202 017
45 20181202 018
45 20181202 019
45 20181202 020
45 20181202 021
45 20181202 022
45 20181202 023
45 20181203 012
45 20181203 013
45 20181203 014
45 20181203 015
45 20181203 016
45 20181203 017
45 20181203 018
45 20181203 019
45 20181203 020
45 20181203 021
45 20181203 022
47 20181204 013
47 20181204 014
47 20181204 015
47 20181204 016
47 20181204 017
47 20181204 018
47 20181204 019
47 20181204 020
47 20181204 021
47 20181204 022
47 20181204 023
47 20181204 027
47 20181204 028
47 20181204 029
47 20181204 030
47 20181205 011
47 20181205 012
47 20181205 013
47 20181205 014
47 20181205 015
47 20181205 017
47 20181205 018
47 20181205 019
47 20181205 026
47 20181205 027
47 20181210 007
47 20181210 008
47 20181210 009
47 20181210 010
47 20181210 011
47 20181210 012
47 20181210 013
47 20181210 014
47 20181210 015
47 20181210 024
47 20181210 028
47 20181211 010
47 20181211 015
47 20181213 014
47 20181214 013
47 20181214 014
47 20181214 015
47 20181214 016
47 20181214 018
47 20181214 019
47 20181215 029
47 20181215 030
47 20181215 031
47 20181215 032
47 20181215 033
47 20181215 034
47 20181215 035
47 20181215 036
47 20181219 006
47 20181219 007
47 20181219 008
47 20181219 009
47 20181220 014
47 20181225 008
47 20181225 009
47 20181226 007
47 20181226 008
47 20181226 009
47 20181226 010
47 20181226 011
47 20181227 003
47 20181227 004
47 20181227 005
47 20181227 006
47 20181227 007
47 20181228 011
47 20181228 012
47 20181228 013
47 20181228 014
47 20181228 015
47 20181228 016
47 20181228 017
47 20181231 013
47 20190101 011
47 20190101 012
47 20190101 013
47 20190101 014
47 20190101 015
47 20190101 016
47 20190101 025
47 20190101 026
47 20190104 008
47 20190104 009
47 20190104 010
47 20190104 011
47 20190104 016
47 20190104 017
47 20190104 018
47 20190104 019
47 20190104 020
47 20190104 021
47 20190104 022
47 20190104 023
47 20190104 024
47 20190104 025
47 20190104 026
47 20190104 027
47 20190105 011
47 20190105 012
47 20190105 013
47 20190105 014
47 20190105 015
47 20190105 020
47 20190105 021
47 20190105 022
47 20190105 023
47 20190105 024
47 20190105 025
47 20190105 026
47 20190105 027
47 20190105 028
47 20190105 029
47 20190105 030
47 20190105 031
47 20190106 007
47 20190106 008
47 20190106 009
47 20190108 002
47 20190108 003
47 20190108 011
47 20190108 012
47 20190108 013
47 20190108 014
47 20190108 015
47 20190108 017
47 20190108 018
47 20190108 019
47 20190108 020
47 20190108 021
46 20190109 013
46 20190112 022
46 20190112 023
46 20190112 024
46 20190112 025
46 20190112 026
46 20190112 027
46 20190112 028
46 20190112 029
46 20190112 030
46 20190112 031
46 20190112 032
46 20190112 033
46 20190113 016
46 20190113 017
46 20190114 018
46 20190116 016
46 20190116 017
46 20190116 018
46 20190116 019
46 20190117 019
46 20190117 020
46 20190117 021
46 20190117 022
46 20190117 023
46 20190118 014
46 20190118 015
46 20190118 016
47 20190124 022
47 20190124 023
47 20190125 010
47 20190127 008
47 20190127 016
47 20190128 007
47 20190128 014
47 20190128 015
47 20190129 013
47 20190129 014
47 20190201 012
47 20190201 013
47 20190201 014
47 20190201 015
47 20190201 016
47 20190201 017
47 20190201 018
47 20190201 019
47 20190201 021
47 20190202 011
47 20190202 012
47 20190202 013
47 20190202 014
47 20190202 015
47 20190202 016
47 20190202 017
47 20190202 018
47 20190202 019
47 20190203 015
47 20190203 016
47 20190203 017
47 20190203 018
47 20190203 019
47 20190203 020
47 20190203 021
47 20190203 022
47 20190203 023
47 20190203 024
47 20190203 025
47 20190204 012
47 20190204 013
47 20190204 014
47 20190204 017
47 20190204 018
47 20190204 019
47 20190204 025
47 20190204 026
47 20190205 015
47 20190205 016
47 20190205 018
47 20190205 019
47 20190205 020
47 20190205 022
47 20190205 023
47 20190205 024
47 20190205 025
47 20190207 015
47 20190207 016
47 20190207 018
47 20190207 020
47 20190207 021
47 20190207 022
47 20190207 023
47 20190207 024
47 20190207 025
47 20190208 020
47 20190208 021
47 20190208 022
47 20190208 023
47 20190208 024
47 20190208 025
47 20190208 026
47 20190208 027
47 20190208 028
47 20190208 029
47 20190208 030
47 20190208 035
47 20190208 036
47 20190209 020
47 20190209 021
47 20190209 022
47 20190209 024
47 20190209 025
47 20190209 026
47 20190209 027
47 20190212 014
47 20190212 015
47 20190212 016
47 20190212 017
47 20190212 018
47 20190212 019
47 20190212 020
47 20190212 021
47 20190212 022
47 20190212 023
47 20190213 016
47 20190213 017
47 20190213 018
47 20190213 019
47 20190213 020
47 20190213 021
47 20190213 022
47 20190213 023
47 20190213 024
47 20190215 017
46 20190301 014
46 20190301 015
46 20190301 016
46 20190301 017
46 20190301 018
46 20190301 019
46 20190301 020
46 20190301 021
46 20190301 022
46 20190301 025
46 20190301 026
46 20190301 027
46 20190301 028
46 20190301 029
46 20190301 030
46 20190302 019
46 20190302 021
46 20190302 022
46 20190302 023
46 20190302 024
46 20190302 025
46 20190302 026
46 20190302 027
46 20190302 028
46 20190302 029
46 20190302 031
46 20190302 032
46 20190302 033
46 20190303 002
46 20190303 008
46 20190303 010
46 20190304 017
46 20190305 012
46 20190305 013
46 20190305 014
46 20190305 015
46 20190306 014
46 20190306 015
46 20190306 018
46 20190306 019
46 20190306 020
46 20190307 012
46 20190307 013
46 20190307 014
46 20190307 015
46 20190307 016
46 20190307 017
46 20190307 018
46 20190307 019
46 20190307 020
46 20190307 021
46 20190307 022
46 20190307 023
46 20190307 024
46 20190307 026
46 20190307 027
46 20190307 028
46 20190307 029
46 20190307 030
46 20190307 031
46 20190308 009
46 20190315 015
46 20190315 016
46 20190315 017
46 20190315 018
46 20190316 019
46 20190316 020
46 20190316 021
46 20190316 022
46 20190316 023
46 20190317 017
46 20190324 012
46 20190324 013
46 20190324 014
46 20190325 013
46 20190325 014
46 20190325 015
46 20190325 016
46 20190325 017
46 20190401 021
46 20190401 022
46 20190401 023
46 20190401 024
46 20190402 021
46 20190402 022
46 20190402 023
46 20190402 024
46 20190402 025
46 20190403 019
46 20190403 020
46 20190403 021
46 20190403 022
46 20190403 023
46 20190403 024
46 20190403 025
46 20190404 017
46 20190404 018
46 20190404 020
46 20190404 021
46 20190404 022
46 20190404 023
46 20190404 024
46 20190404 025
46 20190404 026
46 20190405 017
46 20190405 018
46 20190405 019
46 20190405 020
46 20190405 021
46 20190405 024
46 20190405 025
46 20190405 026
46 20190405 027
46 20190405 028
46 20190405 029
46 20190405 030
46 20190405 031
46 20190405 032
46 20190407 018
46 20190407 019
46 20190407 021
46 20190407 022
46 20190407 023
46 20190407 024
46 20190407 025
46 20190407 026
46 20190407 027
46 20190408 016
46 20190408 017
46 20190408 018
46 20190408 019
46 20190408 020
46 20190408 021
46 20190408 022
46 20190408 023
46 20190408 024
46 20190408 025
46 20190408 026
46 20190408 027
46 20190408 028
46 20190408 029
46 20190408 030
46 20190408 031
46 20190408 032
46 20190408 033
46 20190409 023
46 20190409 024
46 20190409 025
46 20190409 026
46 20190409 027
46 20190409 028
46 20190410 015
46 20190410 016
46 20190410 018
46 20190410 019
46 20190410 020
46 20190410 021
46 20190410 022
46 20190410 023
46 20190410 024
46 20190410 025
46 20190410 026
46 20190410 027
47 20190412 010
47 20190412 011
47 20190412 012
47 20190412 013
47 20190412 014
47 20190412 015
45 20190413 014
45 20190414 008
45 20190414 009
45 20190414 010
45 20190414 011
45 20190423 006
45 20190423 007
45 20190425 005
45 20190425 006
45 20190425 007
45 20190425 008
45 20190425 009
45 20190425 010
45 20190425 011
45 20190425 012
45 20190426 008
45 20190426 009
45 20190426 010
45 20190426 011
45 20190426 012
45 20190426 013
45 20190426 014
45 20190426 015
45 20190426 016
45 20190427 010
45 20190427 011
45 20190427 012
45 20190427 013
45 20190427 014
45 20190427 015
45 20190427 016
45 20190427 017
45 20190427 018
45 20190427 019
45 20190427 020
45 20190427 021
45 20190428 018
45 20190428 019
45 20190428 020
45 20190428 021
45 20190428 022
45 20190428 023
45 20190428 024
45 20190428 025
45 20190428 026
45 20190428 027
45 20190428 028
45 20190428 029
45 20190428 030
45 20190429 013
45 20190429 014
45 20190429 015
45 20190429 016
45 20190429 017
45 20190429 018
45 20190429 019
45 20190429 020
45 20190429 021
45 20190429 022
45 20190429 023
45 20190429 024
45 20190429 025
45 20190430 013
45 20190430 014
45 20190501 013
45 20190501 014
45 20190501 015
45 20190501 016
45 20190501 017
45 20190501 018
45 20190501 019
45 20190501 020
45 20190501 021
45 20190501 022
45 20190501 023
45 20190501 024
45 20190501 025
45 20190501 026
45 20190501 027
45 20190501 028
45 20190502 013
45 20190502 014
45 20190502 015
45 20190502 017
45 20190502 018
45 20190502 019
45 20190502 020
45 20190502 021
45 20190502 022
45 20190502 023
45 20190502 024
45 20190502 025
45 20190502 026
45 20190502 027
45 20190502 028
45 20190502 029
45 20190503 012
45 20190503 013
45 20190503 014
45 20190503 015
45 20190504 013
45 20190504 014
45 20190504 015
45 20190504 016
45 20190504 017
45 20190504 018
45 20190504 019
45 20190504 020
45 20190504 021
45 20190504 022
45 20190504 023
45 20190504 024
45 20190504 025
45 20190504 026
45 20190504 027
45 20190504 028
45 20190505 019
45 20190505 020
45 20190505 021
45 20190505 022
45 20190505 023
45 20190505 024
45 20190505 025
45 20190505 026
45 20190505 027
45 20190505 028
45 20190505 029
45 20190505 030
45 20190505 031
47 20190506 008
47 20190506 009
47 20190506 010
47 20190506 011
47 20190506 012
47 20190506 015
47 20190507 006
47 20190507 007
47 20190507 008
47 20190507 009
47 20190507 010
47 20190507 013
47 20190508 016
47 20190508 017
47 20190509 003
47 20190509 004
47 20190509 005
47 20190509 006
47 20190509 007
47 20190509 008
47 20190509 009
47 20190509 010
47 20190509 011
47 20190509 012
47 20190509 013
47 20190509 014
47 20190512 015
47 20190512 016
48 20190523 013
47 20190524 016
47 20190524 017
47 20190524 018
47 20190524 021
47 20190526 017
47 20190527 012
47 20190527 013
47 20190527 014
47 20190527 015
47 20190527 016
47 20190527 017
47 20190527 018
47 20190527 019
47 20190527 020
47 20190528 013
47 20190528 014
47 20190528 015
47 20190528 016
47 20190528 017
47 20190528 018
47 20190529 013
47 20190529 014
47 20190529 015
47 20190529 017
47 20190529 020
47 20190529 021
47 20190529 022
47 20190529 023
47 20190529 024
47 20190529 025
47 20190530 012
47 20190530 013
47 20190530 015
47 20190530 017
47 20190530 018
47 20190530 019
47 20190530 020
47 20190530 021
47 20190601 006
47 20190601 007
47 20190604 006
47 20190604 007
47 20190604 008
47 20190605 006
47 20190605 007
47 20190605 008
47 20190605 010
48 20190606 015
48 20190606 016
48 20190606 017
48 20190606 018
48 20190606 019
48 20190606 021
48 20190606 024
48 20190607 014
48 20190607 015
48 20190607 016
48 20190607 017
48 20190607 019
48 20190608 020
48 20190608 021
48 20190608 022
48 20190608 023
48 20190609 019
48 20190609 020
47 20190621 012
47 20190621 013
47 20190622 007
47 20190622 008
47 20190624 014
47 20190624 015
47 20190624 016
47 20190624 017
47 20190624 018
47 20190624 019
47 20190624 020
47 20190625 013
47 20190625 014
47 20190625 015
47 20190625 016
47 20190625 017
47 20190625 018
47 20190625 019
47 20190626 012
47 20190626 013
47 20190626 014
47 20190626 015
47 20190626 016
47 20190626 017
47 20190626 018
47 20190626 019
47 20190627 012
47 20190627 013
45 20190630 012
45 20190630 013
45 20190701 015
45 20190701 016
45 20190701 017
45 20190701 018
45 20190701 019
45 20190701 020
46 20190706 013
46 20190706 014
48 20190720 014
48 20190721 012
48 20190721 013
48 20190722 012
48 20190722 013
48 20190722 014
48 20190724 012
48 20190724 013
48 20190724 014
48 20190724 015
48 20190725 007
48 20190725 008
48 20190725 009
48 20190725 010
48 20190726 012
48 20190726 013
48 20190726 014
48 20190727 014
48 20190727 015
48 20190727 016
48 20190728 013
48 20190728 014
49 20190730 011
49 20190730 012
49 20190731 013
49 20190731 014
49 20190731 015
50 20190802 012
50 20190802 013
50 20190802 026
50 20190802 027
50 20190802 028
50 20190802 029
50 20190803 012
50 20190803 013
50 20190803 025
50 20190803 026
50 20190803 027
50 20190803 028
52 20190805 021
52 20190805 024
52 20190806 021
52 20190806 022
52 20190806 023
52 20190808 016
52 20190808 017
52 20190808 018
52 20190808 019
52 20190808 020
52 20190809 015
52 20190809 016
52 20190809 017
52 20190809 019
52 20190810 014
52 20190810 015
52 20190810 016
52 20190810 017
52 20190810 018
52 20190811 017
52 20190811 018
52 20190811 019
52 20190811 020
52 20190811 021
52 20190812 011
52 20190812 012
52 20190812 013
53 20190826 013
53 20190827 017
53 20190827 018
53 20190827 019
53 20190829 005
53 20190829 006
53 20190829 007
53 20190829 008
53 20190829 009
53 20190829 010
53 20190831 008
53 20190831 009
53 20190831 010
53 20190831 011
53 20190831 012
53 20190901 012
53 20190901 013
53 20190901 014
53 20190901 015
53 20190901 016
53 20190901 017
53 20190901 018
53 20190901 019
53 20190901 020
53 20190902 009
53 20190902 010
53 20190902 011
53 20190902 012
53 20190902 013
53 20190903 018
53 20190903 019
53 20190903 020
53 20190903 021
53 20190903 022
53 20190903 023
53 20190903 024
53 20190903 025
53 20190903 026
53 20190904 016
53 20190904 017
53 20190904 018
53 20190904 019
53 20190904 020
53 20190904 021
53 20190904 022
53 20190904 023
53 20190904 025
53 20190905 012
53 20190905 013
53 20190906 010
53 20190907 014
53 20190907 015
53 20190907 016
53 20190907 017
53 20190907 018
53 20190907 019
53 20190907 020
53 20190908 013
53 20190908 014
53 20190908 015
53 20190908 016
53 20190908 017
53 20190908 018
53 20190908 019
55 20190923 012
55 20190923 013
55 20190924 013
55 20190924 014
55 20190924 015
55 20190926 008
55 20190926 009
55 20190926 010
55 20190926 011
55 20190926 012
55 20190927 018
55 20190927 019
55 20190927 020
55 20190927 021
55 20190927 022
55 20190927 023
55 20190927 024
55 20190927 025
55 20190927 026
55 20190927 027
55 20190928 015
55 20190928 016
55 20190928 017
55 20190928 018
55 20190928 019
55 20190928 020
55 20190928 021
55 20190928 022
55 20190928 023
55 20190929 012
55 20190929 013
55 20190929 014
55 20190929 015
55 20190929 019
55 20190929 020
55 20191001 010
55 20191001 011
55 20191001 012
55 20191002 014
55 20191004 017
55 20191004 018
55 20191004 019
55 20191005 009
55 20191005 010
55 20191006 021
55 20191006 023
55 20191006 024
55 20191006 025
55 20191006 026
55 20191006 027
54 20191008 017
54 20191008 018
54 20191008 019
54 20191008 020
55 20191020 015
58 20191021 014
58 20191021 015
58 20191021 016
59 20191022 015
59 20191022 016
59 20191022 017
59 20191022 018
59 20191022 019
59 20191022 020
59 20191023 016
59 20191023 017
59 20191023 018
59 20191023 019
59 20191023 020
59 20191023 022
59 20191023 023
59 20191023 024
59 20191024 018
59 20191024 019
59 20191024 020
59 20191024 021
59 20191024 022
59 20191024 024
59 20191024 025
59 20191024 026
59 20191024 027
59 20191024 028
59 20191026 016
59 20191026 019
59 20191026 020
59 20191026 021
59 20191026 022
59 20191026 023
59 20191027 015
59 20191027 016
59 20191027 017
59 20191027 018
59 20191027 019
59 20191027 020
59 20191027 021
59 20191027 022
59 20191027 023
59 20191028 013
59 20191028 014
59 20191028 015
59 20191028 016
59 20191028 017
59 20191028 018
59 20191028 019
59 20191029 016
59 20191029 017
59 20191029 020
59 20191029 021
59 20191029 022
59 20191029 023
59 20191029 024
59 20191030 014
59 20191030 015
59 20191030 016
59 20191030 017
59 20191030 021
59 20191030 022
59 20191030 023
59 20191030 024
59 20191030 025
59 20191101 013
59 20191101 014
59 20191101 015
59 20191101 016
59 20191101 017
59 20191101 019
59 20191101 020
59 20191101 021
59 20191102 015
59 20191102 016
59 20191102 021
59 20191102 024
59 20191104 015
59 20191104 016
59 20191104 017
59 20191105 018
59 20191105 019
59 20191105 025
59 20191116 008
59 20191117 011
59 20191117 012
59 20191117 013
58 20191118 012
58 20191118 013
58 20191118 014
58 20191118 015
58 20191118 016
58 20191118 017
58 20191119 013
58 20191119 014
58 20191119 015
58 20191119 016
58 20191119 017
58 20191119 018
58 20191119 019
58 20191119 020
58 20191121 009
58 20191121 010
58 20191121 011
58 20191121 012
58 20191121 013
58 20191121 016
58 20191121 017
58 20191122 010
58 20191122 014
58 20191122 015
58 20191123 009
58 20191123 010
58 20191123 011
58 20191123 012
58 20191123 014
58 20191123 015
58 20191123 016
58 20191123 017
58 20191123 018
58 20191124 013
58 20191124 014
58 20191124 015
58 20191124 016
58 20191124 018
58 20191124 019
58 20191124 020
58 20191125 013
58 20191125 014
58 20191125 015
58 20191125 018
58 20191125 025
58 20191125 026
58 20191125 027
60 20191127 003
60 20191201 016
60 20191201 017
60 20191202 020
60 20191202 021
60 20191202 022
60 20191202 032
60 20191202 033
60 20191202 034
60 20191202 035
60 20191202 036
60 20191202 037
60 20191203 019
60 20191203 026
60 20191203 027
60 20191203 028
60 20191203 029
60 20191203 030
60 20191204 027
60 20191207 018
60 20191207 019
60 20191207 020
60 20191207 021
60 20191207 022
60 20191207 023
60 20191207 024
62 20191208 023
62 20191208 024
62 20191208 025
62 20191215 011
62 20191216 011
62 20191216 012
62 20191216 013
62 20191216 014
62 20191217 011
62 20191217 012
62 20191217 013
62 20191217 014
62 20191218 012
62 20191218 013
62 20191218 014
62 20191218 015
62 20191218 016
62 20191219 011
62 20191219 012
62 20191219 013
62 20191221 008
62 20191221 009
62 20191221 012
62 20191221 013
62 20191221 014
62 20191221 015
62 20191221 016
62 20191221 024
62 20191222 008
62 20191222 009
62 20191222 012
62 20191222 013
62 20191222 014
62 20191222 015
62 20191222 016
62 20191222 025
62 20191222 026
62 20191222 027
62 20191223 008
62 20191223 009
62 20191223 010
62 20191223 011
62 20191223 012
62 20191223 016
62 20191224 008
62 20191224 009
62 20191224 010
62 20191224 011
62 20191224 012
62 20191224 013
62 20191224 025
62 20191224 026
62 20191224 027
62 20191225 016
62 20191225 017
62 20191225 018
62 20191225 019
62 20191225 020
62 20191225 021
62 20191225 022
62 20191225 023
62 20191225 024
62 20191225 025
62 20191226 017
62 20191227 009
62 20191227 010
62 20191227 011
62 20191227 012
62 20191227 013
62 20191227 014
62 20191227 015
62 20191227 023
62 20191227 024
62 20191227 025
62 20191227 026
62 20191227 027
62 20191227 028
62 20191229 014
62 20191229 015
62 20191229 016
62 20191229 017
62 20191230 016
62 20191230 017
62 20191230 023
62 20191230 024
62 20191230 025
62 20191230 026
62 20191230 027
62 20191230 028
62 20191230 029
62 20191230 030
62 20191230 031
62 20191230 032
62 20191231 026
62 20191231 027
62 20191231 028
62 20191231 029
62 20191231 030
62 20200101 021
62 20200101 022
62 20200101 023
62 20200101 024
62 20200101 025
62 20200101 026
62 20200101 027
62 20200101 028
62 20200102 016
62 20200102 017
62 20200102 018
62 20200102 021
62 20200102 022
62 20200104 025
62 20200104 026
62 20200104 027
62 20200104 028
62 20200104 029
62 20200104 031
62 20200104 032
62 20200104 033
62 20200104 034
62 20200105 023
62 20200105 024
62 20200105 025
62 20200105 026
62 20200105 027
62 20200105 028
62 20200105 029
62 20200105 030
62 20200106 021
62 20200106 022
62 20200106 023
62 20200106 024
62 20200107 025
62 20200107 026
62 20200107 027
62 20200107 028
62 20200108 031
62 20200113 010
64 20200114 011
64 20200114 012
63 20200115 013
63 20200115 014
63 20200118 009
63 20200118 010
63 20200118 011
63 20200118 018
63 20200118 019
63 20200119 011
63 20200119 012
63 20200119 013
63 20200119 020
63 20200119 021
63 20200119 022
63 20200119 023
63 20200119 024
63 20200121 008
63 20200121 016
63 20200121 017
63 20200123 011
63 20200123 021
63 20200123 022
63 20200123 023
63 20200123 024
63 20200123 025
63 20200123 026
63 20200123 027
63 20200123 028
63 20200123 029
64 20200124 017
64 20200124 018
64 20200124 019
64 20200124 020
64 20200124 021
64 20200124 022
64 20200124 023
64 20200124 024
64 20200124 025
64 20200124 026
64 20200124 027
64 20200124 028
64 20200124 029
64 20200124 030
64 20200124 031
64 20200125 013
64 20200125 021
64 20200126 013
64 20200126 022
64 20200126 023
64 20200126 024
64 20200126 025
64 20200126 026
64 20200126 027
64 20200126 028
64 20200126 029
64 20200126 030
64 20200126 031
64 20200126 032
64 20200126 033
64 20200126 034
64 20200126 035
64 20200126 036
64 20200127 020
64 20200127 021
64 20200127 022
64 20200127 023
64 20200127 024
64 20200127 025
64 20200127 026
64 20200127 027
64 20200127 028
64 20200127 029
64 20200127 030
64 20200127 031
64 20200127 032
64 20200127 033
64 20200127 034
64 20200129 020
64 20200129 021
64 20200129 022
64 20200129 023
64 20200129 024
64 20200129 025
64 20200129 026
64 20200129 027
64 20200129 028
64 20200129 029
64 20200129 030
64 20200129 031
64 20200129 032
64 20200129 033
64 20200129 034
64 20200129 035
64 20200130 014
64 20200130 015
64 20200130 016
64 20200130 017
64 20200130 018
64 20200130 019
64 20200131 016
64 20200131 017
64 20200131 018
64 20200131 019
64 20200131 020
64 20200131 021
64 20200131 022
64 20200131 023
64 20200131 024
64 20200131 025
64 20200131 026
64 20200201 020
64 20200201 021
64 20200201 022
64 20200201 023
64 20200201 024
64 20200201 025
64 20200201 026
64 20200201 027
64 20200201 028
64 20200201 029
64 20200201 030
64 20200201 031
64 20200202 023
64 20200202 024
64 20200202 025
64 20200202 026
64 20200202 027
64 20200202 028
64 20200202 029
64 20200202 030
64 20200203 023
64 20200203 024
64 20200203 025
64 20200204 021
