20190401 012 013 -14.3913736 33398.8477 0 2.709360119347222
20190401 012 021 -26.8541164 54989.7539 1 2.521925133086191
20190401 012 022 -65.3455963 17150.2598 0 2.748352249201655
20190401 012 023 -14.9160137 18526.1016 0 1.912683929007485
20190401 012 024 -15.6447296 21727.6875 0 3.366621944859216
20190401 012 025 -19.0945549 32848.4727 0 2.165882546776085
20190401 012 026 -29.8456593 20901.2676 0 3.94785969356841
20190401 012 027 -36.9454422 23089.9883 0 5.026413473264872
20190401 012 032 -30.7336617 62.0199242 0 0.7163424407804359
20190401 012 033 -17.2571869 52177.5039 3 2.788989677038046
20190401 012 034 -14.6360188 17903.4082 0 2.106017323562749
20190401 012 035 -16.9679794 15973.2451 0 3.087170361570981
20190401 012 036 -13.4080925 56092.5234 6 2.647815655335232
20190401 012 037 -12.7770596 53447.9766 1 2.848585165356836
20190401 012 042 -29.8665390 25326.4336 0 4.135142689502866
20190401 012 043 -78.5547562 20337.8906 0 2.773376977537669
20190401 012 044 -14.2056074 21532.2031 0 2.832720748769364
20190401 012 045 -14.8972549 21499.2480 0 3.52985130853127
20190401 012 046 -13.4087439 13284.8936 0 1.861986217000916
20190401 012 047 -21.7099895 19074.9004 0 4.954736808053822
20190401 012 052 -14.5075283 44782.3516 0 2.892556861789989
20190401 012 053 -18.0282269 51691.3828 1 1.86997412608038
20190401 012 062 -14.8770704 18907.0137 0 2.830290903090457
20190401 012 063 -13.1172810 20329.6035 0 1.979766537183048
20190401 012 067 -20.3677292 54729.1133 3418 12.96551180890997
20190401 012 076 -17.6795082 38701.9727 0 3.418386199361902
20190401 012 081 -89.0773621 55919.9453 1 3.052325274934989
20190401 012 082 -57.9425163 38127.1836 0 4.085728360551547
20190401 012 083 -17.2972889 59816.9805 2 3.465535263213334
20190401 012 084 -66.1466141 19488.5645 0 2.659040523664996
20190401 012 085 -12.5052261 55575.9570 47 2.647208253844508
20190401 012 086 -13.7732077 14240.9492 0 3.170928305275174
20190401 012 087 -34.5228577 18771.2637 0 3.319959220630145
20190401 012 088 -17.4962540 20228.7012 0 3.277118544301728
20190401 012 091 -16.6818256 57139.0938 1 3.063616006004498
20190401 012 092 -13.7156858 52126.1680 1 3.870815336702164
20190401 012 093 -38.4587440 20673.7285 0 3.20338669656446
20190401 012 094 -14.0350237 13070.2256 0 2.273534855908991
20190401 012 095 -15.0222683 11701.7998 0 5.01474832041836
20190401 012 096 -12.9413557 11058.0938 0 2.054247102494216
20190401 012 097 -12.6444216 15618.5029 0 3.028840303266494
20190401 012 098 -12.2588272 54605.5234 3 1.840645409080583
20190401 012 103 -13.9899263 16011.6650 0 4.105053888148628
20190401 012 104 -13.6971827 13434.3467 0 1.542783011843065
20190401 012 105 -15.4426022 17818.2930 0 2.304389719385009
20190401 012 106 -25.9492664 54660.7031 1 2.437386358239711
20190401 013 013 -14.4263954 55552.2188 1 1.671793464411367
20190401 013 021 -30.1741619 21525.2891 0 1.668718756078842
20190401 013 022 -12.7287588 18329.3594 0 1.928325941419688
20190401 013 023 -18.6563263 19621.5078 0 1.594523836485652
20190401 013 024 -14.9338760 13156.1650 0 2.356464293431815
20190401 013 025 -16.2778664 26299.3887 0 1.425785847941633
20190401 013 026 -14.6033859 18765.3047 0 2.331040892101284
20190401 013 027 -20.2668362 48449.1055 0 3.225392841631
20190401 013 032 -26.4680614 66.8877487 0 0.1651507405261765
20190401 013 033 -21.4298134 52177.1641 3 1.721789086804181
20190401 013 034 -12.4024591 15701.4668 0 1.401575107374534
20190401 013 035 -19.6510887 12069.8682 0 1.856287370385383
20190401 013 036 -12.8655729 13862.9736 0 1.986218566846751
20190401 013 037 -12.6325550 22974.0801 0 1.918253787638099
20190401 013 042 -13.9853325 28526.2246 0 1.71724423644463
20190401 013 043 -57.5242386 51308.7539 1 1.440626590378719
20190401 013 044 -32.4452667 16328.2812 0 1.716266585911258
20190401 013 045 -15.2911396 55303.0703 2 2.248181643154553
20190401 013 046 -11.9093933 11337.6543 0 1.329967284505905
20190401 013 047 -16.1048775 13841.7979 0 3.050044656858826
20190401 013 052 -17.8680725 22324.2207 0 2.931083443136553
20190401 013 053 -12.5948353 51691.1836 1 1.196751696039386
20190401 013 062 -15.2721472 28764.6855 0 1.86548858865993
20190401 013 063 -11.6818218 23144.6016 0 1.476806413703426
20190401 013 067 -12.4811497 16495.2188 0 2.616515585979212
20190401 013 076 -27.0589600 27132.5293 0 2.554543148116474
20190401 013 081 -81.2255249 57246.4727 3 2.10731751236686
20190401 013 082 -15.6990261 26472.4277 0 2.768090908146374
20190401 013 083 -16.3404369 17580.7598 0 2.556738245092488
20190401 013 084 -93.7684860 22976.9395 0 1.850197490060001
20190401 013 085 -12.5564346 47615.9844 0 1.596288126461241
20190401 013 086 -23.6131496 14750.6787 0 2.036019076433851
20190401 013 087 -23.3239040 23198.2617 0 2.274726901565792
20190401 013 088 -20.3522320 14971.7207 0 2.258663292650953
20190401 013 091 -16.7264729 20223.3145 0 2.016433075472257
20190401 013 092 -18.1555004 52127.5352 1 2.926746959020332
20190401 013 093 -25.2138386 15001.2871 0 1.984986799512357
20190401 013 094 -13.1528463 15397.5635 0 1.826060632727918
20190401 013 095 -14.4128389 14143.1299 0 3.443098355006629
20190401 013 096 -29.8723679 11502.5430 0 1.417288689879391
20190401 013 097 -12.5579367 16390.8164 0 1.975666386749854
20190401 013 098 -13.3428993 13997.1240 0 1.332369197297927
20190401 013 103 -12.3613768 15497.9668 0 2.788243619826578
20190401 013 104 -33.2105789 17154.9297 0 1.00464738718931
20190401 013 105 -16.0665417 10276.0771 0 1.824480929301846
20190401 013 106 -13.2042599 54662.3867 1 1.584932052053233
20190401 014 013 -13.6634569 16845.7871 0 1.116427850847505
20190401 014 021 -42.7127190 13982.1582 0 0.4155713040168021
20190401 014 022 -23.1884937 10194.0049 0 0.9281857381462865
20190401 014 023 -16.0381889 15279.8125 0 0.6081228208357483
20190401 014 024 -16.5931435 17869.6738 0 1.185731477273446
20190401 014 025 -14.1528101 11854.0410 0 0.603824031666904
20190401 014 026 -23.7340565 17065.7520 0 1.333477298821441
20190401 014 027 -51.3736954 11356.7168 0 1.17115282383943
20190401 014 032 -15.8892498 57.8938866 0 0.4166220806295015
20190401 014 033 -22.2419567 51248.0352 1 0.7472976249212652
20190401 014 034 -13.0420256 12622.5850 0 0.7486145546305442
20190401 014 035 -28.1656094 9263.82617 0 1.021834853318304
20190401 014 036 -13.7030001 22704.5137 0 0.7524135124500434
20190401 014 037 -13.1208639 14621.7246 0 0.9497847119125464
20190401 014 042 -20.4424438 14319.9668 0 0.8266424650313513
20190401 014 043 -71.6788101 56639.3672 1 0.2740557334380445
20190401 014 044 -19.9862213 19631.0664 0 0.7406993917446101
20190401 014 045 -26.7365055 12607.2148 0 1.039725989533262
20190401 014 046 -33.9327278 16060.3701 0 0.4824744815312785
20190401 014 047 -14.9480104 10735.1406 0 1.269723119206393
20190401 014 052 -15.7954359 16227.0527 0 0.8606635989735006
20190401 014 053 -20.5306854 32957.3164 0 0.6318063175526243
20190401 014 062 -15.0552254 18018.0293 0 0.6990455133255751
20190401 014 063 -11.9111681 16271.2285 0 0.6958744433882422
20190401 014 067 -25.5354195 14140.6758 0 0.7434384955823814
20190401 014 076 -15.6785612 9894.75781 0 1.635216784704171
20190401 014 081 -88.4440918 19731.0898 0 1.008246559372082
20190401 014 082 -16.7188816 13324.2295 0 1.647810899046123
20190401 014 083 -16.4541531 18299.5059 0 1.281314441882638
20190401 014 084 -67.9787216 11942.5684 0 0.9097180800153066
20190401 014 085 -12.5989876 34704.8320 0 0.9263570819344442
20190401 014 086 -13.2549639 10101.1123 0 0.9130878115982111
20190401 014 087 -56.3292046 15175.6738 0 0.9865778224064432
20190401 014 088 -36.5140457 15705.1328 0 1.140966560448136
20190401 014 091 -36.4270973 15723.1465 0 1.007222781306444
20190401 014 092 -16.6569080 27208.5020 0 1.265179615592482
20190401 014 093 -22.9961033 11061.6406 0 0.3896658361709774
20190401 014 094 -13.5611506 9676.79102 0 0.9481959340886223
20190401 014 095 -15.0477829 21828.4629 0 1.269470960993188
20190401 014 096 -22.4983788 4581.40234 0 0.7974132072227627
20190401 014 097 -12.9117632 8282.32031 0 0.9243835811683554
20190401 014 098 -12.3783035 57145.9648 1 0.7052778653272276
20190401 014 103 -14.6360979 12719.6318 0 0.9117185260241578
20190401 014 104 -15.2252331 10336.0898 0 0.4876684106482
20190401 014 105 -16.3904190 10017.1387 0 0.7877638713433326
20190401 014 106 -22.8399868 55318.6328 2 0.8212311557294852
20190401 015 013 -13.9247923 16613.0156 0 2.004165608115657
20190401 015 021 -17.9711285 10130.1787 0 1.449641280493246
20190401 015 022 -13.9093065 18465.5859 0 1.898837204610458
20190401 015 023 -16.3133755 19623.6543 0 1.388073382332588
20190401 015 024 -14.8896332 57518.5938 2 2.09696914664401
20190401 015 025 -13.3802309 13256.6846 0 1.41101902639216
20190401 015 026 -20.1640491 18659.9766 0 2.457439389808168
20190401 015 027 -22.9600506 17489.9805 0 2.881940984594411
20190401 015 032 -19.8549461 78.5241699 0 0.2414167811166895
20190401 015 033 -22.2804565 52057.9453 1 1.693769144766592
20190401 015 034 -13.1614361 18977.8496 0 1.229896238240535
20190401 015 035 -50.1703796 14430.1465 0 1.931710708392453
20190401 015 036 -12.9193573 56087.5039 2 1.838071525582524
20190401 015 037 -12.4184656 7872.21875 0 1.820083797116513
20190401 015 042 -14.0209255 16532.3848 0 1.71512915643671
20190401 015 043 -57.1901970 18216.6758 0 1.483837725738459
20190401 015 044 -28.3936348 16832.9727 0 1.842435638401084
20190401 015 045 -12.9983406 13237.9092 0 2.193838789558539
20190401 015 046 -12.3422031 18866.6328 0 1.339080117518809
20190401 015 047 -21.9780006 19979.6758 0 3.124871291171121
20190401 015 052 -13.4792585 19684.9375 0 1.681257765900663
20190401 015 053 -26.5778389 46492.2422 0 1.027455974589417
20190401 015 062 -14.7752514 12886.6494 0 1.864263306561059
20190401 015 063 -12.0711327 14723.1680 0 1.431286076412207
20190401 015 067 -19.4656105 14630.8281 0 1.702205272629058
20190401 015 076 -19.5928516 20244.8379 0 2.238349667993461
20190401 015 081 -93.5236969 17465.8848 0 2.195617841112542
20190401 015 082 -16.1813812 15932.6309 0 2.699724271974232
20190401 015 083 -17.1254787 13391.9043 0 2.621702755280276
20190401 015 084 -81.5920715 54844.7695 1 1.898994932333366
20190401 015 085 -11.8011208 13559.0400 0 1.614682637512905
20190401 015 086 -31.9949055 9157.04590 0 2.078815780422008
20190401 015 087 -25.5969448 12578.2061 0 2.167961782222256
20190401 015 088 -21.1844330 10354.7959 0 2.457270214597538
20190401 015 091 -17.0325832 14600.5596 0 2.01814880661235
20190401 015 092 -12.5570860 38280.1719 0 1.88046802469349
20190401 015 093 -30.3119659 25372.6816 0 1.254690657400279
20190401 015 094 -13.8279867 11965.0391 0 1.850499982724572
20190401 015 095 -13.5197611 9074.54785 0 2.115161245247512
20190401 015 096 -12.6837959 19461.7461 0 1.634294517794229
20190401 015 097 -11.6625090 13677.7812 0 2.014492859529057
20190401 015 098 -11.4190645 11935.8047 0 1.111007481764615
20190401 015 103 -36.5791321 13340.4297 0 1.902824634186095
20190401 015 104 -13.2605715 13907.9209 0 0.9625853452332765
20190401 015 105 -17.5427742 13510.5254 0 1.514835389303116
20190401 015 106 -13.7596016 54660.5000 1 1.504473606447399
20190401 016 013 -14.2552147 23956.6289 0 1.519283691807785
20190401 016 021 -35.5216484 16614.5684 0 1.192669715912582
20190401 016 022 -16.9943199 9730.25000 0 1.224069597778909
20190401 016 023 -17.3428135 16306.1211 0 1.065071727497863
20190401 016 024 -15.5441895 12710.1758 0 1.674960885259075
20190401 016 025 -13.1164122 16891.8086 0 1.352045853265857
20190401 016 026 -15.1043596 17059.9336 0 1.767277516971998
20190401 016 027 -38.6582298 15131.7920 0 2.077211934707933
20190401 016 032 -17.4610920 97.1771317 0 0.3812518387489559
20190401 016 033 -23.5695000 52055.2656 1 1.131171461989495
20190401 016 034 -14.2554789 19051.2676 0 1.112201822532574
20190401 016 035 -43.4704437 34102.1836 0 1.274155847893653
20190401 016 036 -13.7162867 8089.08984 0 1.225909906076387
20190401 016 037 -12.1012754 16674.4922 0 1.364621911206869
20190401 016 042 -13.8797884 16752.4902 0 1.159187469494473
20190401 016 043 -54.0710182 11867.0225 0 0.8575901432252196
20190401 016 044 -13.0763979 19436.7793 0 1.157007125733284
20190401 016 045 -17.1336632 13583.6455 0 1.349502450969976
20190401 016 046 -11.4894133 11896.4238 0 0.8061775106976197
20190401 016 047 -16.5199471 16077.4355 0 1.965034921303916
20190401 016 052 -14.4134369 16404.1426 0 1.178351946839287
20190401 016 053 -36.5250549 43640.1641 0 0.8185674147671748
20190401 016 062 -18.2225037 14617.5361 0 1.433180270319282
20190401 016 063 -12.1250200 12654.2432 0 0.8991062994522583
20190401 016 067 -18.9324875 17502.0508 0 1.012162249927694
20190401 016 076 -13.7088480 21791.9160 0 1.865036061409278
20190401 016 081 -108.135353 20985.3223 0 1.631366253043748
20190401 016 082 -16.2012100 16945.5547 0 2.086340089648309
20190401 016 083 -17.9425468 16671.1055 0 1.809325360142344
20190401 016 084 -107.165352 19700.5918 0 1.288803431751516
20190401 016 085 -12.6221752 17105.4121 0 1.115818108572871
20190401 016 086 -12.5706081 10990.8359 0 1.317992720589048
20190401 016 087 -54.7446861 11528.4697 0 1.420586635715077
20190401 016 088 -53.2157974 18914.1016 0 1.602959413737424
20190401 016 091 -30.3794308 11289.5732 0 1.271075667991665
20190401 016 092 -13.5581999 35414.0703 0 1.593692305577352
20190401 016 093 -43.9178543 54069.7656 1 0.7992757186389159
20190401 016 094 -14.8570833 12060.6211 0 1.412903714250711
20190401 016 095 -13.8933420 11341.4551 0 1.599595060773354
20190401 016 096 -25.0805740 12859.9170 0 1.172128881018801
20190401 016 097 -13.2030439 6772.72168 0 1.209433277423589
20190401 016 098 -33.6537056 14329.7764 0 0.897145940207084
20190401 016 103 -25.6677361 12218.5889 0 1.211885218675286
20190401 016 104 -30.8459187 10034.1641 0 0.6658311891128719
20190401 016 105 -14.6843271 9929.52148 0 0.778475980990154
20190401 016 106 -33.0615349 54660.4492 1 1.108179293837826
20190401 017 013 -13.7064190 10474.1123 0 1.355981923750857
20190401 017 021 -29.7623425 12474.6523 0 0.8371438163689914
20190401 017 022 -23.0689812 17543.1875 0 1.189577367572252
20190401 017 023 -37.0237389 14027.9053 0 0.8933034338566024
20190401 017 024 -17.0531654 13115.9688 0 1.481051594169453
20190401 017 025 -12.9603920 20586.1777 0 0.8015813142198143
20190401 017 026 -22.0544300 12450.8896 0 1.526504482561591
20190401 017 027 -47.8025169 9930.52539 0 1.502195481799034
20190401 017 032 -23.0606785 85.7692108 0 0.4064525529416261
20190401 017 033 -26.7787952 47013.0703 0 0.8253760758323161
20190401 017 034 -13.5021896 8137.02344 0 0.7385894066541404
20190401 017 035 -29.1590443 12012.7969 0 1.672916785902619
20190401 017 036 -12.8540201 16036.6367 0 1.111072427299052
20190401 017 037 -14.1167336 13433.8008 0 1.178814727476974
20190401 017 042 -12.2233601 18042.4277 0 1.03059778022707
20190401 017 043 -62.3412285 15791.4746 0 0.9208310741590729
20190401 017 044 -26.4264336 31095.4570 0 0.8310006499716667
20190401 017 045 -12.5437155 14297.7334 0 1.215587817318289
20190401 017 046 -13.5143967 14367.9199 0 0.7896297885227356
20190401 017 047 -16.9693260 9835.69531 0 2.841461405986546
20190401 017 052 -27.5877037 39508.4180 0 1.109970758769499
20190401 017 053 -33.0193253 28911.8555 0 0.6858167409698035
20190401 017 062 -63.3616982 10497.4121 0 0.9227981636746765
20190401 017 063 -12.7647333 6334.83203 0 0.8143226102563393
20190401 017 067 -48.4630089 11195.5449 0 0.8210195589094472
20190401 017 076 -21.5682411 7142.51367 0 1.934998527971739
20190401 017 081 -86.4492569 13831.0479 0 1.524874869651022
20190401 017 082 -15.4095697 15025.3096 0 1.780606045801619
20190401 017 083 -14.3917732 18599.8574 0 1.505786218617872
20190401 017 084 -80.6679230 12180.2832 0 1.108489334155769
20190401 017 085 -15.4076195 19835.5820 0 0.8429245257963706
20190401 017 086 -13.1667728 12664.0215 0 1.121644565252265
20190401 017 087 -22.1545982 10292.9590 0 1.080315953055774
20190401 017 088 -25.4142895 8975.73438 0 1.556211345182752
20190401 017 091 -17.2349567 9461.42969 0 1.093504821062145
20190401 017 092 -17.9748745 24702.6289 0 1.287192766040037
20190401 017 093 -20.1193752 11202.9766 0 0.5587160229745667
20190401 017 094 -15.4360647 8964.01562 0 1.042256484646464
20190401 017 095 -13.7076759 5921.66650 0 1.389328196726043
20190401 017 096 -11.4514856 6490.57617 0 1.055562075875914
20190401 017 097 -13.2480822 12019.7119 0 0.8602237579407264
20190401 017 098 -12.0472441 9685.43359 0 0.5503204641446651
20190401 017 103 -33.5848045 15196.4658 0 1.15838906269772
20190401 017 104 -23.1607647 7592.98486 0 0.6772707834843501
20190401 017 105 -14.5129204 20588.5137 0 0.8687614007737015
20190401 017 106 -13.0467882 54661.1211 1 0.9069588923068673
20190401 018 013 -13.8067703 15780.2012 0 2.221355276183417
20190401 018 021 -31.5854149 12202.3545 0 0.9436662979332623
20190401 018 022 -26.8493881 16474.7344 0 0.9582951332189846
20190401 018 023 -26.4236927 11828.5352 0 0.9041972830897996
20190401 018 024 -17.9272614 12117.0527 0 1.40028398949616
20190401 018 025 -14.9424686 12706.1611 0 0.7912781265077815
20190401 018 026 -17.7066994 20875.1797 0 1.392504437781432
20190401 018 027 -30.1236153 14199.1689 0 1.524778329162498
20190401 018 032 -17.7677402 52.1295395 0 0.2164361820211641
20190401 018 033 -60.6511574 46793.5664 0 0.9510411886218517
20190401 018 034 -13.7344608 18657.0371 0 1.02786437023514
20190401 018 035 -22.4346695 13728.0957 0 1.298716132846294
20190401 018 036 -20.4428520 10872.6641 0 0.9593283701149933
20190401 018 037 -13.1416616 23141.1172 0 1.340065863581791
20190401 018 042 -14.0343170 57457.7695 2 1.082945058529903
20190401 018 043 -54.8084030 16191.6230 0 0.7183335387036404
20190401 018 044 -32.9177589 15550.6289 0 0.9702969026880099
20190401 018 045 -12.2204866 24253.6680 0 1.331004888907717
20190401 018 046 -13.6460028 8166.19482 0 0.7727634929843378
20190401 018 047 -14.3317957 10207.4658 0 1.483708444500235
20190401 018 052 -14.1627369 11703.0283 0 1.139110758105359
20190401 018 053 -16.1080627 45665.9492 0 0.7106682779584267
20190401 018 062 -21.3159752 8990.27637 0 1.057221093782191
20190401 018 063 -13.9354305 13570.5859 0 0.8666369645099952
20190401 018 067 -12.1648550 12090.2744 0 0.8280709991915486
20190401 018 076 -21.9658756 22285.6445 0 1.727913517851627
20190401 018 081 -86.1961060 9973.39746 0 1.317715533322026
20190401 018 082 -21.6373844 37111.5859 0 1.781508954935045
20190401 018 083 -18.3769398 14630.3760 0 1.518303679974226
20190401 018 084 -77.9065933 14232.4258 0 1.245461764540094
20190401 018 085 -12.0776653 11143.3760 0 1.125800805239865
20190401 018 086 -24.5485039 16093.9180 0 1.266989083925588
20190401 018 087 -34.4905624 12814.6953 0 1.226899369984448
20190401 018 088 -16.8673973 24812.4707 0 1.593947698709133
20190401 018 091 -17.7779007 4734.25488 0 1.240677749368795
20190401 018 092 -30.4775429 24734.4922 0 1.259038283014941
20190401 018 093 -16.4095383 15557.1768 0 0.5731119842033858
20190401 018 094 -12.8866310 9523.18164 0 0.9946682130876429
20190401 018 095 -16.3551426 4744.24951 0 1.21529286659274
20190401 018 096 -14.1884289 46666.1523 0 1.013551136173658
20190401 018 097 -15.2629261 10730.8301 0 0.9825296520496665
20190401 018 098 -11.9681416 7131.17969 0 0.7645241929251384
20190401 018 103 -16.7784290 8377.68652 0 0.9334308930154093
20190401 018 104 -70.2893066 14151.2920 0 0.5677433629211616
20190401 018 105 -15.2785873 8775.06055 0 0.7420810472851614
20190401 018 106 -35.4355164 54660.2344 1 0.7989843698540212
20190401 019 013 -14.8120613 17639.5508 0 1.202672584043994
20190401 019 021 -29.7536221 26208.3008 0 1.016149394193402
20190401 019 022 -25.1488876 23162.6758 0 0.8517203499123074
20190401 019 023 -16.5536880 53153.1406 1 0.8090034660183438
20190401 019 024 -17.3127460 17168.8496 0 1.445255863817058
20190401 019 025 -14.3905354 18365.5801 0 0.7830087744498584
20190401 019 026 -16.0636253 16109.1318 0 1.32784835974889
20190401 019 027 -20.7066536 11243.5391 0 1.655429735574975
20190401 019 032 -15.8258171 103.413002 0 0.5803590539267428
20190401 019 033 -31.2147541 46472.6133 0 0.7688721531638057
20190401 019 034 -13.8246202 13466.3301 0 0.9219989775219037
20190401 019 035 -55.0076714 14404.6211 0 0.7886617903729657
20190401 019 036 -13.0815277 12287.1152 0 0.8213667005837739
20190401 019 037 -13.3373804 17641.8926 0 1.216100277377664
20190401 019 042 -14.2940311 12969.6133 0 1.17158397277305
20190401 019 043 -50.9585838 14067.8213 0 0.43486658661802
20190401 019 044 -52.7647591 14911.9238 0 1.058541756711564
20190401 019 045 -25.8990021 28971.7422 0 1.412310743948083
20190401 019 046 -11.8801746 14603.2559 0 0.6961762113016118
20190401 019 047 -16.1092777 8062.76221 0 1.600724054630968
20190401 019 052 -12.9430180 14557.6934 0 1.014780480760987
20190401 019 053 -47.9036217 29007.3535 0 0.6020998931714955
20190401 019 062 -23.9476910 25283.4961 0 1.011175397784206
20190401 019 063 -14.8410463 11922.3623 0 0.8861059003569386
20190401 019 067 -14.6701174 12246.1494 0 0.7994049755436592
20190401 019 076 -47.3258858 19011.2637 0 1.935665232760693
20190401 019 081 -87.1555481 17261.7070 0 1.410487704244193
20190401 019 082 -16.2110481 16013.4658 0 1.69176303675264
20190401 019 083 -16.4917450 15774.5283 0 1.50115600681846
20190401 019 084 -65.6710815 16443.8301 0 1.270527037794046
20190401 019 085 -13.1283064 14736.9971 0 0.9328335737916181
20190401 019 086 -12.2357855 9944.52734 0 1.001188865972371
20190401 019 087 -47.8529091 16561.7793 0 1.200295548149411
20190401 019 088 -22.1285362 14114.2783 0 1.616129576330737
20190401 019 091 -18.0198154 14684.9102 0 1.258069727077834
20190401 019 092 -13.0419254 24429.1875 0 1.197329243276531
20190401 019 093 -24.5019741 14474.7803 0 0.4170437882263133
20190401 019 094 -13.1368732 13084.9980 0 1.075431594903457
20190401 019 095 -13.7966528 9657.18359 0 1.097997975169355
20190401 019 096 -15.1197615 7550.78467 0 1.003102415820902
20190401 019 097 -11.5689182 7811.49170 0 0.931954826176556
20190401 019 098 -15.6381960 12597.5488 0 0.6558301046574273
20190401 019 103 -12.1461296 17072.4395 0 1.001728951395231
20190401 019 104 -27.9230003 14318.3838 0 0.6583384177565959
20190401 019 105 -18.0175228 10299.2139 0 0.73344577530698
20190401 019 106 -16.5475712 54659.4844 1 0.8102224792146382
20190401 020 013 -14.7042675 14966.9678 0 1.041136411743387
20190401 020 021 -55.7019272 20714.5703 0 0.7771703115131472
20190401 020 022 -27.5232697 11311.8438 0 0.8002791929825223
20190401 020 023 -15.3438320 6767.61475 0 0.6940194256452055
20190401 020 024 -17.1201572 16155.7344 0 1.297718402267494
20190401 020 025 -14.3120880 15420.2871 0 0.6886941618272752
20190401 020 026 -31.7532463 9977.44727 0 1.084703138793301
20190401 020 027 -29.2133904 12979.8896 0 0.9595993839222861
20190401 020 032 -20.0277023 78.6296616 0 0.4119777620512062
20190401 020 033 -19.8620892 39891.5234 0 0.6045801346724893
20190401 020 034 -15.4037132 7849.79053 0 0.8684700605418504
20190401 020 035 -18.9835758 5233.10986 0 0.9226715362198099
20190401 020 036 -13.4226389 18509.6348 0 0.9247127495173189
20190401 020 037 -11.8271008 13242.2529 0 0.8574356297616711
20190401 020 042 -13.1726627 13744.6846 0 0.8075794227765518
20190401 020 043 -53.0884094 8390.61523 0 0.356107899732423
20190401 020 044 -49.8254395 14874.1504 0 0.8448815617730053
20190401 020 045 -21.9105301 17372.4336 0 0.8298009636899897
20190401 020 046 -12.5465202 14368.0742 0 0.5420873326472146
20190401 020 047 -22.3959846 16229.7188 0 1.441604255631922
20190401 020 052 -14.0357161 16693.4785 0 0.8945631504390278
20190401 020 053 -26.6412792 24824.5234 0 0.4732652206041829
20190401 020 062 -37.9494743 11648.5625 0 0.9500942270092881
20190401 020 063 -25.6607628 10142.1846 0 0.7451691996415423
20190401 020 067 -19.7815514 5479.93604 0 0.6512737061809063
20190401 020 076 -23.2007389 15713.6406 0 1.585884659921415
20190401 020 081 -96.7982864 16202.6221 0 1.302411145577274
20190401 020 082 -17.2675934 9113.88770 0 1.616531016402766
20190401 020 083 -17.3176842 11557.5879 0 1.353284190375108
20190401 020 084 -82.7272186 14767.9844 0 0.9794694870856758
20190401 020 085 -14.0760651 54674.1758 1 4.409015502635567
20190401 020 086 -25.2289848 20770.8828 0 0.7721544449736177
20190401 020 087 -24.4707069 14939.5371 0 0.9018094184012146
20190401 020 088 -35.7363281 13276.5752 0 1.396848687893554
20190401 020 091 -15.1181612 56885.7852 1 1.169189943736064
20190401 020 092 -27.6573391 20800.5684 0 1.156944554862361
20190401 020 093 -36.0983810 6527.19580 0 0.2298354961165577
20190401 020 094 -14.1944141 9165.25488 0 0.8257592109493755
20190401 020 095 -13.6234608 8836.98828 0 1.077259600099005
20190401 020 096 -26.6929302 12254.8760 0 1.16789632046975
20190401 020 097 -11.6751328 8950.79297 0 0.8178540137134305
20190401 020 098 -11.5644732 13376.4600 0 0.66372661831984
20190401 020 103 -25.0594711 11414.0898 0 0.7393148330553435
20190401 020 104 -26.4179382 7813.98145 0 0.4032521775403127
20190401 020 105 -14.6259098 7559.71729 0 0.6329247914069149
20190401 020 106 -33.0461655 47162.4023 0 0.6587036742993382
20190401 021 013 -16.8254223 6963.85352 0 1.261540584132738
20190401 021 021 -19.8748722 13142.1934 0 1.019770842740904
20190401 021 022 -33.6065254 10753.5352 0 1.05054860550362
20190401 021 023 -37.4979668 14777.1797 0 1.068677952032774
20190401 021 024 -15.7458935 14811.5713 0 1.48137699032002
20190401 021 025 -12.7565575 14841.7676 0 0.5892342600874504
20190401 021 026 -24.0513096 16955.8066 0 1.421280077424894
20190401 021 027 -34.4124641 16920.4395 0 1.493422370899849
20190401 021 032 -32.9318695 44.3872528 0 0.4685563062052421
20190401 021 033 -31.7535076 46917.7500 0 0.9720272257637671
20190401 021 034 -37.1282578 12826.9561 0 0.8577450031498907
20190401 021 035 -45.1657066 10340.8301 0 1.40589151289078
20190401 021 036 -13.5605497 15477.4775 0 0.8675688437671641
20190401 021 037 -12.5758438 19946.0000 0 1.065062418965462
20190401 021 042 -13.7806463 12400.8516 0 1.257246386064593
20190401 021 043 -58.0268936 45269.1523 0 0.5347590957763216
20190401 021 044 -19.1125736 13472.1064 0 1.002947384446284
20190401 021 045 -21.2401485 20837.1348 0 1.137906117558212
20190401 021 046 -12.5890074 11092.2012 0 0.7334441316455305
20190401 021 047 -14.9161787 11080.6367 0 1.649370696650532
20190401 021 052 -15.0966282 16828.5723 0 0.8990083676351173
20190401 021 053 -20.1500492 29007.1191 0 0.6459953604197752
20190401 021 062 -17.0168896 13396.4570 0 1.078016829191489
20190401 021 063 -12.7243853 23491.1875 0 0.9782288813506141
20190401 021 067 -17.9137573 9808.41309 0 1.004660497234213
20190401 021 076 -25.0355377 24806.3027 0 1.747298092720477
20190401 021 081 -90.1186142 15076.1094 0 1.565622040157015
20190401 021 082 -44.2599182 23339.5312 0 1.768345272377243
20190401 021 083 -18.2338829 16599.8789 0 1.664754974693764
20190401 021 084 -99.9958344 15254.1699 0 1.111471425922205
20190401 021 085 -11.8549967 16906.6875 0 1.060309513370421
20190401 021 086 -12.3155327 15328.7178 0 1.213957786768022
20190401 021 087 -21.2477036 12889.1748 0 0.9652944620234262
20190401 021 088 -18.9425182 14610.2734 0 1.433723369333048
20190401 021 091 -15.1432972 17045.1152 0 1.252092745521408
20190401 021 092 -13.8474360 24606.4492 0 1.110163673860483
20190401 021 093 -15.7720928 16056.6055 0 0.4053219328786015
20190401 021 094 -14.6818171 6784.29248 0 1.203920776457313
20190401 021 095 -14.3798199 8574.90430 0 1.352531821194976
20190401 021 096 -28.1679993 36098.1719 0 0.947908634063552
20190401 021 097 -12.3164625 22048.8398 0 0.8993545359410978
20190401 021 098 -11.3986588 33623.3789 0 0.6532518990947496
20190401 021 103 -28.4039936 40926.8750 0 0.8655489062594752
20190401 021 104 -15.6407566 13457.3018 0 0.6009059771319146
20190401 021 105 -16.4834080 8588.42480 0 0.7568717328451005
20190401 021 106 -28.2928219 55539.3867 7 0.9082358822949776
20190401 022 013 -13.7800379 20603.3027 0 1.392544945349654
20190401 022 021 -16.6168385 16726.5684 0 1.119511906421285
20190401 022 022 -71.0675430 19803.3105 0 1.011362707255762
20190401 022 023 -21.4199257 9186.81641 0 0.8037130446536157
20190401 022 024 -16.5379581 58310.7461 1 1.317584977088267
20190401 022 025 -27.3319073 12757.1631 0 0.5945001448379618
20190401 022 026 -14.2765961 57346.7578 7 1.390121301446516
20190401 022 027 -14.5441875 13473.1719 0 1.670817623497561
20190401 022 032 -44.3253899 85.1459427 0 0.505942231649828
20190401 022 033 -36.4698792 46957.4023 0 0.9435442975363697
20190401 022 034 -12.7468834 8454.12695 0 0.7319274698923408
20190401 022 035 -14.2556906 7263.44531 0 1.105078662501514
20190401 022 036 -23.2469177 16254.2490 0 1.144210889151754
20190401 022 037 -12.5919247 12660.5264 0 1.103523866567243
20190401 022 042 -14.4335260 39742.0703 0 1.020595422891786
20190401 022 043 -48.0584793 16900.1406 0 0.632430635984616
20190401 022 044 -12.5634832 24979.3184 0 1.139425400285461
20190401 022 045 -13.0159292 20444.6777 0 0.9947806485014827
20190401 022 046 -12.2738981 14792.9893 0 0.6549936129195142
20190401 022 047 -14.6498413 16745.6934 0 2.278516871286396
20190401 022 052 -14.4822121 17603.2793 0 1.09075135423846
20190401 022 053 -37.4308891 28890.2559 0 0.5379701814265239
20190401 022 062 -36.2005730 56863.4180 1 1.070531376754799
20190401 022 063 -21.0711613 14795.4424 0 0.8989569364922546
20190401 022 067 -13.8482447 7846.25439 0 0.7575800398593999
20190401 022 076 -33.5575409 22897.4277 0 1.999944247226473
20190401 022 081 -68.0165253 11461.9395 0 1.536975364047579
20190401 022 082 -39.7164612 56480.9336 1 1.880645743663046
20190401 022 083 -17.4871712 14747.8330 0 1.564892707787467
20190401 022 084 -76.9341736 11006.2773 0 1.104284390165998
20190401 022 085 -13.1304846 10314.1602 0 0.9780250793888792
20190401 022 086 -18.7049847 11649.5518 0 1.048227337022298
20190401 022 087 -51.6267815 7412.33789 0 1.157157383470687
20190401 022 088 -17.7936745 21019.2129 0 1.237474183922269
20190401 022 091 -17.1580296 11776.1475 0 1.348893451119934
20190401 022 092 -23.1081352 24785.7148 0 1.461786071173816
20190401 022 093 -21.3861408 9241.57324 0 0.2893520980233666
20190401 022 094 -14.9459677 7626.18359 0 1.10558900305845
20190401 022 095 -26.5689468 5635.88867 0 1.492170894715879
20190401 022 096 -28.2167416 9645.99512 0 0.9756047973131533
20190401 022 097 -12.4329739 12363.4785 0 1.020194470712891
20190401 022 098 -12.1061497 7205.47705 0 0.7311689588976881
20190401 022 103 -17.0438652 11698.7959 0 1.0114859832265
20190401 022 104 -23.0092449 9038.86133 0 0.5242741353545841
20190401 022 105 -15.7256565 8301.49023 0 0.7541728843469422
20190401 022 106 -14.5795221 54659.7344 1 0.8365024747020618
20190401 023 013 -14.9929790 11438.4980 0 1.184885978931951
20190401 023 021 -41.5949249 13129.2002 0 0.9818932254705737
20190401 023 022 -74.0191727 39192.4062 0 0.9640223001920354
20190401 023 023 -19.4276276 10077.9639 0 1.011250354730277
20190401 023 024 -16.7389965 26171.1543 0 1.526814480636835
20190401 023 025 -13.5602474 56064.4414 1 0.8288903064745542
20190401 023 026 -25.2313805 32902.2461 0 1.416936016024435
20190401 023 027 -34.4226608 9246.14551 0 1.667186527867415
20190401 023 032 -28.1571808 50.8481674 0 0.3987343265585737
20190401 023 033 -22.5627193 46992.1953 0 0.9920945528488965
20190401 023 034 -13.3265057 13010.7617 0 0.7783692571519282
20190401 023 035 -22.4427071 10949.4150 0 0.9100508225436331
20190401 023 036 -12.7685080 11904.3398 0 0.9227870675883162
20190401 023 037 -11.7923479 17697.4336 0 1.131648409007875
20190401 023 042 -13.6832886 16042.9014 0 1.553641424959861
20190401 023 043 -78.8292007 17597.2012 0 0.6138515473271102
20190401 023 044 -32.5792389 20062.1973 0 0.9778500879215215
20190401 023 045 -13.5588799 15794.0137 0 1.206512513751316
20190401 023 046 -12.8161469 53405.1914 1 0.6824120458877715
20190401 023 047 -14.8493996 15205.4590 0 1.661932119592077
20190401 023 052 -15.2553225 17084.6895 0 1.084655336043525
20190401 023 053 -33.2594337 29267.8555 0 0.8301395882826087
20190401 023 062 -18.5411072 9514.06543 0 1.098172223502699
20190401 023 063 -17.3269615 18734.7539 0 0.9676742291806889
20190401 023 067 -23.2895451 7823.24072 0 0.9629740971051526
20190401 023 076 -23.5768051 13539.9043 0 1.863093730129737
20190401 023 081 -80.0014038 20453.3984 0 1.368439311083843
20190401 023 082 -26.0266590 11588.3252 0 1.86852046791129
20190401 023 083 -17.0771446 20931.6934 0 1.659825737003739
20190401 023 084 -77.8252945 16128.5234 0 1.133250814793074
20190401 023 085 -14.0386534 8993.98340 0 0.9599514883237922
20190401 023 086 -16.9719162 11224.5547 0 1.253965086618263
20190401 023 087 -61.4274979 11843.6816 0 1.384950102010582
20190401 023 088 -47.9125595 14891.8662 0 1.434202437441927
20190401 023 091 -17.2112885 9970.27637 0 1.29749945940851
20190401 023 092 -19.0704193 24614.6855 0 1.298414049013974
20190401 023 093 -40.6187019 7789.14941 0 0.3753654917030804
20190401 023 094 -15.0119457 7612.50146 0 1.083220080665406
20190401 023 095 -13.8269730 13364.2852 0 1.078067397557287
20190401 023 096 -17.9244576 11810.4199 0 0.8477555556080537
20190401 023 097 -12.0918932 10522.9219 0 1.107881505680016
20190401 023 098 -12.3261452 16382.8232 0 0.8072628097712274
20190401 023 103 -18.8049412 17423.0391 0 0.956540985630293
20190401 023 104 -14.3444700 8409.02344 0 0.5633684347424345
20190401 023 105 -15.4161873 9651.43359 0 0.7619078796409077
20190401 023 106 -20.7348232 54660.0000 1 0.7761316339990244
20190401 024 013 -15.2959080 12232.6855 0 1.137473299938399
20190401 024 021 -34.7716599 16042.7178 0 1.018246237556627
20190401 024 022 -22.9801769 16426.1895 0 1.326165430738066
20190401 024 023 -16.6412868 17298.2148 0 1.020872825298237
20190401 024 024 -16.6754112 17014.6191 0 1.613591216963838
20190401 024 025 -16.6848049 9627.05859 0 0.9670924939754258
20190401 024 026 -17.0175114 14664.3604 0 1.609908427138085
20190401 024 027 -28.9953804 43110.1641 0 3.541767705999086
20190401 024 032 -25.2398834 49.2138138 0 0.4107453075787449
20190401 024 033 -50.4942589 46798.1445 0 0.813972895270782
20190401 024 034 -12.8404617 18496.5332 0 0.8014366548293199
20190401 024 035 -27.7698402 15085.0137 0 1.122438702262935
20190401 024 036 -14.3352213 16346.8330 0 0.9498437473125185
20190401 024 037 -12.3980160 17149.3652 0 1.05787256282262
20190401 024 042 -15.5934181 57817.3242 1 1.099553439340826
20190401 024 043 -63.9319305 10213.1963 0 0.5770416812334401
20190401 024 044 -14.5493898 19922.4336 0 0.9377911976651159
20190401 024 045 -17.4484158 17064.6699 0 1.204000925811773
20190401 024 046 -14.7112942 16108.2520 0 0.8688725921019469
20190401 024 047 -14.6937103 44931.9648 0 1.648980476412745
20190401 024 052 -15.2941036 10570.8467 0 1.063211219981688
20190401 024 053 -17.1201725 29572.9551 0 0.6739099191640866
20190401 024 062 -14.5780420 15161.0039 0 1.034726528343772
20190401 024 063 -12.3439369 11471.1807 0 0.8765064458249409
20190401 024 067 -12.8916101 9423.96191 0 0.6652833315577763
20190401 024 076 -38.8958664 12514.8955 0 1.81996499006657
20190401 024 081 -81.5806122 19031.6191 0 1.443298543500445
20190401 024 082 -17.0208759 17693.5039 0 1.749865145511623
20190401 024 083 -16.2339687 13403.9199 0 1.55613670614652
20190401 024 084 -66.2846603 15376.4141 0 1.230003493055437
20190401 024 085 -26.3854427 10533.7070 0 1.001673189115223
20190401 024 086 -29.1266975 13939.2773 0 1.060432121083029
20190401 024 087 -51.0460777 20167.8711 0 1.166706525309978
20190401 024 088 -33.7178879 22451.4727 0 1.509246386322616
20190401 024 091 -30.4480000 6652.34424 0 1.296697641356737
20190401 024 092 -13.8220243 50585.1914 1 1.256085532574177
20190401 024 093 -14.2808199 7201.18652 0 0.3592830926410852
20190401 024 094 -15.1912050 5639.69043 0 1.028153370435274
20190401 024 095 -14.3442039 13109.6064 0 1.289917483310868
20190401 024 096 -32.7038727 14320.4072 0 0.918979462368292
20190401 024 097 -14.1755161 29950.2168 0 1.040509723295253
20190401 024 098 -11.5994654 14966.0117 0 0.8987965353158321
20190401 024 103 -32.8655243 17742.4824 0 1.231887460875219
20190401 024 104 -15.9078083 12353.8086 0 0.6235194106845966
20190401 024 105 -16.8495140 19661.0547 0 0.9541414649383997
20190401 024 106 -18.8622570 54659.6445 1 0.8223721256406007
20190401 025 013 -14.8944235 16550.9355 0 1.896026796997193
20190401 025 021 -53.9215508 9514.87402 0 1.502778892221785
20190401 025 022 -22.1803093 16718.4277 0 1.720497785369162
20190401 025 023 -20.2389393 18259.4375 0 1.405388654299838
20190401 025 024 -16.6821537 16245.8174 0 2.318293287699848
20190401 025 025 -13.5751209 11783.9775 0 1.280429401678355
20190401 025 026 -15.8612127 11776.9482 0 2.274927737912007
20190401 025 027 -29.8599377 19518.7578 0 2.785010355313468
20190401 025 032 -138.042114 72.1284103 0 0.2702449819254406
20190401 025 033 -22.5300751 52050.6211 1 1.696979454202389
20190401 025 034 -14.4540958 47452.2461 0 1.369435661225732
20190401 025 035 -44.1735878 11262.0625 0 1.817385011432545
20190401 025 036 -12.5220356 10896.3203 0 1.690688877315443
20190401 025 037 -11.8114367 14985.6709 0 1.929173490397924
20190401 025 042 -14.3884954 9229.09766 0 1.787074811973774
20190401 025 043 -43.7863235 56939.3125 2 1.373990737772464
20190401 025 044 -31.6516533 15919.4307 0 1.822701002616889
20190401 025 045 -47.3187180 13495.0908 0 2.122308387051193
20190401 025 046 -11.8422289 14537.3516 0 1.098467373942744
20190401 025 047 -17.4013481 15247.6230 0 3.040178336608543
20190401 025 052 -13.9974213 11195.6396 0 1.611640801885801
20190401 025 053 -24.0794334 46207.5938 0 1.264746404255965
20190401 025 062 -15.5945330 22603.4082 0 1.957497631273181
20190401 025 063 -12.8690491 13685.4863 0 1.25839448790802
20190401 025 067 -22.0808144 10123.9883 0 2.091332338337287
20190401 025 076 -35.5076599 13961.1846 0 2.266236026445225
20190401 025 081 -121.155075 15753.7100 0 1.821632109557481
20190401 025 082 -16.5140190 16081.1025 0 2.724159511047565
20190401 025 083 -16.3206387 13987.5508 0 2.442911657642037
20190401 025 084 -88.5384140 16692.6973 0 1.611398333199568
20190401 025 085 -13.0219116 40171.8633 0 1.796974461015074
20190401 025 086 -12.4675417 10230.3506 0 1.98159981146885
20190401 025 087 -63.1233444 30845.6543 0 1.89777956448121
20190401 025 088 -53.9208603 14994.9609 0 2.12531494070631
20190401 025 091 -15.6898355 11071.2002 0 1.88257918307798
20190401 025 092 -13.9577942 38075.5430 0 2.017976923291676
20190401 025 093 -31.6311321 14308.8271 0 1.153074153648429
20190401 025 094 -13.7392502 17162.4277 0 1.829135442424781
20190401 025 095 -14.1536865 6687.55420 0 1.82744088631098
20190401 025 096 -16.2489243 53954.5508 1 1.424255815694476
20190401 025 097 -14.5629358 9630.44336 0 1.862314245515855
20190401 025 098 -11.1483107 13875.8955 0 1.031183772112448
20190401 025 103 -20.5477066 15531.1572 0 1.749561539807436
20190401 025 104 -13.3812943 11775.5918 0 0.8164220361601614
20190401 025 105 -15.6528358 12851.3477 0 1.355240685639462
20190401 025 106 -20.0110493 55143.5078 4 1.462084024481815
20190401 026 013 -15.4787397 15386.9570 0 1.246601966818388
20190401 026 021 -54.4020767 12779.9922 0 0.8493020577366148
20190401 026 022 -36.4833069 7199.61963 0 0.8531823489310499
20190401 026 023 -22.4764023 10397.8115 0 0.8702242708490553
20190401 026 024 -15.3312521 18845.9961 0 1.498169776262799
20190401 026 025 -14.1405506 18239.2539 0 0.8493260509248971
20190401 026 026 -20.1248760 15165.4023 0 1.327019995872052
20190401 026 027 -27.8893642 43234.5039 0 1.550655282620028
20190401 026 032 -29.0999908 81.9639664 0 0.3012868004579596
20190401 026 033 -15.7719250 47001.2539 0 0.6741944098775915
20190401 026 034 -13.1871567 10244.0420 0 0.7883452092163282
20190401 026 035 -16.0313110 10573.5127 0 1.164335622043165
20190401 026 036 -25.0540428 12455.0791 0 1.094408610965836
20190401 026 037 -13.0611677 7831.94629 0 1.006982160856033
20190401 026 042 -13.2079878 15565.8438 0 1.010233616849482
20190401 026 043 -71.4477310 24982.3535 0 0.554319820931738
20190401 026 044 -12.2658491 14142.2627 0 1.006118540080589
20190401 026 045 -71.0046234 14395.0889 0 1.082954935787714
20190401 026 046 -12.5796051 10526.0635 0 0.7705197572709006
20190401 026 047 -18.5165768 15398.8418 0 1.431984920654561
20190401 026 052 -16.4543934 19123.6484 0 1.040084510270075
20190401 026 053 -37.6611366 29030.0371 0 0.5717816760542859
20190401 026 062 -63.9631882 16992.9902 0 1.134061000927894
20190401 026 063 -11.2680101 10428.6348 0 0.8503251365164034
20190401 026 067 -25.9488888 6155.57227 0 0.9294814841625647
20190401 026 076 -32.4460182 17360.1543 0 1.815339791962042
20190401 026 081 -83.0146255 8144.08154 0 1.409309451108135
20190401 026 082 -15.3873205 13555.6738 0 1.688071185212207
20190401 026 083 -17.2171307 15711.5430 0 1.485767514976866
20190401 026 084 -81.7178497 13779.5811 0 1.136086983151277
20190401 026 085 -13.1895800 13381.6416 0 1.0135189364577
20190401 026 086 -13.3581944 8970.31445 0 1.050940067322627
20190401 026 087 -46.1667175 55048.2383 12 1.07799150807601
20190401 026 088 -38.4361916 12685.5293 0 1.649008699341129
20190401 026 091 -26.4924812 57372.9102 5 1.210180895668789
20190401 026 092 -20.1211357 24609.7402 0 1.115587775983947
20190401 026 093 -20.3522758 12491.4990 0 0.4944047236684301
20190401 026 094 -14.9322453 24647.9492 0 1.160674322314046
20190401 026 095 -12.4378071 12228.9766 0 1.100450302436557
20190401 026 096 -11.7728834 6133.19434 0 1.006643907344803
20190401 026 097 -14.0449734 14647.9941 0 0.9869122244847357
20190401 026 098 -11.4472132 10816.9834 0 0.641199236492515
20190401 026 103 -16.3529358 14573.4775 0 0.9901368507305445
20190401 026 104 -24.2721272 13291.9707 0 0.6164723540516989
20190401 026 105 -15.7315426 14023.2852 0 0.848164569127191
20190401 026 106 -17.2612190 54658.8633 1 0.7327501559674834
20190402 008 013 -14.7128553 13219.8057 0 1.045044059636394
20190402 008 021 -32.4160309 13403.2207 0 1.029949739362538
20190402 008 022 -16.7688904 19404.8066 0 1.067010642162395
20190402 008 023 -19.4103794 10339.6162 0 1.13547123497193
20190402 008 024 -18.1146603 19421.8809 0 1.534032135382446
20190402 008 025 -13.8049879 11955.5928 0 0.8667554938613241
20190402 008 026 -51.0948982 15651.7998 0 1.444140329629862
20190402 008 027 -33.0869293 13363.5166 0 1.612403489931404
20190402 008 032 -16.4615974 52.8949432 0 0.4950943010550978
20190402 008 033 -42.2943497 52068.2812 1 0.8498264606617575
20190402 008 034 -13.1232452 16978.2129 0 0.8825646237223517
20190402 008 035 -48.1033211 11790.6494 0 1.066357669361675
20190402 008 036 -13.2742472 17167.6055 0 0.940586607690324
20190402 008 037 -13.1858225 18934.2090 0 0.9982375232549294
20190402 008 042 -13.2970324 13594.0342 0 1.103504282334804
20190402 008 043 -81.3671265 36036.8086 0 0.6828089645867524
20190402 008 044 -13.8046894 15387.2139 0 0.9983449246163533
20190402 008 045 -13.4466572 9650.26855 0 1.049955953578453
20190402 008 046 -11.8343010 53971.9375 8 0.6000991279322249
20190402 008 047 -17.6461563 17934.2324 0 1.702747315161354
20190402 008 052 -15.6131897 15612.3916 0 1.186856172341789
20190402 008 053 -30.7937031 45660.8516 0 0.6857596782942115
20190402 008 062 -33.9529724 10186.5801 0 0.9697069253608369
20190402 008 063 -11.9561186 15978.5898 0 0.9599846074663104
20190402 008 067 -40.7955284 10273.0137 0 0.8860591192604899
20190402 008 076 -30.9692364 12675.8740 0 1.719615338620899
20190402 008 081 -111.887161 16088.6445 0 1.498972165467193
20190402 008 082 -16.2914505 17196.9336 0 1.764970617869237
20190402 008 083 -19.2817039 16572.8457 0 1.768220211391572
20190402 008 084 -55.3486748 10480.5713 0 1.192188714407923
20190402 008 085 -12.1447544 16529.9688 0 1.002435628879282
20190402 008 086 -14.0903473 11843.8555 0 1.216004837314719
20190402 008 087 -20.5735645 12448.7109 0 1.281619856488094
20190402 008 088 -18.4311314 14054.3945 0 1.534184919630515
20190402 008 091 -16.5323238 11567.2500 0 1.392299004217435
20190402 008 092 -18.2339611 32183.4941 0 1.346472650669305
20190402 008 093 -25.8571987 12731.9756 0 0.5617650113720777
20190402 008 094 -13.1734734 13053.0410 0 1.144420449449315
20190402 008 095 -13.2481098 54602.5586 1 1.701499995211139
20190402 008 096 -14.2546339 54049.9414 1 1.121646517588363
20190402 008 097 -12.7241049 17708.8594 0 1.08422030420868
20190402 008 098 -11.8188391 11454.7812 0 0.7946860564905027
20190402 008 103 -14.2932777 12187.3320 0 1.023210425183587
20190402 008 104 -17.7782440 9890.11133 0 0.6681212556847986
20190402 008 105 -15.1065693 13433.9014 0 0.8332710305570833
20190402 008 106 -26.2144222 42295.0078 0 0.9420949152161254
20190402 009 013 -13.4115353 17029.7734 0 1.612727215201538
20190402 009 021 -62.8725624 18861.8789 0 1.357861776771986
20190402 009 022 -24.2201920 18220.9902 0 1.429450979558856
20190402 009 023 -16.8767490 23864.2793 0 1.250808122453837
20190402 009 024 -15.5671139 15836.3604 0 1.915706059738161
20190402 009 025 -14.6457386 11669.2432 0 1.283350172754645
20190402 009 026 -15.6623478 33689.2734 0 2.189779348975544
20190402 009 027 -30.0061970 56485.4883 1 2.535349997915818
20190402 009 032 -22.5803356 63.8492966 0 0.5706388901750717
20190402 009 033 -32.5277367 52719.1680 7 1.374373029435456
20190402 009 034 -12.9327536 14040.1104 0 1.150145308477772
20190402 009 035 -23.5766716 10175.1748 0 1.483205352225598
20190402 009 036 -13.2131615 21501.6445 0 1.425792266483897
20190402 009 037 -13.9803772 16735.2949 0 1.900780546546736
20190402 009 042 -12.1808310 26352.5020 0 1.529121846606339
20190402 009 043 -52.6640320 16341.6465 0 1.21098324446072
20190402 009 044 -14.0178299 13979.7939 0 1.310869311909598
20190402 009 045 -13.9340010 13950.6719 0 1.696360042056311
20190402 009 046 -11.3404665 53291.3008 1 1.009048518495872
20190402 009 047 -14.3087683 17305.2520 0 2.689928659181628
20190402 009 052 -13.4959135 27731.7832 0 1.436339037549333
20190402 009 053 -17.3933716 51697.1680 1 0.9149782186173977
20190402 009 062 -18.3909302 12627.2979 0 1.479220795531922
20190402 009 063 -12.1099977 13213.0479 0 1.241557006305549
20190402 009 067 -14.2194939 9805.14746 0 1.603782000137512
20190402 009 076 -54.0179939 18323.7148 0 2.220222165264816
20190402 009 081 -85.4053726 21296.0723 0 1.828480462246396
20190402 009 082 -15.9022484 16129.6709 0 2.546981709689646
20190402 009 083 -16.5407619 15774.6035 0 2.087517691300805
20190402 009 084 -94.2963562 35467.4922 0 1.598254120191536
20190402 009 085 -12.7590256 13907.7656 0 1.445108205354344
20190402 009 086 -12.6597748 11911.2070 0 1.84116213330052
20190402 009 087 -39.3935738 8134.48926 0 1.758833862501354
20190402 009 088 -52.7475662 20172.0605 0 1.957291176520395
20190402 009 091 -30.6196423 9084.30371 0 1.43603265950936
20190402 009 092 -15.1409435 45944.6172 0 1.896224453151568
20190402 009 093 -19.6391106 14653.7598 0 0.8292508033475945
20190402 009 094 -12.1074409 16710.7188 0 1.505828014263046
20190402 009 095 -14.7842045 15380.3945 0 2.45402519557741
20190402 009 096 -11.9179373 24716.6035 0 1.110944325357677
20190402 009 097 -12.6969452 15754.2217 0 1.5098776500856
20190402 009 098 -13.1635990 11271.9326 0 1.058419518132397
20190402 009 103 -13.0816212 9199.66992 0 1.564705469676605
20190402 009 104 -13.0224667 11241.1328 0 0.8631396287979759
20190402 009 105 -15.1357517 11693.8467 0 1.217503529951826
20190402 009 106 -21.4986591 54665.8047 1 1.142782849778503
20190402 010 013 -13.2346554 11930.4346 0 1.285839773776521
20190402 010 021 -43.7940445 15931.1104 0 0.7821069234695592
20190402 010 022 -33.4159813 27512.7422 0 0.9418665635743334
20190402 010 023 -15.6193247 27903.3477 0 0.7908377746301557
20190402 010 024 -16.8009987 26574.6055 0 1.435821469398158
20190402 010 025 -14.2985182 10383.1562 0 0.809080395814663
20190402 010 026 -18.3216362 34564.8164 0 1.268495087598798
20190402 010 027 -46.5686836 19157.2539 0 1.552229030088047
20190402 010 032 -23.8903103 70.2251205 0 0.471418312390517
20190402 010 033 -53.1320915 46662.5430 0 0.7983909316862997
20190402 010 034 -12.6698027 16260.4414 0 0.8100275088826726
20190402 010 035 -56.0967903 7942.48926 0 1.137515236815283
20190402 010 036 -13.5309944 15168.0938 0 1.190917650311644
20190402 010 037 -13.1221495 40517.8320 0 1.18265300102281
20190402 010 042 -16.7990589 17447.5664 0 0.8803978318128852
20190402 010 043 -53.5659752 15789.7822 0 0.3770294588902757
20190402 010 044 -24.9033928 14806.5039 0 0.9376792558083594
20190402 010 045 -17.0927315 14850.9541 0 1.058172255096718
20190402 010 046 -11.7329683 11105.5352 0 0.7259639622902565
20190402 010 047 -22.8262615 17535.3418 0 1.375276681968982
20190402 010 052 -13.7328081 18243.7148 0 0.9746753880165309
20190402 010 053 -24.3911457 35487.4414 0 0.6508964416436109
20190402 010 062 -26.9027119 17403.5840 0 1.02113351037755
20190402 010 063 -16.9322453 12123.6904 0 0.7743778863702333
20190402 010 067 -30.9472733 14470.6953 0 0.7993525655268325
20190402 010 076 -19.0963840 17286.7520 0 1.832529499484592
20190402 010 081 -99.5056839 15466.2090 0 1.291994572201238
20190402 010 082 -34.1717339 14689.2441 0 1.675471579179125
20190402 010 083 -15.8669558 13845.9014 0 1.491297809524729
20190402 010 084 -63.2159386 15659.9131 0 1.162529755095534
20190402 010 085 -15.8856764 16741.5703 0 0.9740732684400505
20190402 010 086 -12.5962772 22061.0234 0 1.085271761505375
20190402 010 087 -52.8769989 9903.38086 0 1.130658625298855
20190402 010 088 -26.7628632 13260.0752 0 1.468795735264376
20190402 010 091 -15.3767862 11231.3623 0 1.190226510819661
20190402 010 092 -13.5618525 37225.8047 0 1.354845289266949
20190402 010 093 -20.2720184 11040.0762 0 0.2938248384282489
20190402 010 094 -12.3507290 5758.05762 0 1.09691905248263
20190402 010 095 -16.7428703 6587.23340 0 1.112078209021709
20190402 010 096 -12.8709183 9343.49316 0 0.9578251441489819
20190402 010 097 -11.1987972 15481.5449 0 0.9439382837476235
20190402 010 098 -13.6883698 9481.10352 0 0.5910730859858168
20190402 010 103 -35.5773392 12314.2227 0 0.8111420773668865
20190402 010 104 -34.8042221 10838.7256 0 0.543293112860942
20190402 010 105 -16.0008144 13058.8838 0 1.007887863996734
20190402 010 106 -15.2197151 32587.6934 0 0.7488809621938166
20190402 011 013 -13.9185133 16049.0693 0 1.313083999974188
20190402 011 021 -33.2223549 12735.6006 0 0.8154427685348259
20190402 011 022 -14.7972412 10714.5947 0 0.8975400955483015
20190402 011 023 -15.7163210 12707.7119 0 0.8152362167859476
20190402 011 024 -18.2255077 12425.8428 0 1.203944128421133
20190402 011 025 -13.0397015 18465.1367 0 0.6499886925128315
20190402 011 026 -23.2673569 14912.2539 0 1.472819305131747
20190402 011 027 -24.3371620 22782.4746 0 1.471364827378911
20190402 011 032 -18.9834042 75.9641876 0 0.5424226024382517
20190402 011 033 -29.7714615 46819.2539 0 0.8335222290310605
20190402 011 034 -13.0861654 9850.71875 0 0.7777412376196217
20190402 011 035 -45.0390816 8164.60059 0 1.005685154477191
20190402 011 036 -12.2950048 8441.78516 0 1.037468521131659
20190402 011 037 -12.6041117 16319.1250 0 0.9770492927280436
20190402 011 042 -16.5612736 38356.0742 0 1.098539569755455
20190402 011 043 -48.3789558 18427.0449 0 0.7937656688253421
20190402 011 044 -15.1527615 18708.5332 0 0.8991036576990561
20190402 011 045 -12.5035028 13290.5684 0 1.106076698180678
20190402 011 046 -11.9703083 12815.2773 0 0.7901431661494419
20190402 011 047 -16.6274548 14420.4580 0 1.57394760356252
20190402 011 052 -17.8417339 29085.3984 0 0.935904418467027
20190402 011 053 -28.5009022 35360.7930 0 0.7759318754358355
20190402 011 062 -15.1532602 16839.8770 0 1.152678542819958
20190402 011 063 -13.7652445 13663.3408 0 0.8047710795107751
20190402 011 067 -16.1571732 15128.7715 0 0.9764961944115155
20190402 011 076 -22.2286377 20139.5527 0 1.672702432545921
20190402 011 081 -68.4868622 14609.7832 0 1.569761599436467
20190402 011 082 -24.8028488 12263.4033 0 1.648000220238122
20190402 011 083 -18.1337242 20310.8828 0 1.337850244046252
20190402 011 084 -85.3177261 20878.0137 0 1.032770030988161
20190402 011 085 -14.5713129 13468.8652 0 0.831335259864772
20190402 011 086 -13.2162895 22363.2168 0 1.070614527229306
20190402 011 087 -52.4572945 6910.29736 0 1.009460275768191
20190402 011 088 -26.5343208 16059.3057 0 1.372871388136021
20190402 011 091 -16.6686554 25181.3145 0 1.062048158460685
20190402 011 092 -14.9070063 24838.2207 0 1.335013950392869
20190402 011 093 -48.6442337 4107.54346 0 0.3799040409522979
20190402 011 094 -14.4749498 11740.6416 0 0.9216183284083336
20190402 011 095 -16.5106468 14378.8643 0 1.418674060395134
20190402 011 096 -12.4609241 12925.0508 0 0.8523776222437315
20190402 011 097 -11.6370831 7547.22461 0 0.9765100460053744
20190402 011 098 -14.8927069 12663.2959 0 0.6153721549559231
20190402 011 103 -32.8752022 11112.1260 0 1.127283597933054
20190402 011 104 -19.9015217 8955.63770 0 0.6412060604862496
20190402 011 105 -14.4833412 10069.5840 0 0.8036586340212811
20190402 011 106 -16.2943592 32201.2441 0 0.7441481875982892
20190402 012 013 -14.1561375 26916.4277 0 1.117339133957053
20190402 012 021 -16.6380692 16580.7109 0 0.7892101099030179
20190402 012 022 -20.4386845 8111.56104 0 1.004556994325184
20190402 012 023 -16.0039959 20386.5195 0 0.7716640469380311
20190402 012 024 -16.0845261 9100.26465 0 1.660189672824316
20190402 012 025 -13.4929638 13336.7432 0 0.6740140668158461
20190402 012 026 -40.1986542 10390.3574 0 1.21089334594516
20190402 012 027 -18.9133701 17255.3555 0 1.317269306903018
20190402 012 032 -21.7042713 65.7201538 0 0.4576442960566523
20190402 012 033 -28.6156349 46684.4961 0 0.7818976641208233
20190402 012 034 -12.6956320 11555.4863 0 0.9414306071452886
20190402 012 035 -50.6716690 17272.3047 0 1.247153003925124
20190402 012 036 -12.6039562 16850.4727 0 0.7752021165664053
20190402 012 037 -12.1211205 14321.0361 0 0.9599009643281352
20190402 012 042 -14.1280384 13367.0996 0 1.012752928777147
20190402 012 043 -59.4355659 14520.8975 0 0.6341046731390465
20190402 012 044 -21.3745975 16718.2500 0 0.8757810163821869
20190402 012 045 -12.7182455 9503.98242 0 1.077557442841776
20190402 012 046 -12.1051722 13822.5264 0 0.7595508484415183
20190402 012 047 -13.8826027 21571.6738 0 1.4930993585939
20190402 012 052 -14.4853821 41645.1719 0 0.8864592740157653
20190402 012 053 -22.5723171 36651.3789 0 0.6897749267977473
20190402 012 062 -31.9886913 53403.1875 1 0.9927098411049036
20190402 012 063 -12.0280056 11509.8662 0 0.8579590227376948
20190402 012 067 -13.9179945 11824.9844 0 0.6358515576417676
20190402 012 076 -14.1557598 18695.7324 0 1.685961794381632
20190402 012 081 -69.3979721 11218.6006 0 1.165699023354728
20190402 012 082 -18.9314251 14668.1543 0 1.606047901577518
20190402 012 083 -15.4238224 16148.6855 0 1.508724258921833
20190402 012 084 -68.7990112 12686.2549 0 0.9505454606781847
20190402 012 085 -16.4969597 8153.90723 0 1.104970151000162
20190402 012 086 -18.5992298 15539.0732 0 0.8820421266567389
20190402 012 087 -51.8755341 13401.6113 0 0.9604389942713404
20190402 012 088 -18.2322292 56208.8789 12 1.552958817230961
20190402 012 091 -28.9257183 24515.0645 0 1.249123708042853
20190402 012 092 -16.0624752 24620.2129 0 1.355418368098811
20190402 012 093 -15.7392817 33573.0586 0 0.520707896390599
20190402 012 094 -13.6082077 6814.12061 0 1.244574753696524
20190402 012 095 -14.7992105 11757.1562 0 1.286492016077421
20190402 012 096 -40.8051109 14674.7783 0 0.978469822561723
20190402 012 097 -12.6213207 9655.36914 0 0.9493126937843765
20190402 012 098 -12.7637053 7928.18018 0 0.7951440515544519
20190402 012 103 -11.8244734 11678.0049 0 1.055898582916959
20190402 012 104 -15.9704762 49859.7109 0 0.7062320756952484
20190402 012 105 -14.3419638 13701.0312 0 0.8600673517000985
20190402 012 106 -34.5805626 32941.0703 0 0.6361373915767778
20190402 013 013 -13.3235817 15460.1553 0 1.074636207774565
20190402 013 021 -42.8062172 25294.5078 0 0.5968974932582761
20190402 013 022 -19.9015713 28594.6230 0 1.033878249454811
20190402 013 023 -28.7979069 53518.9453 21 0.877037254394285
20190402 013 024 -16.6822910 18663.2754 0 1.272902134282136
20190402 013 025 -28.2592258 11843.5059 0 0.5989092513020968
20190402 013 026 -22.1003418 14743.1367 0 1.15657237031937
20190402 013 027 -38.4571724 14219.3281 0 1.544211573689115
20190402 013 032 -43.2358742 82.4302292 0 0.4002917908049843
20190402 013 033 -30.0089664 46921.3945 0 0.7089456972171331
20190402 013 034 -13.8350754 14427.2266 0 0.7358152260936568
20190402 013 035 -38.9248810 10715.8516 0 0.8543015188176855
20190402 013 036 -13.2132206 17613.3281 0 0.8349753662603565
20190402 013 037 -11.8032589 19736.1836 0 0.9864827639523547
20190402 013 042 -15.4828844 14194.7168 0 0.9990339841815495
20190402 013 043 -65.6657181 28317.5430 0 0.4242348157014281
20190402 013 044 -21.1005173 16206.1064 0 1.002411513722719
20190402 013 045 -32.4120102 13886.5684 0 1.317232471874007
20190402 013 046 -11.6913509 19898.5625 0 0.6975080920210978
20190402 013 047 -14.0570593 34075.1523 0 1.409112604197177
20190402 013 052 -13.9442501 17869.0449 0 0.9731622729704955
20190402 013 053 -46.4446411 36037.3906 0 0.6334824433946438
20190402 013 062 -14.2115078 11473.8838 0 0.8417879664905303
20190402 013 063 -14.6429300 11883.6299 0 0.8067609537375493
20190402 013 067 -13.0329857 7392.03320 0 1.171817833893369
20190402 013 076 -19.6749573 16372.7266 0 1.802211678306432
20190402 013 081 -76.2933884 14045.9375 0 1.239506911681173
20190402 013 082 -17.4557133 19668.5742 0 1.496518275249443
20190402 013 083 -17.7646770 15036.1025 0 1.592342809306444
20190402 013 084 -73.3332901 20877.1680 0 1.034916168350602
20190402 013 085 -11.5083256 15628.7168 0 0.9007180683964465
20190402 013 086 -18.7175388 13762.6377 0 0.8518740848863144
20190402 013 087 -31.7229881 7425.01270 0 0.8598250003097448
20190402 013 088 -47.9737625 18648.0078 0 1.321815045518595
20190402 013 091 -15.6123962 13524.2100 0 1.012990836045387
20190402 013 092 -15.3147831 24744.4961 0 1.262376707470841
20190402 013 093 -22.1511745 14541.1611 0 0.2109531573402989
20190402 013 094 -15.4907293 51267.3828 5 1.210253721949258
20190402 013 095 -16.4254208 7806.84668 0 1.351479720479057
20190402 013 096 -12.2857285 11068.0889 0 0.7960992606569717
20190402 013 097 -13.1524162 12188.1191 0 0.9398980614305545
20190402 013 098 -11.6331825 6017.77637 0 0.6207446683244852
20190402 013 103 -31.1372242 3402.29810 0 1.25745989883022
20190402 013 104 -21.5772514 15066.4297 0 0.5194577638946416
20190402 013 105 -14.8856688 16828.6172 0 0.8377856413838651
20190402 013 106 -12.6079493 32488.4316 0 0.7020279372510569
20190402 014 013 -14.4022903 11006.9121 0 1.192165002276917
20190402 014 021 -34.9127083 11375.0771 0 0.7576432165133227
20190402 014 022 -33.4982300 15342.7666 0 1.080715792947557
20190402 014 023 -14.9485445 13209.6914 0 0.8383686624394427
20190402 014 024 -16.6193256 10948.7383 0 1.095919067193572
20190402 014 025 -14.8014517 10418.3838 0 0.5803904342776158
20190402 014 026 -28.1950855 13825.2832 0 1.261575757574268
20190402 014 027 -20.1276588 14041.7539 0 1.415891244096532
20190402 014 032 -15.5922604 60.0659218 0 0.4194292902538366
20190402 014 033 -70.7779770 46687.0547 0 0.9203837467477978
20190402 014 034 -13.2008438 11028.2588 0 0.897668679749966
20190402 014 035 -21.8260593 10133.4980 0 0.9792024503048915
20190402 014 036 -20.6991844 14671.8076 0 1.181351163970422
20190402 014 037 -13.1884546 15691.0088 0 1.045734746082108
20190402 014 042 -13.6054955 11181.1963 0 0.9890831838926001
20190402 014 043 -62.1253128 57894.5469 1 0.4609166754067565
20190402 014 044 -35.1537666 44308.0234 0 0.8847503094546894
20190402 014 045 -12.7944613 16551.5332 0 1.074771179219943
20190402 014 046 -13.2534513 8343.28809 0 0.71157114130187
20190402 014 047 -15.3025370 13309.4160 0 1.44590975728759
20190402 014 052 -13.6754570 12966.8203 0 0.8420218875029564
20190402 014 053 -20.4616165 37181.1523 0 0.5171254825040655
20190402 014 062 -15.8078718 15465.9473 0 0.8776669773747431
20190402 014 063 -14.2362051 9078.91309 0 0.7967272593388008
20190402 014 067 -19.9724884 7862.67480 0 0.6668797950116447
20190402 014 076 -15.9888582 56370.9727 1 1.717033336134837
20190402 014 081 -64.2408295 18432.4863 0 1.348395799024734
20190402 014 082 -15.4613810 28960.7402 0 1.454349977040869
20190402 014 083 -15.9240150 19490.8789 0 1.326690871370674
20190402 014 084 -62.6100044 20187.9082 0 0.9045510749505287
20190402 014 085 -12.2640572 14617.5352 0 0.8725204589671895
20190402 014 086 -13.9878082 12883.8164 0 0.9893027188805258
20190402 014 087 -30.8960495 5767.04492 0 1.175723080652201
20190402 014 088 -17.7378292 14712.0332 0 1.26110907143901
20190402 014 091 -17.0479584 12477.6201 0 1.269761620659448
20190402 014 092 -17.9891891 24619.8672 0 1.377493604699382
20190402 014 093 -40.2724266 8420.38965 0 0.4174047090938506
20190402 014 094 -12.9042892 6730.00732 0 1.065836136824499
20190402 014 095 -13.6286812 19026.9395 0 1.260907834886075
20190402 014 096 -12.7363310 18828.8984 0 0.8091101038575241
20190402 014 097 -13.0986118 9863.27539 0 0.8509661082231836
20190402 014 098 -11.7354040 8964.90039 0 0.6316141982990047
20190402 014 103 -22.3215008 11028.4805 0 0.9325580247965896
20190402 014 104 -15.1100016 5013.63574 0 0.6035615383685112
20190402 014 105 -14.3580236 7954.03857 0 0.7749137020633917
20190402 014 106 -31.2895660 31956.1562 0 0.7277252319921299
20190402 015 013 -14.1502113 12063.9648 0 1.199467867050464
20190402 015 021 -38.2455101 37073.1367 0 0.7213798447155919
20190402 015 022 -47.5734673 12907.8779 0 1.01957703729061
20190402 015 023 -27.3313408 16804.8887 0 0.834822510910195
20190402 015 024 -16.5743313 19784.0156 0 1.341244529690147
20190402 015 025 -17.5747242 55862.9648 181 8.445571620957333
20190402 015 026 -14.1461420 12750.4492 0 1.200113390062736
20190402 015 027 -29.9621048 15643.0195 0 1.350138823626165
20190402 015 032 -18.1549091 73.3915558 0 0.5462688007220197
20190402 015 033 -31.0457001 46542.6680 0 0.7050621320310131
20190402 015 034 -15.0184631 13735.0391 0 0.8196833273984639
20190402 015 035 -42.7148209 11948.8047 0 0.9667276412743974
20190402 015 036 -12.4590826 55463.7500 8 0.9309261664731784
20190402 015 037 -12.3852520 8231.60059 0 1.005458931101419
20190402 015 042 -12.6434784 7783.54297 0 0.9998742220017433
20190402 015 043 -83.5582199 20170.6660 0 0.4248771893794053
20190402 015 044 -12.4612503 18542.2480 0 0.9834870626077354
20190402 015 045 -22.9990063 6297.90332 0 1.134606714199496
20190402 015 046 -11.9750423 24458.4688 0 0.7545040519768336
20190402 015 047 -14.1370363 20468.8867 0 1.40057490501241
20190402 015 052 -17.1685295 11590.2832 0 1.074331992559244
20190402 015 053 -29.7148933 36104.9805 0 0.670450188711972
20190402 015 062 -21.7382965 16920.5625 0 0.9184372071803757
20190402 015 063 -13.4566164 9786.55957 0 0.995009476578567
20190402 015 067 -36.4686356 8129.95605 0 0.9948815998963243
20190402 015 076 -24.9819050 32370.2344 0 10.88001438730982
20190402 015 081 -109.068176 14164.5088 0 1.33080470517672
20190402 015 082 -36.6206856 11996.9902 0 1.62512395271622
20190402 015 083 -15.0848961 12928.7656 0 1.699535582973559
20190402 015 084 -105.360672 19812.1191 0 0.9713344611294705
20190402 015 085 -11.5396242 9855.40430 0 0.6902228405344993
20190402 015 086 -12.7092533 19441.5254 0 0.9758261474204092
20190402 015 087 -38.6037369 7957.61328 0 1.137055714723187
20190402 015 088 -37.2880325 12554.1816 0 1.859209115747337
20190402 015 091 -16.9568710 10746.2646 0 1.163716900417551
20190402 015 092 -12.6686544 24792.5078 0 1.291779140356146
20190402 015 093 -29.6252480 8550.59961 0 0.4198723459123805
20190402 015 094 -13.2722445 14904.7891 0 1.043974673390412
20190402 015 095 -14.0499182 8770.09082 0 1.299579149189265
20190402 015 096 -12.1301346 10314.2031 0 0.9437715173698713
20190402 015 097 -12.4834986 14161.0273 0 1.051605647300265
20190402 015 098 -11.4640312 20877.2754 0 0.5404672112902105
20190402 015 103 -40.5655861 42360.9102 0 0.9206664920657044
20190402 015 104 -53.9505196 25852.7520 0 0.5994713933788058
20190402 015 105 -14.5906420 20715.3457 0 0.7325868492339621
20190402 015 106 -44.0944672 32555.4473 0 0.958157524411637
20190402 016 013 -14.1863365 17610.4980 0 0.9736333801066906
20190402 016 021 -57.9996071 14296.8643 0 0.8622489347719673
20190402 016 022 -32.0810013 5325.98096 0 0.9548482799629837
20190402 016 023 -17.6966267 11933.0771 0 1.056447117672354
20190402 016 024 -16.9651165 14500.0625 0 1.349480263752935
20190402 016 025 -14.2274160 16414.2539 0 0.6961623719691721
20190402 016 026 -29.4518051 10519.6631 0 1.274433145082788
20190402 016 027 -29.7768764 17329.5781 0 1.384041702652879
20190402 016 032 -27.4676571 53.0863152 0 0.5818646284801414
20190402 016 033 -29.4969654 46552.3281 0 0.7308141489688477
20190402 016 034 -13.5569010 9998.48730 0 0.7912864285069684
20190402 016 035 -42.5701256 10618.9658 0 1.132263337010479
20190402 016 036 -12.6749220 14655.2275 0 0.8595600546050955
