20170103 001
20170105 001
20170106 008
20170107 001
20170125 001
20170127 001
20170129 001
20170130 001
20170131 001
20170202 001
20170205 001
20170221 001
20170222 001
20170223 001
20170225 001
20170302 001
20170303 001
20170305 001
20170306 001
20170317 001
20170321 001
20170322 001
20170325 001
20170326 001
20170327 001
20170328 001
20170330 001
20170331 001
20170418 001
20170419 001
20170420 001
20170421 001
20170423 001
20170424 001
20170425 001
20170427 001
20170428 001
20170501 001
20170502 005
20170503 005
20170518 005
20170519 001
20170522 001
20170523 001
20170525 005
20170527 005
20170529 001
20170604 011
20170625 001
20170626 001
20170627 001
20170628 001
20170629 001
20170630 001
20170701 001
20170720 001
20171220 001
20171221 001
20171222 001
20171225 001
20180110 001
20180113 001
20180114 003
20180120 001
20180123 001
20180124 001
20180209 001
20180210 001
20180222 001
