20170103 001 105
20170103 001 086
20170103 001 083
20170103 001 085
20170103 001 106
20170103 001 096
20170103 001 104
20170103 001 095
20170103 001 076
20170103 001 073
20170103 001 103
20170103 001 093
20170103 001 094
20170103 001 075
20170103 001 073
20170103 001 076
20170103 001 083
20170103 001 104
20170103 001 096
20170103 001 103
20170103 001 106
20170103 001 075
20170103 001 095
20170103 001 085
20170103 001 094
20170103 001 105
20170103 001 086
20170103 001 093
20170103 001 093
20170103 001 075
20170103 001 086
20170103 001 103
20170103 001 096
20170103 001 105
20170103 001 106
20170103 001 085
20170103 001 095
20170103 001 104
20170103 001 094
20170103 001 083
20170103 001 076
20170103 001 073
20170103 001 105
20170103 001 086
20170103 001 083
20170103 001 085
20170103 001 106
20170103 001 096
20170103 001 104
20170103 001 095
20170103 001 076
20170103 001 073
20170103 001 103
20170103 001 093
20170103 001 094
20170103 001 075
20170103 001 073
20170103 001 076
20170103 001 083
20170103 001 104
20170103 001 096
20170103 001 103
20170103 001 106
20170103 001 075
20170103 001 095
20170103 001 085
20170103 001 094
20170103 001 105
20170103 001 086
20170103 001 093
20170103 001 093
20170103 001 075
20170103 001 086
20170103 001 103
20170103 001 096
20170103 001 105
20170103 001 106
20170103 001 085
20170103 001 095
20170103 001 104
20170103 001 094
20170103 001 083
20170103 001 076
20170103 001 073
20170105 001 093
20170105 001 085
20170105 001 103
20170105 001 104
20170105 001 106
20170105 001 096
20170105 001 073
20170105 001 095
20170105 001 086
20170105 001 105
20170105 001 076
20170105 001 075
20170105 001 094
20170105 001 083
20170105 001 076
20170105 001 104
20170105 001 093
20170105 001 095
20170105 001 085
20170105 001 094
20170105 001 083
20170105 001 073
20170105 001 075
20170105 001 096
20170105 001 086
20170105 001 103
20170105 001 105
20170105 001 106
20170105 001 104
20170105 001 085
20170105 001 095
20170105 001 106
20170105 001 073
20170105 001 105
20170105 001 076
20170105 001 094
20170105 001 075
20170105 001 083
20170105 001 096
20170105 001 103
20170105 001 086
20170105 001 093
20170105 001 093
20170105 001 085
20170105 001 103
20170105 001 104
20170105 001 106
20170105 001 096
20170105 001 073
20170105 001 095
20170105 001 086
20170105 001 105
20170105 001 076
20170105 001 075
20170105 001 094
20170105 001 083
20170105 001 076
20170105 001 104
20170105 001 093
20170105 001 095
20170105 001 085
20170105 001 094
20170105 001 083
20170105 001 073
20170105 001 075
20170105 001 096
20170105 001 086
20170105 001 103
20170105 001 105
20170105 001 106
20170105 001 104
20170105 001 085
20170105 001 095
20170105 001 106
20170105 001 073
20170105 001 105
20170105 001 076
20170105 001 094
20170105 001 075
20170105 001 083
20170105 001 096
20170105 001 103
20170105 001 086
20170105 001 093
20170106 008 106
20170106 008 073
20170106 008 104
20170106 008 076
20170106 008 103
20170106 008 105
20170106 008 075
20170106 008 095
20170106 008 093
20170106 008 086
20170106 008 085
20170106 008 096
20170106 008 083
20170106 008 094
20170106 008 106
20170106 008 073
20170106 008 104
20170106 008 076
20170106 008 103
20170106 008 105
20170106 008 075
20170106 008 095
20170106 008 093
20170106 008 086
20170106 008 085
20170106 008 096
20170106 008 083
20170106 008 094
20170107 001 075
20170107 001 086
20170107 001 083
20170107 001 093
20170107 001 106
20170107 001 085
20170107 001 094
20170107 001 073
20170107 001 103
20170107 001 096
20170107 001 076
20170107 001 095
20170107 001 104
20170107 001 105
20170107 001 104
20170107 001 095
20170107 001 103
20170107 001 075
20170107 001 094
20170107 001 073
20170107 001 076
20170107 001 105
20170107 001 096
20170107 001 106
20170107 001 086
20170107 001 093
20170107 001 083
20170107 001 085
20170107 001 103
20170107 001 086
20170107 001 095
20170107 001 093
20170107 001 094
20170107 001 105
20170107 001 096
20170107 001 085
20170107 001 083
20170107 001 104
20170107 001 106
20170107 001 076
20170107 001 073
20170107 001 075
20170107 001 075
20170107 001 086
20170107 001 083
20170107 001 093
20170107 001 106
20170107 001 085
20170107 001 094
20170107 001 073
20170107 001 103
20170107 001 096
20170107 001 076
20170107 001 095
20170107 001 104
20170107 001 105
20170107 001 104
20170107 001 095
20170107 001 103
20170107 001 075
20170107 001 094
20170107 001 073
20170107 001 076
20170107 001 105
20170107 001 096
20170107 001 106
20170107 001 086
20170107 001 093
20170107 001 083
20170107 001 085
20170107 001 103
20170107 001 086
20170107 001 095
20170107 001 093
20170107 001 094
20170107 001 105
20170107 001 096
20170107 001 085
20170107 001 083
20170107 001 104
20170107 001 106
20170107 001 076
20170107 001 073
20170107 001 075
20170125 001 073
20170125 001 076
20170125 001 095
20170125 001 096
20170125 001 083
20170125 001 085
20170125 001 105
20170125 001 104
20170125 001 103
20170125 001 086
20170125 001 094
20170125 001 106
20170125 001 093
20170125 001 075
20170125 001 106
20170125 001 075
20170125 001 095
20170125 001 094
20170125 001 096
20170125 001 104
20170125 001 105
20170125 001 085
20170125 001 103
20170125 001 086
20170125 001 083
20170125 001 093
20170125 001 073
20170125 001 076
20170125 001 096
20170125 001 076
20170125 001 106
20170125 001 086
20170125 001 105
20170125 001 094
20170125 001 083
20170125 001 085
20170125 001 103
20170125 001 073
20170125 001 093
20170125 001 075
20170125 001 104
20170125 001 095
20170125 001 073
20170125 001 076
20170125 001 095
20170125 001 096
20170125 001 083
20170125 001 085
20170125 001 105
20170125 001 104
20170125 001 103
20170125 001 086
20170125 001 094
20170125 001 106
20170125 001 093
20170125 001 075
20170125 001 106
20170125 001 075
20170125 001 095
20170125 001 094
20170125 001 096
20170125 001 104
20170125 001 105
20170125 001 085
20170125 001 103
20170125 001 086
20170125 001 083
20170125 001 093
20170125 001 073
20170125 001 076
20170125 001 096
20170125 001 076
20170125 001 106
20170125 001 086
20170125 001 105
20170125 001 094
20170125 001 083
20170125 001 085
20170125 001 103
20170125 001 073
20170125 001 093
20170125 001 075
20170125 001 104
20170125 001 095
20170127 001 093
20170127 001 075
20170127 001 106
20170127 001 076
20170127 001 085
20170127 001 094
20170127 001 073
20170127 001 086
20170127 001 105
20170127 001 095
20170127 001 083
20170127 001 096
20170127 001 103
20170127 001 104
20170127 001 105
20170127 001 086
20170127 001 093
20170127 001 083
20170127 001 085
20170127 001 075
20170127 001 076
20170127 001 103
20170127 001 094
20170127 001 104
20170127 001 095
20170127 001 073
20170127 001 096
20170127 001 106
20170127 001 106
20170127 001 096
20170127 001 093
20170127 001 103
20170127 001 085
20170127 001 104
20170127 001 073
20170127 001 095
20170127 001 105
20170127 001 094
20170127 001 086
20170127 001 075
20170127 001 083
20170127 001 076
20170127 001 093
20170127 001 075
20170127 001 106
20170127 001 076
20170127 001 085
20170127 001 094
20170127 001 073
20170127 001 086
20170127 001 105
20170127 001 095
20170127 001 083
20170127 001 096
20170127 001 103
20170127 001 104
20170127 001 105
20170127 001 086
20170127 001 093
20170127 001 083
20170127 001 085
20170127 001 075
20170127 001 076
20170127 001 103
20170127 001 094
20170127 001 104
20170127 001 095
20170127 001 073
20170127 001 096
20170127 001 106
20170127 001 106
20170127 001 096
20170127 001 093
20170127 001 103
20170127 001 085
20170127 001 104
20170127 001 073
20170127 001 095
20170127 001 105
20170127 001 094
20170127 001 086
20170127 001 075
20170127 001 083
20170127 001 076
20170129 001 103
20170129 001 086
20170129 001 104
20170129 001 094
20170129 001 093
20170129 001 096
20170129 001 095
20170129 001 085
20170129 001 075
20170129 001 106
20170129 001 105
20170129 001 083
20170129 001 073
20170129 001 076
20170129 001 076
20170129 001 075
20170129 001 096
20170129 001 103
20170129 001 105
20170129 001 094
20170129 001 095
20170129 001 086
20170129 001 093
20170129 001 073
20170129 001 083
20170129 001 085
20170129 001 106
20170129 001 104
20170129 001 096
20170129 001 076
20170129 001 105
20170129 001 086
20170129 001 094
20170129 001 095
20170129 001 083
20170129 001 073
20170129 001 075
20170129 001 085
20170129 001 104
20170129 001 106
20170129 001 093
20170129 001 103
20170129 001 103
20170129 001 086
20170129 001 104
20170129 001 094
20170129 001 093
20170129 001 096
20170129 001 095
20170129 001 085
20170129 001 075
20170129 001 106
20170129 001 105
20170129 001 083
20170129 001 073
20170129 001 076
20170129 001 076
20170129 001 075
20170129 001 096
20170129 001 103
20170129 001 105
20170129 001 094
20170129 001 095
20170129 001 086
20170129 001 093
20170129 001 073
20170129 001 083
20170129 001 085
20170129 001 106
20170129 001 104
20170129 001 096
20170129 001 076
20170129 001 105
20170129 001 086
20170129 001 094
20170129 001 095
20170129 001 083
20170129 001 073
20170129 001 075
20170129 001 085
20170129 001 104
20170129 001 106
20170129 001 093
20170129 001 103
20170130 001 076
20170130 001 073
20170130 001 094
20170130 001 085
20170130 001 086
20170130 001 083
20170130 001 095
20170130 001 103
20170130 001 093
20170130 001 105
20170130 001 096
20170130 001 075
20170130 001 106
20170130 001 104
20170130 001 094
20170130 001 086
20170130 001 085
20170130 001 105
20170130 001 076
20170130 001 073
20170130 001 075
20170130 001 104
20170130 001 096
20170130 001 093
20170130 001 106
20170130 001 095
20170130 001 083
20170130 001 103
20170130 001 104
20170130 001 076
20170130 001 075
20170130 001 103
20170130 001 093
20170130 001 085
20170130 001 086
20170130 001 083
20170130 001 096
20170130 001 094
20170130 001 105
20170130 001 095
20170130 001 073
20170130 001 106
20170130 001 076
20170130 001 073
20170130 001 094
20170130 001 085
20170130 001 086
20170130 001 083
20170130 001 095
20170130 001 103
20170130 001 093
20170130 001 105
20170130 001 096
20170130 001 075
20170130 001 106
20170130 001 104
20170130 001 094
20170130 001 086
20170130 001 085
20170130 001 105
20170130 001 076
20170130 001 073
20170130 001 075
20170130 001 104
20170130 001 096
20170130 001 093
20170130 001 106
20170130 001 095
20170130 001 083
20170130 001 103
20170130 001 104
20170130 001 076
20170130 001 075
20170130 001 103
20170130 001 093
20170130 001 085
20170130 001 086
20170130 001 083
20170130 001 096
20170130 001 094
20170130 001 105
20170130 001 095
20170130 001 073
20170130 001 106
20170131 001 104
20170131 001 073
20170131 001 103
20170131 001 105
20170131 001 075
20170131 001 086
20170131 001 106
20170131 001 083
20170131 001 076
20170131 001 094
20170131 001 095
20170131 001 096
20170131 001 093
20170131 001 085
20170131 001 076
20170131 001 103
20170131 001 094
20170131 001 075
20170131 001 095
20170131 001 093
20170131 001 096
20170131 001 105
20170131 001 086
20170131 001 106
20170131 001 085
20170131 001 104
20170131 001 083
20170131 001 073
20170131 001 086
20170131 001 104
20170131 001 083
20170131 001 094
20170131 001 106
20170131 001 103
20170131 001 093
20170131 001 095
20170131 001 073
20170131 001 096
20170131 001 075
20170131 001 076
20170131 001 085
20170131 001 105
20170131 001 104
20170131 001 073
20170131 001 103
20170131 001 105
20170131 001 075
20170131 001 086
20170131 001 106
20170131 001 083
20170131 001 076
20170131 001 094
20170131 001 095
20170131 001 096
20170131 001 093
20170131 001 085
20170131 001 076
20170131 001 103
20170131 001 094
20170131 001 075
20170131 001 095
20170131 001 093
20170131 001 096
20170131 001 105
20170131 001 086
20170131 001 106
20170131 001 085
20170131 001 104
20170131 001 083
20170131 001 073
20170131 001 086
20170131 001 104
20170131 001 083
20170131 001 094
20170131 001 106
20170131 001 103
20170131 001 093
20170131 001 095
20170131 001 073
20170131 001 096
20170131 001 075
20170131 001 076
20170131 001 085
20170131 001 105
20170202 001 086
20170202 001 076
20170202 001 093
20170202 001 105
20170202 001 084
20170202 001 103
20170202 001 104
20170202 001 085
20170202 001 095
20170202 001 094
20170202 001 073
20170202 001 083
20170202 001 096
20170202 001 075
20170202 001 096
20170202 001 085
20170202 001 076
20170202 001 084
20170202 001 086
20170202 001 095
20170202 001 103
20170202 001 104
20170202 001 105
20170202 001 083
20170202 001 093
20170202 001 075
20170202 001 073
20170202 001 094
20170202 001 085
20170202 001 094
20170202 001 075
20170202 001 105
20170202 001 104
20170202 001 073
20170202 001 093
20170202 001 083
20170202 001 095
20170202 001 086
20170202 001 084
20170202 001 103
20170202 001 096
20170202 001 076
20170205 001 075
20170205 001 105
20170205 001 093
20170205 001 095
20170205 001 083
20170205 001 076
20170205 001 104
20170205 001 073
20170205 001 085
20170205 001 096
20170205 001 086
20170205 001 084
20170205 001 075
20170205 001 095
20170205 001 073
20170205 001 076
20170205 001 084
20170205 001 083
20170205 001 096
20170205 001 104
20170205 001 086
20170205 001 085
20170205 001 105
20170205 001 093
20170205 001 095
20170205 001 076
20170205 001 083
20170205 001 075
20170205 001 073
20170205 001 096
20170205 001 085
20170205 001 093
20170205 001 105
20170205 001 104
20170205 001 086
20170205 001 084
20170221 001 103
20170221 001 096
20170221 001 084
20170221 001 073
20170221 001 085
20170221 001 086
20170221 001 094
20170221 001 076
20170221 001 095
20170221 001 105
20170221 001 093
20170221 001 083
20170221 001 075
20170221 001 104
20170222 001 086
20170222 001 094
20170222 001 084
20170222 001 095
20170222 001 073
20170222 001 105
20170222 001 103
20170222 001 093
20170222 001 096
20170222 001 076
20170222 001 085
20170222 001 075
20170222 001 083
20170222 001 104
20170223 001 096
20170223 001 073
20170223 001 083
20170223 001 086
20170223 001 103
20170223 001 095
20170223 001 093
20170223 001 104
20170223 001 076
20170223 001 105
20170223 001 084
20170223 001 085
20170223 001 094
20170223 001 075
20170225 001 073
20170225 001 105
20170225 001 085
20170225 001 076
20170225 001 096
20170225 001 093
20170225 001 084
20170225 001 083
20170225 001 075
20170225 001 104
20170225 001 103
20170225 001 094
20170225 001 086
20170225 001 095
20170225 001 103
20170225 001 075
20170225 001 093
20170225 001 096
20170225 001 076
20170225 001 085
20170225 001 104
20170225 001 086
20170225 001 105
20170225 001 083
20170225 001 094
20170225 001 095
20170225 001 073
20170225 001 084
20170225 001 076
20170225 001 086
20170225 001 085
20170225 001 093
20170225 001 105
20170225 001 096
20170225 001 075
20170225 001 094
20170225 001 083
20170225 001 104
20170225 001 095
20170225 001 103
20170225 001 084
20170225 001 073
20170302 001 094
20170302 001 086
20170302 001 105
20170302 001 095
20170302 001 106
20170302 001 075
20170302 001 104
20170302 001 103
20170302 001 076
20170302 001 084
20170302 001 093
20170302 001 073
20170302 001 096
20170302 001 083
20170302 001 085
20170303 001 105
20170303 001 086
20170303 001 096
20170303 001 095
20170303 001 094
20170303 001 075
20170303 001 085
20170303 001 084
20170303 001 106
20170303 001 104
20170303 001 073
20170303 001 103
20170303 001 083
20170303 001 093
20170303 001 076
20170305 001 104
20170305 001 075
20170305 001 105
20170305 001 076
20170305 001 095
20170305 001 106
20170305 001 083
20170305 001 093
20170305 001 094
20170305 001 103
20170305 001 085
20170305 001 086
20170305 001 096
20170305 001 084
20170305 001 073
20170305 001 086
20170305 001 075
20170305 001 095
20170305 001 094
20170305 001 084
20170305 001 076
20170305 001 073
20170305 001 096
20170305 001 104
20170305 001 085
20170305 001 106
20170305 001 103
20170305 001 083
20170305 001 093
20170305 001 105
20170305 001 073
20170305 001 085
20170305 001 105
20170305 001 093
20170305 001 106
20170305 001 086
20170305 001 096
20170305 001 095
20170305 001 084
20170305 001 083
20170305 001 075
20170305 001 103
20170305 001 104
20170305 001 094
20170305 001 076
20170306 001 085
20170306 001 083
20170306 001 075
20170306 001 093
20170306 001 084
20170306 001 096
20170306 001 073
20170306 001 103
20170306 001 094
20170306 001 104
20170306 001 095
20170306 001 106
20170306 001 105
20170306 001 076
20170306 001 086
20170317 001 093
20170317 001 083
20170317 001 085
20170317 001 086
20170317 001 104
20170317 001 084
20170317 001 106
20170317 001 103
20170317 001 105
20170317 001 073
20170317 001 094
20170317 001 075
20170317 001 096
20170317 001 095
20170317 001 074
20170317 001 076
20170317 001 103
20170317 001 074
20170317 001 093
20170317 001 076
20170317 001 106
20170317 001 083
20170317 001 073
20170317 001 075
20170317 001 096
20170317 001 084
20170317 001 095
20170317 001 105
20170317 001 085
20170317 001 086
20170317 001 094
20170317 001 104
20170317 001 084
20170317 001 073
20170317 001 083
20170317 001 076
20170317 001 103
20170317 001 086
20170317 001 093
20170317 001 095
20170317 001 104
20170317 001 105
20170317 001 094
20170317 001 106
20170317 001 074
20170317 001 096
20170317 001 075
20170317 001 085
20170321 001 086
20170321 001 084
20170321 001 103
20170321 001 104
20170321 001 085
20170321 001 075
20170321 001 076
20170321 001 096
20170321 001 105
20170321 001 106
20170321 001 073
20170321 001 093
20170321 001 083
20170321 001 095
20170321 001 094
20170321 001 074
20170322 001 076
20170322 001 093
20170322 001 095
20170322 001 086
20170322 001 073
20170322 001 083
20170322 001 103
20170322 001 094
20170322 001 085
20170322 001 074
20170322 001 075
20170322 001 084
20170322 001 105
20170322 001 106
20170322 001 096
20170322 001 104
20170325 001 074
20170325 001 106
20170325 001 105
20170325 001 095
20170325 001 075
20170325 001 086
20170325 001 076
20170325 001 083
20170325 001 085
20170325 001 073
20170325 001 096
20170325 001 104
20170325 001 093
20170325 001 084
20170325 001 103
20170325 001 094
20170325 001 084
20170325 001 095
20170325 001 093
20170325 001 074
20170325 001 083
20170325 001 105
20170325 001 094
20170325 001 073
20170325 001 075
20170325 001 103
20170325 001 086
20170325 001 076
20170325 001 085
20170325 001 104
20170325 001 096
20170325 001 106
20170325 001 076
20170325 001 074
20170325 001 075
20170325 001 093
20170325 001 094
20170325 001 084
20170325 001 095
20170325 001 085
20170325 001 104
20170325 001 086
20170325 001 103
20170325 001 105
20170325 001 096
20170325 001 083
20170325 001 106
20170325 001 073
20170326 001 094
20170326 001 074
20170326 001 076
20170326 001 085
20170326 001 105
20170326 001 086
20170326 001 083
20170326 001 104
20170326 001 096
20170326 001 084
20170326 001 093
20170326 001 103
20170326 001 073
20170326 001 075
20170326 001 095
20170326 001 106
20170326 001 096
20170326 001 103
20170326 001 106
20170326 001 094
20170326 001 076
20170326 001 085
20170326 001 073
20170326 001 084
20170326 001 105
20170326 001 104
20170326 001 074
20170326 001 083
20170326 001 095
20170326 001 093
20170326 001 086
20170326 001 075
20170326 001 104
20170326 001 074
20170326 001 103
20170326 001 086
20170326 001 073
20170326 001 085
20170326 001 106
20170326 001 075
20170326 001 094
20170326 001 083
20170326 001 093
20170326 001 105
20170326 001 084
20170326 001 076
20170326 001 095
20170326 001 096
20170327 001 093
20170327 001 095
20170327 001 086
20170327 001 106
20170327 001 073
20170327 001 103
20170327 001 104
20170327 001 076
20170327 001 074
20170327 001 084
20170327 001 075
20170327 001 094
20170327 001 105
20170327 001 096
20170327 001 085
20170327 001 083
20170328 001 076
20170328 001 106
20170328 001 073
20170328 001 105
20170328 001 093
20170328 001 086
20170328 001 074
20170328 001 095
20170328 001 075
20170328 001 096
20170328 001 094
20170328 001 103
20170328 001 084
20170328 001 083
20170328 001 104
20170328 001 085
20170328 001 094
20170328 001 106
20170328 001 083
20170328 001 076
20170328 001 086
20170328 001 105
20170328 001 073
20170328 001 074
20170328 001 096
20170328 001 095
20170328 001 104
20170328 001 075
20170328 001 085
20170328 001 103
20170328 001 093
20170328 001 084
20170328 001 096
20170328 001 085
20170328 001 084
20170328 001 074
20170328 001 075
20170328 001 104
20170328 001 086
20170328 001 094
20170328 001 076
20170328 001 093
20170328 001 095
20170328 001 106
20170328 001 083
20170328 001 073
20170328 001 105
20170328 001 103
20170330 001 094
20170330 001 076
20170330 001 083
20170330 001 104
20170330 001 075
20170330 001 093
20170330 001 085
20170330 001 103
20170330 001 073
20170330 001 105
20170330 001 086
20170330 001 084
20170330 001 106
20170330 001 095
20170330 001 074
20170330 001 096
20170330 001 085
20170330 001 095
20170330 001 083
20170330 001 086
20170330 001 105
20170330 001 106
20170330 001 093
20170330 001 084
20170330 001 096
20170330 001 074
20170330 001 103
20170330 001 094
20170330 001 076
20170330 001 104
20170330 001 073
20170330 001 075
20170330 001 104
20170330 001 073
20170330 001 093
20170330 001 095
20170330 001 103
20170330 001 075
20170330 001 096
20170330 001 084
20170330 001 083
20170330 001 074
20170330 001 106
20170330 001 105
20170330 001 086
20170330 001 076
20170330 001 094
20170330 001 085
20170331 001 093
20170331 001 103
20170331 001 094
20170331 001 075
20170331 001 076
20170331 001 074
20170331 001 106
20170331 001 096
20170331 001 083
20170331 001 086
20170331 001 073
20170331 001 105
20170331 001 084
20170331 001 104
20170331 001 085
20170331 001 095
20170331 001 074
20170331 001 095
20170331 001 094
20170331 001 106
20170331 001 103
20170331 001 076
20170331 001 105
20170331 001 096
20170331 001 073
20170331 001 084
20170331 001 104
20170331 001 075
20170331 001 086
20170331 001 085
20170331 001 093
20170331 001 083
20170331 001 103
20170331 001 106
20170331 001 083
20170331 001 073
20170331 001 105
20170331 001 074
20170331 001 075
20170331 001 095
20170331 001 076
20170331 001 094
20170331 001 096
20170331 001 085
20170331 001 084
20170331 001 104
20170331 001 086
20170331 001 093
20170418 001 073
20170418 001 104
20170418 001 083
20170418 001 103
20170418 001 105
20170418 001 075
20170418 001 094
20170418 001 074
20170418 001 085
20170418 001 095
20170418 001 106
20170418 001 076
20170418 001 093
20170418 001 096
20170418 001 086
20170418 001 084
20170418 001 103
20170418 001 075
20170418 001 104
20170418 001 096
20170418 001 085
20170418 001 074
20170418 001 076
20170418 001 094
20170418 001 105
20170418 001 106
20170418 001 086
20170418 001 095
20170418 001 084
20170418 001 083
20170418 001 073
20170418 001 093
20170418 001 096
20170418 001 085
20170418 001 094
20170418 001 086
20170418 001 104
20170418 001 095
20170418 001 084
20170418 001 073
20170418 001 105
20170418 001 075
20170418 001 076
20170418 001 093
20170418 001 106
20170418 001 074
20170418 001 103
20170418 001 083
20170419 001 094
20170419 001 095
20170419 001 104
20170419 001 105
20170419 001 086
20170419 001 074
20170419 001 076
20170419 001 093
20170419 001 103
20170419 001 085
20170419 001 106
20170419 001 096
20170419 001 075
20170419 001 084
20170419 001 083
20170419 001 073
20170419 001 093
20170419 001 105
20170419 001 084
20170419 001 104
20170419 001 075
20170419 001 085
20170419 001 086
20170419 001 083
20170419 001 094
20170419 001 096
20170419 001 103
20170419 001 076
20170419 001 095
20170419 001 074
20170419 001 073
20170419 001 106
20170419 001 084
20170419 001 073
20170419 001 094
20170419 001 076
20170419 001 083
20170419 001 093
20170419 001 074
20170419 001 075
20170419 001 096
20170419 001 106
20170419 001 104
20170419 001 105
20170419 001 086
20170419 001 095
20170419 001 103
20170419 001 085
20170420 001 095
20170420 001 093
20170420 001 084
20170420 001 076
20170420 001 086
20170420 001 096
20170420 001 085
20170420 001 104
20170420 001 094
20170420 001 083
20170420 001 105
20170420 001 073
20170420 001 103
20170420 001 074
20170420 001 106
20170420 001 075
20170420 001 085
20170420 001 086
20170420 001 105
20170420 001 096
20170420 001 083
20170420 001 073
20170420 001 095
20170420 001 094
20170420 001 076
20170420 001 075
20170420 001 093
20170420 001 074
20170420 001 104
20170420 001 106
20170420 001 084
20170420 001 103
20170420 001 095
20170420 001 103
20170420 001 076
20170420 001 074
20170420 001 075
20170420 001 096
20170420 001 085
20170420 001 084
20170420 001 094
20170420 001 093
20170420 001 083
20170420 001 086
20170420 001 105
20170420 001 106
20170420 001 073
20170420 001 104
20170421 001 085
20170421 001 106
20170421 001 076
20170421 001 074
20170421 001 103
20170421 001 094
20170421 001 086
20170421 001 095
20170421 001 084
20170421 001 073
20170421 001 083
20170421 001 096
20170421 001 104
20170421 001 105
20170421 001 093
20170421 001 075
20170423 001 106
20170423 001 086
20170423 001 094
20170423 001 085
20170423 001 104
20170423 001 073
20170423 001 105
20170423 001 075
20170423 001 084
20170423 001 093
20170423 001 076
20170423 001 103
20170423 001 096
20170423 001 074
20170423 001 083
20170423 001 095
20170424 001 094
20170424 001 074
20170424 001 085
20170424 001 103
20170424 001 093
20170424 001 073
20170424 001 083
20170424 001 096
20170424 001 095
20170424 001 076
20170424 001 104
20170424 001 084
20170424 001 106
20170424 001 105
20170424 001 075
20170424 001 086
20170425 001 094
20170425 001 096
20170425 001 073
20170425 001 093
20170425 001 083
20170425 001 095
20170425 001 076
20170425 001 103
20170425 001 085
20170425 001 104
20170425 001 105
20170425 001 086
20170425 001 106
20170425 001 084
20170425 001 075
20170425 001 074
20170425 001 094
20170425 001 083
20170425 001 085
20170425 001 095
20170425 001 093
20170425 001 075
20170425 001 084
20170425 001 086
20170425 001 096
20170425 001 074
20170425 001 106
20170425 001 105
20170425 001 076
20170425 001 073
20170425 001 104
20170425 001 103
20170425 001 074
20170425 001 075
20170425 001 086
20170425 001 105
20170425 001 103
20170425 001 095
20170425 001 094
20170425 001 076
20170425 001 104
20170425 001 096
20170425 001 073
20170425 001 084
20170425 001 093
20170425 001 083
20170425 001 085
20170425 001 106
20170427 001 105
20170427 001 085
20170427 001 074
20170427 001 075
20170427 001 106
20170427 001 076
20170427 001 096
20170427 001 103
20170427 001 073
20170427 001 095
20170427 001 086
20170427 001 094
20170427 001 104
20170427 001 083
20170427 001 093
20170427 001 084
20170427 001 103
20170427 001 095
20170427 001 084
20170427 001 096
20170427 001 076
20170427 001 094
20170427 001 086
20170427 001 083
20170427 001 093
20170427 001 105
20170427 001 106
20170427 001 075
20170427 001 074
20170427 001 104
20170427 001 073
20170427 001 085
20170427 001 076
20170427 001 073
20170427 001 075
20170427 001 106
20170427 001 086
20170427 001 093
20170427 001 096
20170427 001 074
20170427 001 105
20170427 001 084
20170427 001 085
20170427 001 095
20170427 001 104
20170427 001 094
20170427 001 103
20170427 001 083
20170428 001 093
20170428 001 086
20170428 001 106
20170428 001 103
20170428 001 075
20170428 001 076
20170428 001 094
20170428 001 096
20170428 001 104
20170428 001 105
20170428 001 085
20170428 001 074
20170428 001 083
20170428 001 084
20170428 001 095
20170428 001 073
20170501 001 086
20170501 001 096
20170501 001 085
20170501 001 083
20170501 001 073
20170501 001 076
20170501 001 075
20170501 001 104
20170501 001 094
20170501 001 095
20170501 001 106
20170501 001 074
20170501 001 105
20170501 001 103
20170501 001 084
20170501 001 093
20170501 001 095
20170501 001 073
20170501 001 105
20170501 001 086
20170501 001 083
20170501 001 084
20170501 001 103
20170501 001 104
20170501 001 076
20170501 001 094
20170501 001 085
20170501 001 106
20170501 001 096
20170501 001 075
20170501 001 093
20170501 001 074
20170501 001 094
20170501 001 074
20170501 001 103
20170501 001 095
20170501 001 075
20170501 001 096
20170501 001 073
20170501 001 085
20170501 001 106
20170501 001 083
20170501 001 104
20170501 001 086
20170501 001 084
20170501 001 093
20170501 001 105
20170501 001 076
20170502 005 096
20170502 005 075
20170502 005 083
20170502 005 103
20170502 005 073
20170502 005 106
20170502 005 074
20170502 005 086
20170502 005 084
20170502 005 085
20170502 005 094
20170502 005 105
20170502 005 095
20170502 005 093
20170502 005 076
20170502 005 104
20170502 005 076
20170502 005 093
20170502 005 085
20170502 005 095
20170502 005 083
20170502 005 105
20170502 005 103
20170502 005 075
20170502 005 104
20170502 005 106
20170502 005 073
20170502 005 074
20170502 005 086
20170502 005 096
20170502 005 084
20170502 005 094
20170502 005 096
20170502 005 073
20170502 005 074
20170502 005 085
20170502 005 084
20170502 005 094
20170502 005 086
20170502 005 076
20170502 005 093
20170502 005 075
20170502 005 103
20170502 005 095
20170502 005 083
20170502 005 104
20170502 005 106
20170502 005 105
20170503 005 076
20170503 005 083
20170503 005 075
20170503 005 094
20170503 005 106
20170503 005 096
20170503 005 103
20170503 005 086
20170503 005 085
20170503 005 074
20170503 005 104
20170503 005 084
20170503 005 095
20170503 005 105
20170503 005 093
20170503 005 073
20170503 005 103
20170503 005 083
20170503 005 106
20170503 005 096
20170503 005 073
20170503 005 085
20170503 005 093
20170503 005 076
20170503 005 094
20170503 005 084
20170503 005 105
20170503 005 104
20170503 005 075
20170503 005 074
20170503 005 086
20170503 005 095
20170503 005 095
20170503 005 106
20170503 005 074
20170503 005 086
20170503 005 105
20170503 005 104
20170503 005 093
20170503 005 094
20170503 005 073
20170503 005 084
20170503 005 083
20170503 005 075
20170503 005 103
20170503 005 076
20170503 005 096
20170503 005 085
20170518 005 085
20170518 005 093
20170518 005 075
20170518 005 105
20170518 005 104
20170518 005 073
20170518 005 083
20170518 005 084
20170518 005 074
20170518 005 095
20170518 005 094
20170518 005 106
20170518 005 076
20170518 005 096
20170518 005 103
20170518 005 086
20170518 005 104
20170518 005 073
20170518 005 074
20170518 005 095
20170518 005 075
20170518 005 106
20170518 005 076
20170518 005 105
20170518 005 085
20170518 005 103
20170518 005 093
20170518 005 086
20170518 005 084
20170518 005 096
20170518 005 094
20170518 005 083
20170518 005 083
20170518 005 076
20170518 005 104
20170518 005 096
20170518 005 074
20170518 005 093
20170518 005 095
20170518 005 105
20170518 005 085
20170518 005 075
20170518 005 084
20170518 005 103
20170518 005 094
20170518 005 086
20170518 005 073
20170518 005 106
20170519 001 103
20170519 001 106
20170519 001 083
20170519 001 073
20170519 001 076
20170519 001 075
20170519 001 095
20170519 001 085
20170519 001 084
20170519 001 105
20170519 001 094
20170519 001 093
20170519 001 104
20170519 001 086
20170519 001 096
20170519 001 074
20170519 001 076
20170519 001 074
20170519 001 075
20170519 001 096
20170519 001 095
20170519 001 094
20170519 001 086
20170519 001 085
20170519 001 104
20170519 001 084
20170519 001 106
20170519 001 073
20170519 001 105
20170519 001 083
20170519 001 093
20170519 001 103
20170519 001 076
20170519 001 075
20170519 001 074
20170519 001 104
20170519 001 106
20170519 001 084
20170519 001 093
20170519 001 083
20170519 001 095
20170519 001 103
20170519 001 105
20170519 001 086
20170519 001 085
20170519 001 094
20170519 001 096
20170519 001 073
20170522 001 093
20170522 001 104
20170522 001 094
20170522 001 083
20170522 001 076
20170522 001 075
20170522 001 086
20170522 001 095
20170522 001 096
20170522 001 074
20170522 001 085
20170522 001 106
20170522 001 073
20170522 001 084
20170522 001 105
20170522 001 103
20170522 001 084
20170522 001 086
20170522 001 106
20170522 001 103
20170522 001 094
20170522 001 085
20170522 001 105
20170522 001 104
20170522 001 073
20170522 001 095
20170522 001 075
20170522 001 074
20170522 001 076
20170522 001 083
20170522 001 096
20170522 001 093
20170522 001 103
20170522 001 085
20170522 001 075
20170522 001 094
20170522 001 073
20170522 001 104
20170522 001 093
20170522 001 095
20170522 001 084
20170522 001 076
20170522 001 083
20170522 001 106
20170522 001 074
20170522 001 105
20170522 001 096
20170522 001 086
20170523 001 096
20170523 001 106
20170523 001 095
20170523 001 075
20170523 001 103
20170523 001 094
20170523 001 086
20170523 001 074
20170523 001 093
20170523 001 104
20170523 001 084
20170523 001 076
20170523 001 073
20170523 001 105
20170523 001 083
20170523 001 085
20170525 005 073
20170525 005 095
20170525 005 076
20170525 005 074
20170525 005 093
20170525 005 083
20170525 005 075
20170525 005 084
20170525 005 085
20170525 005 094
20170525 005 096
20170525 005 086
20170525 005 104
20170525 005 106
20170525 005 105
20170525 005 103
20170525 005 073
20170525 005 086
20170525 005 106
20170525 005 105
20170525 005 093
20170525 005 084
20170525 005 096
20170525 005 094
20170525 005 076
20170525 005 095
20170525 005 075
20170525 005 103
20170525 005 074
20170525 005 085
20170525 005 083
20170525 005 104
20170525 005 104
20170525 005 105
20170525 005 075
20170525 005 086
20170525 005 096
20170525 005 076
20170525 005 094
20170525 005 074
20170525 005 106
20170525 005 085
20170525 005 095
20170525 005 083
20170525 005 103
20170525 005 084
20170525 005 073
20170525 005 093
20170527 005 095
20170527 005 083
20170527 005 086
20170527 005 084
20170527 005 105
20170527 005 093
20170527 005 104
20170527 005 085
20170527 005 076
20170527 005 103
20170527 005 094
20170527 005 075
20170527 005 096
20170527 005 106
20170527 005 074
20170527 005 073
20170527 005 076
20170527 005 106
20170527 005 104
20170527 005 094
20170527 005 105
20170527 005 085
20170527 005 083
20170527 005 093
20170527 005 095
20170527 005 086
20170527 005 074
20170527 005 103
20170527 005 096
20170527 005 084
20170527 005 075
20170527 005 073
20170527 005 096
20170527 005 095
20170527 005 093
20170527 005 083
20170527 005 084
20170527 005 073
20170527 005 106
20170527 005 074
20170527 005 103
20170527 005 104
20170527 005 085
20170527 005 086
20170527 005 094
20170527 005 075
20170527 005 105
20170527 005 076
20170529 001 093
20170529 001 094
20170529 001 083
20170529 001 103
20170529 001 073
20170529 001 076
20170529 001 096
20170529 001 106
20170529 001 086
20170529 001 095
20170529 001 075
20170529 001 085
20170529 001 105
20170529 001 104
20170529 001 084
20170529 001 074
20170604 011 104
20170604 011 105
20170604 011 093
20170604 011 074
20170604 011 094
20170604 011 076
20170604 011 075
20170604 011 086
20170604 011 095
20170604 011 073
20170604 011 106
20170604 011 096
20170604 011 085
20170604 011 084
20170604 011 083
20170604 011 103
20170604 011 075
20170604 011 084
20170604 011 105
20170604 011 093
20170604 011 096
20170604 011 076
20170604 011 106
20170604 011 083
20170604 011 103
20170604 011 095
20170604 011 086
20170604 011 104
20170604 011 085
20170604 011 074
20170604 011 094
20170604 011 073
20170604 011 074
20170604 011 096
20170604 011 103
20170604 011 093
20170604 011 085
20170604 011 073
20170604 011 094
20170604 011 095
20170604 011 106
20170604 011 083
20170604 011 084
20170604 011 105
20170604 011 086
20170604 011 076
20170604 011 104
20170604 011 075
20170625 001 076
20170625 001 085
20170625 001 104
20170625 001 094
20170625 001 074
20170625 001 075
20170625 001 106
20170625 001 073
20170625 001 103
20170625 001 095
20170625 001 093
20170625 001 096
20170625 001 086
20170625 001 105
20170625 001 084
20170625 001 083
20170625 001 095
20170625 001 096
20170625 001 094
20170625 001 103
20170625 001 106
20170625 001 084
20170625 001 075
20170625 001 076
20170625 001 083
20170625 001 073
20170625 001 104
20170625 001 085
20170625 001 093
20170625 001 074
20170625 001 105
20170625 001 086
20170625 001 084
20170625 001 096
20170625 001 095
20170625 001 094
20170625 001 106
20170625 001 074
20170625 001 103
20170625 001 093
20170625 001 076
20170625 001 086
20170625 001 083
20170625 001 075
20170625 001 104
20170625 001 073
20170625 001 085
20170625 001 105
20170626 001 094
20170626 001 073
20170626 001 075
20170626 001 074
20170626 001 103
20170626 001 083
20170626 001 106
20170626 001 085
20170626 001 104
20170626 001 096
20170626 001 105
20170626 001 086
20170626 001 084
20170626 001 093
20170626 001 095
20170626 001 076
20170626 001 084
20170626 001 103
20170626 001 074
20170626 001 075
20170626 001 073
20170626 001 095
20170626 001 106
20170626 001 096
20170626 001 094
20170626 001 086
20170626 001 093
20170626 001 083
20170626 001 085
20170626 001 104
20170626 001 076
20170626 001 105
20170626 001 075
20170626 001 076
20170626 001 104
20170626 001 085
20170626 001 094
20170626 001 106
20170626 001 083
20170626 001 095
20170626 001 096
20170626 001 074
20170626 001 093
20170626 001 105
20170626 001 084
20170626 001 103
20170626 001 086
20170626 001 073
20170627 001 083
20170627 001 104
20170627 001 086
20170627 001 106
20170627 001 074
20170627 001 084
20170627 001 075
20170627 001 076
20170627 001 096
20170627 001 073
20170627 001 094
20170627 001 085
20170627 001 103
20170627 001 105
20170627 001 095
20170627 001 093
20170627 001 076
20170627 001 075
20170627 001 093
20170627 001 106
20170627 001 084
20170627 001 086
20170627 001 085
20170627 001 083
20170627 001 074
20170627 001 103
20170627 001 095
20170627 001 105
20170627 001 096
20170627 001 073
20170627 001 094
20170627 001 104
20170627 001 086
20170627 001 084
20170627 001 096
20170627 001 075
20170627 001 083
20170627 001 095
20170627 001 076
20170627 001 094
20170627 001 105
20170627 001 073
20170627 001 074
20170627 001 085
20170627 001 093
20170627 001 104
20170627 001 106
20170627 001 103
20170628 001 095
20170628 001 105
20170628 001 086
20170628 001 104
20170628 001 076
20170628 001 103
20170628 001 094
20170628 001 074
20170628 001 085
20170628 001 096
20170628 001 083
20170628 001 073
20170628 001 075
20170628 001 084
20170628 001 106
20170628 001 093
20170628 001 103
20170628 001 086
20170628 001 106
20170628 001 075
20170628 001 093
20170628 001 085
20170628 001 073
20170628 001 084
20170628 001 095
20170628 001 096
20170628 001 105
20170628 001 094
20170628 001 074
20170628 001 076
20170628 001 083
20170628 001 104
20170628 001 076
20170628 001 093
20170628 001 084
20170628 001 085
20170628 001 103
20170628 001 075
20170628 001 074
20170628 001 073
20170628 001 105
20170628 001 095
20170628 001 083
20170628 001 106
20170628 001 104
20170628 001 086
20170628 001 096
20170628 001 094
20170629 001 105
20170629 001 094
20170629 001 073
20170629 001 084
20170629 001 095
20170629 001 086
20170629 001 104
20170629 001 096
20170629 001 085
20170629 001 076
20170629 001 103
20170629 001 093
20170629 001 106
20170629 001 075
20170629 001 074
20170629 001 083
20170629 001 085
20170629 001 096
20170629 001 104
20170629 001 075
20170629 001 086
20170629 001 103
20170629 001 083
20170629 001 084
20170629 001 093
20170629 001 105
20170629 001 095
20170629 001 106
20170629 001 074
20170629 001 094
20170629 001 073
20170629 001 076
20170629 001 093
20170629 001 083
20170629 001 094
20170629 001 076
20170629 001 085
20170629 001 105
20170629 001 095
20170629 001 084
20170629 001 073
20170629 001 104
20170629 001 103
20170629 001 074
20170629 001 086
20170629 001 096
20170629 001 075
20170629 001 106
20170630 001 086
20170630 001 093
20170630 001 103
20170630 001 095
20170630 001 075
20170630 001 085
20170630 001 105
20170630 001 074
20170630 001 104
20170630 001 106
20170630 001 083
20170630 001 073
20170630 001 076
20170630 001 096
20170630 001 084
20170630 001 094
20170701 001 106
20170701 001 086
20170701 001 085
20170701 001 094
20170701 001 095
20170701 001 093
20170701 001 076
20170701 001 103
20170701 001 074
20170701 001 096
20170701 001 073
20170701 001 104
20170701 001 105
20170701 001 084
20170701 001 075
20170701 001 083
20170720 001 105
20170720 001 095
20170720 001 084
20170720 001 073
20170720 001 083
20170720 001 076
20170720 001 086
20170720 001 094
20170720 001 093
20170720 001 085
20170720 001 074
20170720 001 103
20170720 001 096
20170720 001 104
20170720 001 106
20170720 001 075
20170720 001 086
20170720 001 075
20170720 001 074
20170720 001 106
20170720 001 105
20170720 001 085
20170720 001 083
20170720 001 093
20170720 001 073
20170720 001 076
20170720 001 104
20170720 001 095
20170720 001 096
20170720 001 084
20170720 001 103
20170720 001 094
20170720 001 084
20170720 001 083
20170720 001 104
20170720 001 076
20170720 001 103
20170720 001 105
20170720 001 086
20170720 001 096
20170720 001 075
20170720 001 074
20170720 001 095
20170720 001 093
20170720 001 085
20170720 001 106
20170720 001 073
20170720 001 094
20171220 001 033
20171220 001 045
20171220 001 046
20171220 001 074
20171220 001 093
20171220 001 095
20171220 001 075
20171220 001 106
20171220 001 034
20171220 001 036
20171220 001 096
20171220 001 022
20171220 001 084
20171220 001 042
20171220 001 044
20171220 001 085
20171220 001 073
20171220 001 086
20171220 001 035
20171220 001 032
20171220 001 094
20171220 001 104
20171220 001 043
20171220 001 103
20171220 001 105
20171220 001 037
20171220 001 076
20171220 001 042
20171220 001 106
20171220 001 033
20171220 001 073
20171220 001 076
20171220 001 093
20171220 001 045
20171220 001 096
20171220 001 074
20171220 001 094
20171220 001 086
20171220 001 032
20171220 001 095
20171220 001 043
20171220 001 105
20171220 001 046
20171220 001 104
20171220 001 084
20171220 001 085
20171220 001 037
20171220 001 103
20171220 001 075
20171220 001 044
20171220 001 036
20171220 001 035
20171220 001 034
20171220 001 022
20171220 001 096
20171220 001 094
20171220 001 042
20171220 001 105
20171220 001 093
20171220 001 043
20171220 001 086
20171220 001 033
20171220 001 037
20171220 001 034
20171220 001 074
20171220 001 032
20171220 001 085
20171220 001 073
20171220 001 106
20171220 001 044
20171220 001 075
20171220 001 035
20171220 001 084
20171220 001 103
20171220 001 036
20171220 001 045
20171220 001 076
20171220 001 022
20171220 001 104
20171220 001 046
20171220 001 095
20171221 001 036
20171221 001 043
20171221 001 032
20171221 001 095
20171221 001 033
20171221 001 093
20171221 001 074
20171221 001 044
20171221 001 105
20171221 001 047
20171221 001 037
20171221 001 022
20171221 001 096
20171221 001 104
20171221 001 103
20171221 001 086
20171221 001 023
20171221 001 094
20171221 001 075
20171221 001 046
20171221 001 106
20171221 001 084
20171221 001 042
20171221 001 085
20171221 001 035
20171221 001 045
20171221 001 073
20171221 001 034
20171221 001 076
20171222 001 074
20171222 001 095
20171222 001 073
20171222 001 084
20171222 001 083
20171222 001 037
20171222 001 104
20171222 001 105
20171222 001 034
20171222 001 096
20171222 001 047
20171222 001 036
20171222 001 044
20171222 001 022
20171222 001 085
20171222 001 035
20171222 001 094
20171222 001 032
20171222 001 103
20171222 001 023
20171222 001 106
20171222 001 076
20171222 001 093
20171222 001 046
20171222 001 043
20171222 001 042
20171222 001 045
20171222 001 075
20171222 001 033
20171222 001 086
20171222 001 032
20171222 001 084
20171222 001 074
20171222 001 035
20171222 001 022
20171222 001 047
20171222 001 036
20171222 001 094
20171222 001 103
20171222 001 043
20171222 001 076
20171222 001 086
20171222 001 023
20171222 001 105
20171222 001 045
20171222 001 042
20171222 001 046
20171222 001 104
20171222 001 075
20171222 001 106
20171222 001 085
20171222 001 083
20171222 001 073
20171222 001 033
20171222 001 044
20171222 001 093
20171222 001 095
20171222 001 037
20171222 001 096
20171222 001 034
20171222 001 036
20171222 001 022
20171222 001 085
20171222 001 076
20171222 001 047
20171222 001 035
20171222 001 075
20171222 001 033
20171222 001 042
20171222 001 032
20171222 001 095
20171222 001 045
20171222 001 034
20171222 001 023
20171222 001 106
20171222 001 096
20171222 001 093
20171222 001 073
20171222 001 074
20171222 001 043
20171222 001 103
20171222 001 086
20171222 001 084
20171222 001 046
20171222 001 083
20171222 001 094
20171222 001 104
20171222 001 037
20171222 001 105
20171222 001 044
20171225 001 047
20171225 001 085
20171225 001 074
20171225 001 046
20171225 001 042
20171225 001 037
20171225 001 084
20171225 001 086
20171225 001 104
20171225 001 105
20171225 001 096
20171225 001 073
20171225 001 094
20171225 001 022
20171225 001 044
20171225 001 095
20171225 001 106
20171225 001 043
20171225 001 034
20171225 001 035
20171225 001 023
20171225 001 036
20171225 001 093
20171225 001 075
20171225 001 045
20171225 001 032
20171225 001 103
20171225 001 083
20171225 001 076
20171225 001 033
20171225 001 044
20171225 001 104
20171225 001 034
20171225 001 103
20171225 001 074
20171225 001 094
20171225 001 035
20171225 001 075
20171225 001 095
20171225 001 045
20171225 001 043
20171225 001 096
20171225 001 083
20171225 001 046
20171225 001 032
20171225 001 073
20171225 001 047
20171225 001 106
20171225 001 033
20171225 001 042
20171225 001 037
20171225 001 023
20171225 001 022
20171225 001 084
20171225 001 086
20171225 001 085
20171225 001 036
20171225 001 093
20171225 001 105
20171225 001 076
20171225 001 022
20171225 001 043
20171225 001 105
20171225 001 083
20171225 001 076
20171225 001 032
20171225 001 023
20171225 001 074
20171225 001 042
20171225 001 035
20171225 001 096
20171225 001 075
20171225 001 046
20171225 001 044
20171225 001 104
20171225 001 085
20171225 001 073
20171225 001 103
20171225 001 036
20171225 001 106
20171225 001 095
20171225 001 034
20171225 001 037
20171225 001 094
20171225 001 045
20171225 001 093
20171225 001 084
20171225 001 033
20171225 001 086
20171225 001 047
20180110 001 022
20180110 001 084
20180110 001 085
20180110 001 103
20180110 001 104
20180110 001 045
20180110 001 047
20180110 001 035
20180110 001 105
20180110 001 086
20180110 001 095
20180110 001 037
20180110 001 023
20180110 001 032
20180110 001 042
20180110 001 093
20180110 001 083
20180110 001 076
20180110 001 034
20180110 001 046
20180110 001 033
20180110 001 043
20180110 001 096
20180110 001 044
20180110 001 073
20180110 001 074
20180110 001 036
20180110 001 075
20180110 001 106
20180110 001 094
20180113 001 106
20180113 001 105
20180113 001 022
20180113 001 037
20180113 001 085
20180113 001 086
20180113 001 095
20180113 001 023
20180113 001 046
20180113 001 042
20180113 001 074
20180113 001 036
20180113 001 044
20180113 001 075
20180113 001 034
20180113 001 104
20180113 001 045
20180113 001 047
20180113 001 032
20180113 001 103
20180113 001 094
20180113 001 093
20180113 001 035
20180113 001 096
20180113 001 084
20180113 001 033
20180113 001 076
20180113 001 043
20180113 001 083
20180113 001 073
20180114 003 084
20180114 003 095
20180114 003 043
20180114 003 037
20180114 003 094
20180114 003 083
20180114 003 034
20180114 003 096
20180114 003 047
20180114 003 103
20180114 003 105
20180114 003 032
20180114 003 033
20180114 003 075
20180114 003 036
20180114 003 035
20180114 003 022
20180114 003 073
20180114 003 074
20180114 003 093
20180114 003 106
20180114 003 046
20180114 003 023
20180114 003 045
20180114 003 086
20180114 003 042
20180114 003 085
20180114 003 104
20180114 003 076
20180114 003 044
20180114 003 086
20180114 003 075
20180114 003 084
20180114 003 076
20180114 003 034
20180114 003 047
20180114 003 074
20180114 003 022
20180114 003 095
20180114 003 106
20180114 003 046
20180114 003 042
20180114 003 073
20180114 003 032
20180114 003 036
20180114 003 037
20180114 003 033
20180114 003 096
20180114 003 045
20180114 003 043
20180114 003 083
20180114 003 103
20180114 003 104
20180114 003 023
20180114 003 093
20180114 003 105
20180114 003 094
20180114 003 085
20180114 003 044
20180114 003 035
20180114 003 096
20180114 003 093
20180114 003 076
20180114 003 042
20180114 003 037
20180114 003 086
20180114 003 106
20180114 003 105
20180114 003 043
20180114 003 074
20180114 003 046
20180114 003 045
20180114 003 022
20180114 003 047
20180114 003 035
20180114 003 033
20180114 003 073
20180114 003 044
20180114 003 104
20180114 003 032
20180114 003 034
20180114 003 103
20180114 003 094
20180114 003 023
20180114 003 085
20180114 003 036
20180114 003 095
20180114 003 075
20180114 003 084
20180114 003 083
20180120 001 046
20180120 001 076
20180120 001 075
20180120 001 042
20180120 001 045
20180120 001 095
20180120 001 037
20180120 001 034
20180120 001 032
20180120 001 044
20180120 001 043
20180120 001 086
20180120 001 083
20180120 001 074
20180120 001 105
20180120 001 022
20180120 001 036
20180120 001 094
20180120 001 084
20180120 001 047
20180120 001 033
20180120 001 103
20180120 001 093
20180120 001 073
20180120 001 023
20180120 001 106
20180120 001 035
20180120 001 096
20180120 001 104
20180120 001 085
20180120 001 023
20180120 001 046
20180120 001 106
20180120 001 086
20180120 001 105
20180120 001 093
20180120 001 104
20180120 001 085
20180120 001 022
20180120 001 095
20180120 001 073
20180120 001 033
20180120 001 043
20180120 001 042
20180120 001 034
20180120 001 045
20180120 001 032
20180120 001 036
20180120 001 094
20180120 001 047
20180120 001 037
20180120 001 075
20180120 001 083
20180120 001 103
20180120 001 096
20180120 001 074
20180120 001 035
20180120 001 044
20180120 001 076
20180120 001 084
20180120 001 096
20180120 001 074
20180120 001 105
20180120 001 085
20180120 001 045
20180120 001 042
20180120 001 043
20180120 001 093
20180120 001 037
20180120 001 022
20180120 001 095
20180120 001 036
20180120 001 033
20180120 001 084
20180120 001 104
20180120 001 076
20180120 001 023
20180120 001 083
20180120 001 086
20180120 001 044
20180120 001 075
20180120 001 047
20180120 001 034
20180120 001 094
20180120 001 103
20180120 001 032
20180120 001 046
20180120 001 035
20180120 001 073
20180120 001 106
20180123 001 032
20180123 001 093
20180123 001 042
20180123 001 094
20180123 001 085
20180123 001 044
20180123 001 036
20180123 001 033
20180123 001 104
20180123 001 034
20180123 001 106
20180123 001 046
20180123 001 075
20180123 001 022
20180123 001 096
20180123 001 045
20180123 001 105
20180123 001 023
20180123 001 083
20180123 001 035
20180123 001 074
20180123 001 073
20180123 001 103
20180123 001 037
20180123 001 043
20180123 001 084
20180123 001 076
20180123 001 086
20180123 001 076
20180123 001 035
20180123 001 042
20180123 001 045
20180123 001 044
20180123 001 023
20180123 001 074
20180123 001 046
20180123 001 096
20180123 001 085
20180123 001 036
20180123 001 073
20180123 001 037
20180123 001 103
20180123 001 043
20180123 001 105
20180123 001 084
20180123 001 104
20180123 001 034
20180123 001 086
20180123 001 022
20180123 001 083
20180123 001 094
20180123 001 033
20180123 001 075
20180123 001 093
20180123 001 106
20180123 001 032
20180123 001 035
20180123 001 073
20180123 001 096
20180123 001 075
20180123 001 093
20180123 001 034
20180123 001 036
20180123 001 022
20180123 001 037
20180123 001 086
20180123 001 084
20180123 001 105
20180123 001 074
20180123 001 045
20180123 001 032
20180123 001 083
20180123 001 046
20180123 001 106
20180123 001 103
20180123 001 043
20180123 001 033
20180123 001 104
20180123 001 094
20180123 001 042
20180123 001 044
20180123 001 085
20180123 001 023
20180123 001 076
20180124 001 043
20180124 001 076
20180124 001 105
20180124 001 044
20180124 001 083
20180124 001 036
20180124 001 106
20180124 001 094
20180124 001 042
20180124 001 103
20180124 001 096
20180124 001 045
20180124 001 046
20180124 001 023
20180124 001 022
20180124 001 037
20180124 001 086
20180124 001 085
20180124 001 035
20180124 001 073
20180124 001 032
20180124 001 104
20180124 001 075
20180124 001 033
20180124 001 034
20180124 001 074
20180124 001 093
20180124 001 084
20180124 001 033
20180124 001 034
20180124 001 083
20180124 001 076
20180124 001 086
20180124 001 106
20180124 001 084
20180124 001 037
20180124 001 042
20180124 001 094
20180124 001 032
20180124 001 093
20180124 001 105
20180124 001 073
20180124 001 075
20180124 001 044
20180124 001 085
20180124 001 104
20180124 001 022
20180124 001 045
20180124 001 043
20180124 001 036
20180124 001 074
20180124 001 046
20180124 001 035
20180124 001 023
20180124 001 103
20180124 001 096
20180124 001 085
20180124 001 103
20180124 001 032
20180124 001 105
20180124 001 037
20180124 001 084
20180124 001 075
20180124 001 096
20180124 001 073
20180124 001 033
20180124 001 022
20180124 001 074
20180124 001 094
20180124 001 036
20180124 001 035
20180124 001 076
20180124 001 045
20180124 001 093
20180124 001 086
20180124 001 043
20180124 001 034
20180124 001 046
20180124 001 044
20180124 001 104
20180124 001 083
20180124 001 023
20180124 001 042
20180124 001 106
20180209 001 037
20180209 001 105
20180209 001 074
20180209 001 083
20180209 001 034
20180209 001 075
20180209 001 044
20180209 001 032
20180209 001 046
20180209 001 033
20180209 001 073
20180209 001 084
20180209 001 076
20180209 001 023
20180209 001 035
20180209 001 022
20180209 001 096
20180209 001 103
20180209 001 093
20180209 001 042
20180209 001 106
20180209 001 036
20180209 001 094
20180209 001 095
20180209 001 086
20180209 001 043
20180209 001 085
20180209 001 104
20180209 001 045
20180209 001 034
20180209 001 106
20180209 001 096
20180209 001 105
20180209 001 083
20180209 001 074
20180209 001 033
20180209 001 084
20180209 001 093
20180209 001 076
20180209 001 046
20180209 001 036
20180209 001 044
20180209 001 104
20180209 001 094
20180209 001 073
20180209 001 043
20180209 001 022
20180209 001 045
20180209 001 035
20180209 001 095
20180209 001 103
20180209 001 042
20180209 001 023
20180209 001 037
20180209 001 032
20180209 001 086
20180209 001 075
20180209 001 085
20180209 001 096
20180209 001 036
20180209 001 084
20180209 001 093
20180209 001 103
20180209 001 104
20180209 001 023
20180209 001 033
20180209 001 044
20180209 001 075
20180209 001 022
20180209 001 042
20180209 001 045
20180209 001 035
20180209 001 083
20180209 001 094
20180209 001 105
20180209 001 085
20180209 001 034
20180209 001 106
20180209 001 086
20180209 001 046
20180209 001 032
20180209 001 073
20180209 001 037
20180209 001 076
20180209 001 074
20180209 001 043
20180209 001 095
20180210 001 103
20180210 001 093
20180210 001 033
20180210 001 044
20180210 001 086
20180210 001 034
20180210 001 096
20180210 001 084
20180210 001 073
20180210 001 043
20180210 001 104
20180210 001 032
20180210 001 035
20180210 001 106
20180210 001 075
20180210 001 042
20180210 001 083
20180210 001 037
20180210 001 105
20180210 001 022
20180210 001 074
20180210 001 094
20180210 001 076
20180210 001 045
20180210 001 036
20180210 001 046
20180210 001 023
20180210 001 085
20180210 001 095
20180222 001 033
20180222 001 074
20180222 001 027
20180222 001 022
20180222 001 032
20180222 001 096
20180222 001 047
20180222 001 094
20180222 001 075
20180222 001 105
20180222 001 045
20180222 001 037
20180222 001 024
20180222 001 053
20180222 001 084
20180222 001 104
20180222 001 093
20180222 001 106
20180222 001 073
20180222 001 036
20180222 001 046
20180222 001 035
20180222 001 086
20180222 001 103
20180222 001 085
20180222 001 034
20180222 001 026
20180222 001 083
20180222 001 023
20180222 001 095
20180222 001 076
