20170822 012
20170822 013
20170823 007
20170823 008
20170823 009
20170823 010
20170824 008
20170824 009
20170828 012
20170828 013
20170828 014
20170828 015
20170901 008
20170901 009
20170901 010
20170901 011
20170913 007
20170913 007
20170913 008
20170913 009
20170921 014
20170921 015
20170922 016
20170922 017
20171010 108
20171010 109
20171011 008
20171011 009
20171011 010
20171012 010
20171012 011
20171012 012
20171012 013
20171013 010
20171013 011
20171018 007
20171018 008
20171029 009
20171029 010
20171029 011
20171029 012
20171029 013
20171029 014
20171030 002
20171030 002
20171030 002
20171030 002
20171115 007
20171115 008
20171115 020
20171115 020
