20180712 015 NEP_18-2_field1a_000_E 486.998225664 58311.2437762758 18.256667 66 0.00795 0.003818
20180712 017 NEP_18-2_field1b_000_E 547.349688064 58311.2821403337 18.258989 66 0.008993 0.004319
20180715 008 NEP_18-2_field1c_000_E 426.900667136 58314.241003897 18.258989 66.014167 0.007741 0.003718
20180717 012 NEP_18-2_field1d_000_E 427.24849792 58316.2553329724 18.256667 66.014167 0.008158 0.003918
20180717 013 NEP_18-2_field2a_000_E 546.899249152 58316.2765959827 18.243008 66 0.008158 0.003918
20180805 009 NEP_18-3_field20d_000_E 368.197317888 58335.1543775834 17.710314 66.014167 0.011494 0.00552
20180805 010 NEP_18-3_field4a_000_E 366.999442944 58335.1710259626 18.183819 66 0.011494 0.00552
20180806 009 NEP_18-3_field18d_000_E 367.350291712 58336.1556005389 17.7695 66.014167 0.011494 0.00552
20180806 010 NEP_18-3_field4c_000_E 367.899416064 58336.1721713487 18.186142 66.014167 0.011286 0.00542
20180806 011 NEP_18-3_field2b_000_E 427.149437696 58336.1905694208 18.245331 66 0.011286 0.00542
20180807 007 NEP_18-3_field19a_000_E 487.249004544 58337.1446511685 17.723972 66 0.010869 0.00522
20180807 008 NEP_18-3_field4b_000_E 427.249150208 58337.1647285428 18.186142 66 0.010659 0.005119
20180807 009 NEP_18-3_field2c_000_E 487.500634368 58337.1847395236 18.245331 66.014167 0.010451 0.005019
20180808 009 NEP_18-3_field2d_000_E 427.751324672 58338.1813559709 18.243008 66.014167 0.00941 0.004519
20180831 003 NEP_18-3_field3b_000_E 366.751457536 58361.1542911404 18.1998 66 0.008368 0.004019
20180904 009 NEP_18-3_field3a_000_E 426.948289024 58365.1294383509 18.197478 66 0.00795 0.003818
20180910 008 NEP_18-3_field3d_000_E 547.050238208 58371.1202686206 18.197478 66.014167 0.011702 0.00562
20180911 011 NEP_18-3_field3c_000_E 548.297400064 58372.117186504 18.1998 66.014167 0.012743 0.00612
20180912 008 NEP_18-3_field5a_000_E 486.748461568 58373.1188145895 18.138289 66 0.009826 0.004719
20180913 008 NEP_18-3_field5b_000_E 487.848110336 58374.1154863234 18.140611 66 0.00941 0.004519
20190501 029 NEP_19-2_field2b_000_E 368.098551808 58604.4429238299 18.086661 66.003594 0.01316 0.00632
20190504 029 NEP_19-2_field4a_000_E 367.499270912 58607.4463877948 18.029422 66.003594 0.01191 0.00572
20190506 016 NEP_19-2_field2d_000_E 367.949352704 58609.4406929608 18.084339 66.017761 0.010242 0.004919
20190508 025 NEP_19-2_field2c_000_E 368.09923072 58611.4299617764 18.086661 66.017761 0.012119 0.00582
20190509 015 NEP_19-2_field3b_000_E 427.899478528 58612.4383262442 18.045406 66.003594 0.010869 0.00522
20190529 026 NEP_19-2_field3c_000_E 547.44812288 58632.4008987267 18.045406 66.017761 0.016912 0.008122
20190530 022 NEP_19-2_field5d_000_E 428.200923136 58633.382649458 17.988167 66.017761 0.008785 0.004219
20190530 023 NEP_19-2_field13b_000_E 487.350231552 58633.4025279447 18.093625 65.835 0.008576 0.004119
20190603 006 NEP_19-2_field3c_000_E 548.072322048 58637.3650317527 18.045406 66.017761 0.011077 0.00532
20190603 007 NEP_19-2_field3c_000_E 487.847773696 58637.3895988124 18.045406 66.017761 0.010869 0.00522
20190604 009 NEP_19-2_field3c_000_E 547.649716736 58638.3743838426 18.045406 66.017761 0.009826 0.004719
20190606 025 NEP_19-2_field104a_000_W 367.77293056 58640.3579443507 18.127342 65 344.011763 352.215172
20190606 026 NEP_19-2_field102b 368.299644416 58640.3742474313 18.182422 65 343.964555 352.191551
20190606 027 NEP_19-2_field102c 368.547519488 58640.3907787632 18.182422 65.014167 344.148648 352.283631
20190606 028 NEP_19-2_field102d 428.105824512 58640.4097537929 18.180189 65.014167 344.148648 352.283631
20190607 020 NEP_19-2_field103d 547.822652672 58641.3372361828 18.140489 65.014167 344.148048 352.283331
20190607 021 NEP_19-2_field103c 369.155387904 58641.355528425 18.142722 65.014167 344.148048 352.283331
20190607 022 NEP_19-2_field103b 367.350250752 58641.3717915048 18.142722 65 343.970356 352.194454
20190608 024 NEP_19-2_field110a 368.049793792 58642.3493187302 17.968808 65 343.970556 352.194554
20190608 025 NEP_19-2_field103a 367.9996992 58642.365163831 18.140489 65 343.970556 352.194554
20190609 021 NEP_19-2_field105a 367.221801472 58643.3373254281 18.087642 65 343.969554 352.194053
20190609 022 NEP_19-2_field104d 367.627391232 58643.3536957321 18.127342 65.014167 344.15005 352.284332
20190609 023 NEP_19-2_field104b 367.64887552 58643.3695721552 18.129578 65 343.969554 352.194053
20190612 015 NEP_19-2_field104c_000_W 367.499457536 58646.3783113272 18.129578 65.014167 344.199706 352.309154
20190627 014 NEP_19-2_field113a 548.123060736 58661.2933841143 17.876261 65 343.970755 352.194654
20190627 015 NEP_19-2_field105b 487.899917056 58661.3147722115 18.089878 65 343.970755 352.194654
20190629 019 NEP_19-2_field112d_000_W 368.39874432 58663.2938123485 17.915961 65.014167 344.142443 352.280529
20190701 021 NEP_19-2_field112c 427.598907136 58665.2769081742 17.918197 65.014167 344.147448 352.283031
20190706 015 NEP_19-2_field112a 368.851138304 58670.2607543804 17.915961 65 343.968355 352.193453
20190724 016 NEP_19-2_field112b 368.0995264 58688.2233205903 17.918197 65 343.968155 352.193353
20190724 017 NEP_19-2_field105b 368.119197696 58688.2396288896 18.089878 65 343.968355 352.193453
20190725 011 NEP_19-2_field111d 368.393778944 58689.2228017985 17.929108 65.014167 344.15005 352.284332
20190725 012 NEP_19-2_field105c 367.449759744 58689.2391289999 18.089878 65.014167 344.15005 352.284332
20190725 013 NEP_19-2_field105d 367.625155328 58689.2551475707 18.087642 65.014167 344.15005 352.284332
20190726 015 NEP_19-2_field111c 428.49738368 58690.2100658985 17.931342 65.014167 344.166267 352.292439
20190726 016 NEP_19-2_field108b 368.049654016 58690.227124955 18.023886 65 343.971955 352.195254
20190726 017 NEP_19-2_field106b 368.349250048 58690.2435154202 18.076733 65 343.971955 352.195254
20190726 018 NEP_19-2_field106a 429.12692352 58690.2608914599 18.074497 65 343.971755 352.195154
20190727 017 NEP_19-2_field111a 368.449135104 58691.2038636263 17.929108 65 343.970154 352.194353
20190727 018 NEP_19-2_field111b 369.549851904 58691.2198520326 17.931342 65 343.969954 352.194253
20190728 015 NEP_19-2_field111b 427.427033856 58692.2003981411 17.931342 65 343.969754 352.194153
20190728 016 NEP_19-2_field110d 368.073274624 58692.2173203896 17.968808 65.014167 344.144646 352.28163
20190728 017 NEP_19-2_field106c 368.026864128 58692.2335459888 18.076733 65.014167 344.144646 352.28163
20190728 018 NEP_19-2_field106d 428.649357824 58692.2510248017 18.074497 65.014167 344.144446 352.28153
20190730 003 NEP_19-2_field107b 368.249617664 58694.2378357728 18.037033 65 343.971755 352.195154
20190730 004 NEP_19-2_field107a 427.799199744 58694.2565582804 18.034797 65 343.971755 352.195154
20190731 018 NEP_19-2_field107c 367.323414272 58695.2352578049 18.037033 65.014167 344.167267 352.292939
20190731 019 NEP_19-2_field107d 488.899795712 58695.2553179655 18.034797 65.014167 344.15025 352.284432
20190802 014 NEP_19-2_field110c 548.199951616 58697.1928341123 17.971042 65.014167 344.151853 352.285233
20190802 015 NEP_19-2_field108a 367.999194112 58697.2112420234 18.021653 65 343.970556 352.194554
20190802 016 NEP_19-2_field108c 368.299714816 58697.2277584434 18.023886 65.014167 344.145646 352.28213
20190802 017 NEP_19-2_field108d 548.49924224 58697.248401525 18.021653 65.014167 344.145446 352.28203
20190803 014 NEP_19-2_field110b 368.370085376 58698.1899754843 17.971042 65 343.970556 352.194554
20190803 015 NEP_19-2_field109b 368.280237824 58698.2058829023 17.984186 65 343.970556 352.194554
20190803 016 NEP_19-2_field109a 368.599305472 58698.2220896943 17.981953 65 343.970556 352.194554
20190803 017 NEP_19-2_field109c 428.151153664 58698.2399084955 17.984186 65.014167 344.144244 352.281429
20190805 014 NEP_19-2_field117b 367.826888192 58700.2128257747 18.165553 64.8 341.632796 351.01742
20190805 015 NEP_19-2_field117a 428.401780224 58700.2312707142 18.163333 64.8 341.632796 351.01742
20190806 015 NEP_19-2_field117c 549.276845568 58701.2485959027 18.165553 64.814167 341.789077 351.09659
20190822 014 NEP_19-2_field108b 368.272079872 58717.1534824474 18.023886 65 343.969155 352.193853
20190825 014 NEP_19-2_field109d_000_W 367.549234432 58720.1410775767 17.981953 65.014167 344.215125 352.31686
20190825 015 NEP_19-2_field109d 195.825094144 58720.1594925383 17.981953 65.014167 344.151653 352.285133
20190825 016 NEP_19-2_field113b 547.749176832 58720.1781898821 17.878497 65 343.969155 352.193853
20190827 012 NEP_19-2_field117d_000_W 488.172797184 58722.1943713618 18.163333 64.814167 341.893454 351.150265
20190924 008 NEP_19-3_field1b 489.321918464 58750.1036129161 18.125553 64.8 341.630582 351.017148
20190926 003 NEP_19-3_field2a_000_W 428.204990464 58752.107527155 18.110286 64.8 341.73173 351.068393
20190927 010 NEP_19-3_field1a 488.329875968 58753.1045501749 18.123333 64.8 341.63374 351.018749
20190928 012 NEP_19-3_field2b_000_W 367.799902976 58754.1021737629 18.112503 64.8 341.729556 351.067292
