20180712 015 NEP_18-2_field1a_000_E 58311.2437762758 18.256667 66 0.00795 521.689529774
20180712 017 NEP_18-2_field1b_000_E 58311.2821403337 18.258989 66 0.008993 582.956025563
20180715 008 NEP_18-2_field1c_000_E 58314.241003897 18.258989 66.014167 0.007741 462.235562493
20180717 012 NEP_18-2_field1d_000_E 58316.2553329724 18.256667 66.014167 0.008158 462.914170723
20180717 013 NEP_18-2_field2a_000_E 58316.2765959827 18.243008 66 0.008158 582.212466464
20180805 009 NEP_18-3_field20d_000_E 58335.1543775834 17.710314 66.014167 0.011494 403.80427258
20180805 010 NEP_18-3_field4a_000_E 58335.1710259626 18.183819 66 0.011494 402.383842279
20180806 009 NEP_18-3_field18d_000_E 58336.1556005389 17.7695 66.014167 0.011494 403.354685011
20180806 010 NEP_18-3_field4c_000_E 58336.1721713487 18.186142 66.014167 0.011286 403.38132396
20180806 011 NEP_18-3_field2b_000_E 58336.1905694208 18.245331 66 0.011286 462.686353724
20180807 007 NEP_18-3_field19a_000_E 58337.1446511685 17.723972 66 0.010869 522.98065089
20180807 008 NEP_18-3_field4b_000_E 58337.1647285428 18.186142 66 0.010659 463.375701581
20180807 009 NEP_18-3_field2c_000_E 58337.1847395236 18.245331 66.014167 0.010451 523.155840202
20180808 009 NEP_18-3_field2d_000_E 58338.1813559709 18.243008 66.014167 0.00941 463.33010886
20180831 003 NEP_18-3_field3b_000_E 58361.1542911404 18.1998 66 0.008368 401.532959706
20180904 009 NEP_18-3_field3a_000_E 58365.1294383509 18.197478 66 0.00795 462.655297045
20180910 008 NEP_18-3_field3d_000_E 58371.1202686206 18.197478 66.014167 0.011702 582.036052545
20180911 011 NEP_18-3_field3c_000_E 58372.117186504 18.1998 66.014167 0.012743 583.834340337
20180912 008 NEP_18-3_field5a_000_E 58373.1188145895 18.138289 66 0.009826 521.900876863
20180913 008 NEP_18-3_field5b_000_E 58374.1154863234 18.140611 66 0.00941 523.520661817
20190501 029 NEP_19-2_field2b_000_E 58604.4429238299 18.086661 66.003594 0.01316 404.62585697
20190504 029 NEP_19-2_field4a_000_E 58607.4463877948 18.029422 66.003594 0.01191 404.50136771
20190506 016 NEP_19-2_field2d_000_E 58609.4406929608 18.084339 66.017761 0.010242 404.522005073
20190508 025 NEP_19-2_field2c_000_E 58611.4299617764 18.086661 66.017761 0.012119 405.752448469
20190509 015 NEP_19-2_field3b_000_E 58612.4383262442 18.045406 66.003594 0.010869 464.247925118
20190529 026 NEP_19-2_field3c_000_E 58632.4008987267 18.045406 66.017761 0.016912 583.626527898
20190530 022 NEP_19-2_field5d_000_E 58633.382649458 17.988167 66.017761 0.008785 464.50146968
20190530 023 NEP_19-2_field13b_000_E 58633.4025279447 18.093625 65.835 0.008576 523.597960144
20190603 006 NEP_19-2_field3c_000_E 58637.3650317527 18.045406 66.017761 0.011077 585.200381034
20190603 007 NEP_19-2_field3c_000_E 58637.3895988124 18.045406 66.017761 0.010869 525.169707742
20190604 009 NEP_19-2_field3c_000_E 58638.3743838426 18.045406 66.017761 0.009826 584.250021898
20190606 025 NEP_19-2_field104a_000_W 58640.3579443507 18.127342 65 344.011763 403.884924515
20190606 026 NEP_19-2_field102b 58640.3742474313 18.182422 65 343.964555 404.377659001
20190606 027 NEP_19-2_field102c 58640.3907787632 18.182422 65.014167 344.148648 405.805133076
20190606 028 NEP_19-2_field102d 58640.4097537929 18.180189 65.014167 344.148648 464.749259257
20190607 020 NEP_19-2_field103d 58641.3372361828 18.140489 65.014167 344.148048 583.975834462
20190607 021 NEP_19-2_field103c 58641.355528425 18.142722 65.014167 344.148048 405.642666044
20190607 022 NEP_19-2_field103b 58641.3717915048 18.142722 65 343.970356 404.943637342
20190608 024 NEP_19-2_field110a 58642.3493187302 17.968808 65 343.970556 405.01774089
20190608 025 NEP_19-2_field103a 58642.365163831 18.140489 65 343.970556 405.691565704
20190609 021 NEP_19-2_field105a 58643.3373254281 18.087642 65 343.969554 404.11798594
20190609 022 NEP_19-2_field104d 58643.3536957321 18.127342 65.014167 344.15005 404.277104474
20190609 023 NEP_19-2_field104b 58643.3695721552 18.129578 65 343.969554 405.036294801
20190612 015 NEP_19-2_field104c_000_W 58646.3783113272 18.129578 65.014167 344.199706 405.707901202
20190627 014 NEP_19-2_field113a 58661.2933841143 17.876261 65 343.970755 584.881275
20190627 015 NEP_19-2_field105b 58661.3147722115 18.089878 65 343.970755 557.264381604
20190629 019 NEP_19-2_field112d_000_W 58663.2938123485 17.915961 65.014167 344.142443 405.269051483
20190701 021 NEP_19-2_field112c 58665.2769081742 17.918197 65.014167 344.147448 464.202572075
20190706 015 NEP_19-2_field112a 58670.2607543804 17.915961 65 343.968355 405.179435016
20190724 016 NEP_19-2_field112b 58688.2233205903 17.918197 65 343.968155 404.602626196
20190724 017 NEP_19-2_field105b 58688.2396288896 18.089878 65 343.968355 404.882932772
20190725 011 NEP_19-2_field111d 58689.2228017985 17.929108 65.014167 344.15005 405.524492054
20190725 012 NEP_19-2_field105c 58689.2391289999 18.089878 65.014167 344.15005 405.406434973
20190725 013 NEP_19-2_field105d 58689.2551475707 18.087642 65.014167 344.15005 404.073087763
20190726 015 NEP_19-2_field111c 58690.2100658985 17.931342 65.014167 344.166267 468.851453623
20190726 016 NEP_19-2_field108b 58690.227124955 18.023886 65 343.971955 408.577847581
20190726 017 NEP_19-2_field106b 58690.2435154202 18.076733 65 343.971955 408.203469295
20190726 018 NEP_19-2_field106a 58690.2608914599 18.074497 65 343.971755 470.511841996
20190727 017 NEP_19-2_field111a 58691.2038636263 17.929108 65 343.970154 409.076937001
20190727 018 NEP_19-2_field111b 58691.2198520326 17.931342 65 343.969954 409.703791489
20190728 015 NEP_19-2_field111b 58692.2003981411 17.931342 65 343.969754 468.677102422
20190728 016 NEP_19-2_field110d 58692.2173203896 17.968808 65.014167 344.144646 407.97689222
20190728 017 NEP_19-2_field106c 58692.2335459888 18.076733 65.014167 344.144646 407.550447999
20190728 018 NEP_19-2_field106d 58692.2510248017 18.074497 65.014167 344.144446 468.499303692
20190730 003 NEP_19-2_field107b 58694.2378357728 18.037033 65 343.971755 407.652921232
20190730 004 NEP_19-2_field107a 58694.2565582804 18.034797 65 343.971755 466.526138057
20190731 018 NEP_19-2_field107c 58695.2352578049 18.037033 65.014167 344.167267 407.734119484
20190731 019 NEP_19-2_field107d 58695.2553179655 18.034797 65.014167 344.15025 528.667271921
20190802 014 NEP_19-2_field110c 58697.1928341123 17.971042 65.014167 344.151853 588.225851662
20190802 015 NEP_19-2_field108a 58697.2112420234 18.021653 65 343.970556 408.228858779
20190802 016 NEP_19-2_field108c 58697.2277584434 18.023886 65.014167 344.145646 408.608197613
20190802 017 NEP_19-2_field108d 58697.248401525 18.021653 65.014167 344.145446 588.420964078
20190803 014 NEP_19-2_field110b 58698.1899754843 17.971042 65 343.970556 409.381206417
20190803 015 NEP_19-2_field109b 58698.2058829023 17.984186 65 343.970556 407.678725763
20190803 016 NEP_19-2_field109a 58698.2220896943 17.981953 65 343.970556 408.975339587
20190803 017 NEP_19-2_field109c 58698.2399084955 17.984186 65.014167 344.144244 468.207940943
20190805 014 NEP_19-2_field117b 58700.2128257747 18.165553 64.8 341.632796 408.02213394
20190805 015 NEP_19-2_field117a 58700.2312707142 18.163333 64.8 341.632796 469.551666228
20190806 015 NEP_19-2_field117c 58701.2485959027 18.165553 64.814167 341.789077 590.100282266
20190822 014 NEP_19-2_field108b 58717.1534824474 18.023886 65 343.969155 409.291795721
20190825 014 NEP_19-2_field109d_000_W 58720.1410775767 17.981953 65.014167 344.215125 407.580350223
20190825 015 NEP_19-2_field109d 58720.1594925383 17.981953 65.014167 344.151653 235.861249331
20190825 016 NEP_19-2_field113b 58720.1781898821 17.878497 65 343.969155 587.127249326
20190827 012 NEP_19-2_field117d_000_W 58722.1943713618 18.163333 64.814167 341.893454 528.418782717
20190924 008 NEP_19-3_field1b 58750.1036129161 18.125553 64.8 341.630582 530.804211519
20190926 003 NEP_19-3_field2a_000_W 58752.107527155 18.110286 64.8 341.73173 468.426831255
20190927 010 NEP_19-3_field1a 58753.1045501749 18.123333 64.8 341.63374 527.916741538
20190928 012 NEP_19-3_field2b_000_W 58754.1021737629 18.112503 64.8 341.729556 407.903050808
20200421 021 NEP_20-2_field1b 58960.4404121814 18.252333 65.809997 0.012318 466.550443639
20200425 026 NEP_20-2_field3c 58964.4280541795 18.180022 65.824164 0.028992 467.42242324
20200425 027 NEP_20-2_field1c 58964.4463890707 18.252333 65.824164 0.028783 467.524322483
20200427 024 NEP_20-2_field5a 58966.4049320468 18.105408 65.809997 0.017736 468.625128156
20200427 025 NEP_20-2_field1a 58966.4251325824 18.250028 65.809997 0.017528 528.171741125
20200427 026 NEP_20-2_field2b 58966.4434033311 18.216178 65.809997 0.017528 407.100289635
20200502 022 NEP_20-2_field3b 58971.4082497163 18.180022 65.809997 0.018571 466.302529587
20200502 023 NEP_20-2_field1d 58971.4252215987 18.250028 65.824164 0.018571 406.602168014
20200502 024 NEP_20-2_field4d 58971.4417380197 18.141564 65.824164 0.018363 407.851830474
20200503 012 NEP_20-2_field2c 58972.4256536425 18.216178 65.824164 0.011068 407.575598893
20200516 021 NEP_20-2_field2d 58985.364938146 18.213872 65.824164 0.011901 456.101784652
20200517 016 NEP_20-2_field2a 58986.3695891718 18.213872 65.809997 0.01065 519.484530728
20200518 021 NEP_20-2_field3a 58987.3596296771 18.177719 65.809997 0.012318 468.799927205
20200518 022 NEP_20-2_field3d 58987.3766908157 18.177719 65.824164 0.012318 409.729678242
20200518 023 NEP_20-2_field4a 58987.3940918166 18.141564 65.809997 0.012109 407.801323996
20200522 023 NEP_20-2_N_field1b 58991.3474682034 18.041489 67.712997 0.01086 407.504032558
20200522 024 NEP_20-2_N_field1a 58991.3635878675 18.039 67.712997 0.01065 406.877252021
20200522 025 NEP_20-2_N_field1c 58991.3803027244 18.041489 67.727164 0.01065 407.177998179
20200522 026 NEP_20-2_N_field1d 58991.3974960134 18.039 67.727164 0.010441 407.825528672
20180808 026 SSA22_field6d_000_W 58338.3904648926 22.308192 0.542778 208.964027 402.033355128
20180905 016 SSA22_fieldE1a_000_E 58366.2013780363 22.280642 0.391833 151.48678 462.156345115
20180910 012 SSA22_fieldE4d_000_E 58371.2092621606 22.296261 0.308456 151.736289 523.808461393
20180911 012 SSA22_fieldE2a_000_E 58372.1893162038 22.287192 0.443956 151.329109 525.234075757
20180911 013 SSA22_fieldE4c_000_E 58372.2103961837 22.295428 0.301817 151.756175 522.834252591
20180912 011 SSA22_fieldE1b_000_E 58373.1855524061 22.279808 0.385192 151.507544 584.803789253
20180912 012 SSA22_fieldE3d_000_E 58373.2079332019 22.289711 0.256333 151.893783 524.207688267
20180913 010 SSA22_fieldE2b_000_E 58374.18883648 22.286356 0.437317 151.352139 464.043215585
20180914 009 SSA22_fieldE1c_000_E 58375.1828100756 22.28025 0.372678 151.542154 402.806875886
20180929 007 SSA22_fieldE1d_000_E 58390.1374600516 -999999.9 -999999.9 -999999.9 461.907226484
20180930 007 SSA22_fieldE2c_000_E 58391.1366198263 -999999.9 -999999.9 -999999.9 461.880411087
20181001 009 SSA22_fieldE4a_000_E 58392.1325699179 22.295817 0.320969 151.699783 464.156540473
20181001 010 SSA22_fieldE4b_000_E 58392.1511789775 22.294983 0.314331 151.721539 461.778288912
20181002 006 SSA22_fieldE3a_000_E 58393.133358432 22.289267 0.268847 151.857662 462.683952573
20181003 007 SSA22_fieldE3a_000_E 58394.1249180222 22.289267 0.268847 151.860679 463.553233561
20181003 008 SSA22_fieldE3b_000_E 58394.1445882292 22.288433 0.262208 151.878943 462.531078784
20181004 006 SSA22_fieldE2d_000_E 58395.122079534 22.287633 0.431442 151.369963 462.957981754
20181004 007 SSA22_fieldE3c_000_E 58395.1409273888 22.288878 0.249692 151.91474 463.929972323
20181005 007 SSA22_fieldE6d_000_E 58396.1434558984 22.304886 0.185472 152.111418 463.882311941
20181008 013 SSA22_fieldE5a_000_E 58399.1392474254 22.297894 0.145861 152.23287 401.954666905
20181012 013 SSA22_fieldE5d_000_E 58403.1265789312 22.298339 0.133347 152.271325 523.736265252
20181027 007 SSA22_fieldE5a_000_E 58418.0766132474 22.297894 0.145861 152.231891 465.182051825
20181030 011 SSA22_fieldE5b_000_E 58421.0747214505 22.297061 0.139222 152.250341 463.331943009
20190805 017 SSA22_fieldE5c 58700.2982093445 22.297503 0.126708 152.585195 468.125297424
20190806 017 SSA22_fieldE6a 58701.2954933685 22.304444 0.197986 152.364502 468.523663417
20190807 012 SSA22_fieldE6b 58702.2840297944 22.303611 0.191344 152.385085 408.000676757
20190807 013 SSA22_fieldE6c 58702.3033539196 22.304053 0.178831 152.423724 526.600154446
20190808 013 SSA22_fieldE7a 58703.2909474913 22.302864 0.535828 151.357837 407.304085246
20190825 018 SSA22_fieldE7b 58720.2310263747 22.302031 0.529189 151.369719 467.500842251
20190825 019 SSA22_fieldE7c 58720.2481577424 22.302475 0.516675 151.401218 407.549911232
20190826 009 SSA22_fieldE7d 58721.2309813858 22.303308 0.523314 151.382775 408.523645387
20190826 010 SSA22_fieldE8a 58721.2477475083 22.311514 0.412217 151.70951 407.878996733
20190827 014 SSA22_fieldE8b 58722.2271949644 22.310678 0.405578 151.734527 467.270171362
20190827 015 SSA22_fieldE8c 58722.2451173025 22.311122 0.393064 151.771609 409.352627265
20190831 007 SSA22_fieldE8d 58726.229170193 22.311956 0.399703 151.750908 521.552043306
20190901 011 SSA22_fieldE9a 58727.2356660562 22.320161 0.288606 152.085253 408.65311704
20190902 005 SSA22_fieldE8d 58728.2171117435 22.311956 0.399703 151.750908 407.747780536
20190902 006 SSA22_fieldE9b 58728.235162633 22.319328 0.281967 152.105162 470.102918772
20190923 008 SSA22_fieldE9c_000_E 58749.1582912956 22.319772 0.269453 151.841631 407.400871748
20190924 010 SSA22_fieldE9c 58750.159572361 22.319772 0.269453 152.148414 588.298171787
20190926 004 SSA22_fieldE9d 58752.1443948396 22.320606 0.276092 152.12638 408.351788935
20190926 005 SSA22_fieldE10a 58752.1609869818 22.309414 0.587953 151.190837 407.804246385
20190927 012 SSA22_fieldE10b 58753.1413383093 22.308581 0.581311 151.210033 407.253691156
20191018 011 SSA22_fieldE10c_000_E 58774.08568097 22.309022 0.568797 150.952869 408.275744967
20191018 013 SSA22_fieldE12d_000_E 58774.1039940612 22.327156 0.328217 151.662984 408.102601732
20191027 012 SSA22_fieldE12c_000_E 58783.0810323427 22.326319 0.321575 151.685391 406.651400622
20191028 010 SSA22_fieldE12b_000_E 58784.0812936514 22.325878 0.334089 151.647016 406.651102006
20200118 023 3C273_000_E 58866.4255146147 12.485194 2.052389 147.441292 340.772637296
20200126 037 3C273_000_W 58874.5229582312 12.485194 2.052389 212.560587 347.794750025
20200215 028 3C273_000_W 58894.4710305296 12.485194 2.052389 212.558205 348.477251088
