run_shifts.sh 20180901 008 15.813897 42.837659 1
run_shifts.sh 20180901 009 21.516 11.94 0
run_shifts.sh 20180901 014 23.43082 15.928285 0
run_shifts.sh 20180901 015 23.436112 15.947045 0
run_shifts.sh 20180901 016 23.43717 15.972401 0
run_shifts.sh 20180901 017 23.438166 15.996202 0
run_shifts.sh 20180901 018 19.182816 45.995792 1
run_shifts.sh 20180901 019 19.416822 44.374616 1
run_shifts.sh 20180901 020 19.701224 44.538704 1
run_shifts.sh 20180901 021 1.541233 40.941935 0
run_shifts.sh 20180901 022 2.129739 13.534886 0
run_shifts.sh 20180901 023 2.135044 13.54871 0
run_shifts.sh 20180901 024 2.125052 13.58233 0
run_shifts.sh 20180901 025 2.126615 13.566537 0
run_shifts.sh 20180901 026 2.128178 13.550722 0
run_shifts.sh 20180901 027 2.315035 3.423485 0
run_shifts.sh 20180901 028 2.317219 3.378793 0
run_shifts.sh 20180901 029 2.318307 3.356402 0
run_shifts.sh 20180901 030 2.319392 3.33398 0
run_shifts.sh 20180901 031 0.384853 3.106927 1
run_shifts.sh 20180903 007 15.589933 35.619583 1
run_shifts.sh 20180903 008 15.81418 42.865293 1
run_shifts.sh 20180903 009 21.484667 12.42 0
run_shifts.sh 20180903 015 3.222576 15.031442 0
run_shifts.sh 20180903 016 2.841193 0.107528 0
run_shifts.sh 20180903 017 2.841193 0.107528 0
run_shifts.sh 20180904 008 15.446232 28.8566 1
run_shifts.sh 20180904 009 18.197478 66 0
run_shifts.sh 20180904 010 17.630637 53.87758 1
run_shifts.sh 20180904 011 19.119748 63.429461 1
run_shifts.sh 20180904 016 0.384853 3.106927 1
run_shifts.sh 20180904 017 3.889249 -0.108208 0
run_shifts.sh 20180904 018 3.894216 -0.132882 0
run_shifts.sh 20180904 019 3.892557 -0.145289 0
run_shifts.sh 20180904 020 3.902494 -0.070329 0
run_shifts.sh 20180905 009 15.446717 28.829536 1
run_shifts.sh 20180905 010 18.240486 64.913806 1
run_shifts.sh 20180905 011 21.499333 12.49 0
run_shifts.sh 20180905 016 22.280642 0.391833 0
run_shifts.sh 20180905 017 22.289267 0.268847 0
run_shifts.sh 20180905 018 20.166765 8.258237 1
run_shifts.sh 20180905 019 23.87784 1.054856 0
run_shifts.sh 20180905 024 0.558667 0 0
run_shifts.sh 20180905 025 0.630667 0 0
run_shifts.sh 20180905 026 2.129739 13.534886 0
run_shifts.sh 20180905 027 2.135044 13.54871 0
run_shifts.sh 20180905 028 2.134195 13.726174 0
run_shifts.sh 20180905 029 2.841193 0.107528 0
run_shifts.sh 20180905 030 2.821069 -1.017302 0
run_shifts.sh 20180905 031 3.892559 -0.083326 0
run_shifts.sh 20180905 032 3.895024 -0.033529 0
run_shifts.sh 20180905 033 3.897471 0.016471 0
run_shifts.sh 20180905 034 3.900814 -0.020519 0
run_shifts.sh 20180906 012 15.88293 53.549356 1
run_shifts.sh 20180906 013 15.88293 53.549356 1
run_shifts.sh 20180906 014 19.119748 63.429461 1
run_shifts.sh 20180906 015 18.00238 42.223675 1
run_shifts.sh 20180910 008 18.197478 66.014167 0
run_shifts.sh 20180910 009 21.497333 11.84 0
run_shifts.sh 20180910 010 19.119592 63.42878 1
run_shifts.sh 20180910 011 22.279808 0.385192 0
run_shifts.sh 20180910 012 22.296261 0.308456 0
run_shifts.sh 20180910 013 21.532815 0.312139 1
run_shifts.sh 20180910 014 21.532815 0.312139 1
run_shifts.sh 20180910 015 0.576667 0 0
run_shifts.sh 20180910 016 1.045333 0 0
run_shifts.sh 20180910 017 1.476667 0 0
run_shifts.sh 20180910 018 1.783333 0 0
run_shifts.sh 20180910 020 2.344667 -0.15 0
run_shifts.sh 20180910 021 2.452667 -0.15 0
run_shifts.sh 20180910 022 0.74 0 1
run_shifts.sh 20180910 023 1.296667 0 1
run_shifts.sh 20180910 024 1.915333 0.32 1
run_shifts.sh 20180911 011 18.1998 66.014167 0
run_shifts.sh 20180911 012 22.287192 0.443956 0
run_shifts.sh 20180911 013 22.295428 0.301817 0
run_shifts.sh 20180911 014 19.039943 39.043077 1
run_shifts.sh 20180911 015 21.532815 0.312139 1
run_shifts.sh 20180911 016 0.742667 -0.15 0
run_shifts.sh 20180911 017 1.153333 0 0
run_shifts.sh 20180911 018 1.496667 0 0
run_shifts.sh 20180911 019 2.016667 0 0
run_shifts.sh 20180911 020 2.142667 0 0
run_shifts.sh 20180911 021 2.434667 -0.15 0
run_shifts.sh 20180911 022 0.74 0 1
run_shifts.sh 20180911 023 1.296667 0 1
run_shifts.sh 20180911 024 1.552667 0.15 1
run_shifts.sh 20180911 025 1.73 0 1
run_shifts.sh 20180911 026 2.326667 0.15 1
run_shifts.sh 20180912 008 18.138289 66 0
run_shifts.sh 20180912 009 21.531935 0.221342 0
run_shifts.sh 20180912 010 20.459346 -4.532705 1
run_shifts.sh 20180912 011 22.279808 0.385192 0
run_shifts.sh 20180912 012 22.289711 0.256333 0
run_shifts.sh 20180912 013 20.118625 7.676302 1
run_shifts.sh 20180912 014 19.282044 41.789657 1
run_shifts.sh 20180912 017 0.612667 0 0
run_shifts.sh 20180912 018 1.063333 0 0
run_shifts.sh 20180912 019 1.333333 0 0
run_shifts.sh 20180912 020 1.894667 -0.15 0
run_shifts.sh 20180912 021 2.290667 -0.15 0
run_shifts.sh 20180912 022 2.416667 -0.15 0
run_shifts.sh 20180912 023 0.709333 0.32 1
run_shifts.sh 20180912 025 1.069333 0.32 1
run_shifts.sh 20180912 026 1.465333 0.32 1
run_shifts.sh 20180912 027 1.861333 0.32 1
run_shifts.sh 20180912 028 2.257333 0.32 1
run_shifts.sh 20180913 008 18.140611 66 0
run_shifts.sh 20180913 009 20.459346 -4.532705 1
run_shifts.sh 20180913 010 22.286356 0.437317 0
run_shifts.sh 20180913 011 23.43082 15.928284 0
run_shifts.sh 20180913 012 19.212451 46.675149 1
run_shifts.sh 20180913 017 0.967548 -0.538689 0
run_shifts.sh 20180913 018 2.200667 -0.15 0
run_shifts.sh 20180913 019 2.398667 -0.15 0
run_shifts.sh 20180913 020 1.158933 -0.58796 1
run_shifts.sh 20180913 021 2.233333 -0.01 1
run_shifts.sh 20180913 022 2.359333 -0.01 1
run_shifts.sh 20180913 024 5.772386 -0.132399 0
run_shifts.sh 20180914 008 21.531935 0.221342 0
run_shifts.sh 20180914 009 22.28025 0.372678 0
run_shifts.sh 20180914 010 22.304886 0.185472 0
run_shifts.sh 20180914 015 1.717333 0.32 1
run_shifts.sh 20180914 016 2.149333 0.32 1
run_shifts.sh 20180914 017 2.455333 0.32 1
run_shifts.sh 20180914 018 5.772386 -0.132399 0
run_shifts.sh 20180915 012 19.146968 42.022071 1
run_shifts.sh 20180915 013 19.433255 42.204184 1
run_shifts.sh 20180915 014 1.498667 -0.15 0
run_shifts.sh 20180915 015 1.966667 -0.15 0
run_shifts.sh 20180915 016 2.362667 -0.15 0
run_shifts.sh 20180915 017 0.580667 0.15 1
run_shifts.sh 20180915 018 1.012667 0.15 1
run_shifts.sh 20180915 019 1.357333 0.32 1
run_shifts.sh 20180915 020 1.807333 0.32 1
run_shifts.sh 20180915 021 1.807333 0.32 1
run_shifts.sh 20180915 022 2.269333 -0.01 1
run_shifts.sh 20180915 023 2.437333 0.32 1
run_shifts.sh 20180918 001 18.546219 41.483687 1
run_shifts.sh 20180923 012 18.020848 48.778765 1
run_shifts.sh 20180923 013 18.050885 46.241606 1
run_shifts.sh 20180923 014 18.518562 41.751319 1
run_shifts.sh 20180923 015 19.273599 40.500301 1
run_shifts.sh 20180923 016 3.10873 -0.075411 1
run_shifts.sh 20180924 008 23.43082 15.928284 0
run_shifts.sh 20180924 009 19.433255 42.204184 1
run_shifts.sh 20180924 010 19.578108 41.690657 1
run_shifts.sh 20180924 011 21.399999 11.155489 1
run_shifts.sh 20180924 012 21.399417 11.077254 1
