rpbias 013 202003 412
rpbias 014 202003 411
rpbias 015 202003 410
rpbias 016 202003 409
rpbias 021 202003 315
rpbias 022 202003 316
rpbias 023 202003 313
rpbias 024 202003 317
rpbias 025 202003 303
rpbias 026 202003 318
rpbias 027 202003 314
rpbias 028 202003 413
rpbias 030 202003 420
rpbias 031 202003 408
rpbias 032 202003 320
rpbias 033 202003 310
rpbias 034 202003 305
rpbias 035 202003 202
rpbias 036 202003 302
rpbias 037 202003 306
rpbias 038 202003 414
rpbias 040 202003 419
rpbias 041 202003 407
rpbias 042 202003 321
rpbias 043 202003 323
rpbias 044 202003 304
rpbias 045 202003 312
rpbias 046 202003 309
rpbias 047 202003 308
rpbias 048 202003 415
rpbias 052 202003 301
rpbias 053 202003 311
rpbias 057 202003 418
rpbias 058 202003 416
rpbias 062 202003 319
rpbias 063 202003 041
rpbias 067 202003 025
rpbias 068 202003 417
rpbias 069 202003 421
rpbias 071 202003 406
rpbias 072 202003 405
rpbias 073 202003 404
rpbias 074 202003 403
rpbias 075 202003 324
rpbias 076 202003 325
rpbias 077 202003 402
rpbias 078 202003 422
rpbias 079 202003 401
rpbias 081 202003 327
rpbias 082 202003 326
rpbias 083 202003 328
rpbias 084 202003 322
rpbias 085 202003 307
rpbias 086 202003 203
rpbias 087 202003 204
rpbias 088 202003 329
rpbias 091 202003 205
rpbias 092 202003 330
rpbias 093 202003 008
rpbias 094 202003 032
rpbias 095 202003 020
rpbias 096 202003 038
rpbias 097 202003 017
rpbias 098 202003 027
rpbias 103 202003 013
rpbias 104 202003 016
rpbias 105 202003 051
rpbias 106 202003 012
