rpbias 013 202310 412
rpbias 014 202310 411
rpbias 015 202310 317
rpbias 016 202310 409
rpbias 021 202310 315
rpbias 022 202310 316
rpbias 023 202310 313
rpbias 024 202310 410
rpbias 025 202310 303
rpbias 026 202310 318
rpbias 027 202310 314
rpbias 028 202310 413
rpbias 030 202310 420
rpbias 031 202310 408
rpbias 032 202310 320
rpbias 033 202310 310
rpbias 034 202310 305
rpbias 035 202310 202
rpbias 036 202310 302
rpbias 037 202310 306
rpbias 038 202310 414
rpbias 039 202310 424
rpbias 040 202310 419
rpbias 041 202310 407
rpbias 042 202310 321
rpbias 043 202310 323
rpbias 044 202310 304
rpbias 045 202310 312
rpbias 046 202310 309
rpbias 047 202310 308
rpbias 048 202310 415
rpbias 049 202310 425
rpbias 050 202310 504
rpbias 051 202310 503
rpbias 052 202310 301
rpbias 053 202310 311
rpbias 057 202310 418
rpbias 058 202310 416
rpbias 059 202310 508
rpbias 060 202310 206
rpbias 061 202310 427
rpbias 062 202310 319
rpbias 063 202310 511
rpbias 067 202310 025
rpbias 068 202310 417
rpbias 069 202310 421
rpbias 070 202310 502
rpbias 071 202310 406
rpbias 072 202310 405
rpbias 073 202310 404
rpbias 074 202310 403
rpbias 075 202310 324
rpbias 076 202310 325
rpbias 077 202310 402
rpbias 078 202310 422
rpbias 079 202310 401
rpbias 080 202310 501
rpbias 081 202310 327
rpbias 082 202310 326
rpbias 083 202310 328
rpbias 084 202310 322
rpbias 085 202310 307
rpbias 086 202310 203
rpbias 087 202310 204
rpbias 088 202310 329
rpbias 089 202310 423
rpbias 091 202310 205
rpbias 092 202310 330
rpbias 093 202310 507
rpbias 094 202310 509
rpbias 095 202310 426
rpbias 096 202310 510
rpbias 097 202310 505
rpbias 098 202310 027
rpbias 103 202310 514
rpbias 104 202310 512
rpbias 105 202310 513
rpbias 106 202310 506
