rpsci1kg 013 202108 412
rpsci1kg 014 202108 411
rpsci1kg 015 202108 317
rpsci1kg 016 202108 409
rpsci1kg 021 202108 315
rpsci1kg 022 202108 316
rpsci1kg 023 202108 313
rpsci1kg 024 202108 410
rpsci1kg 025 202108 303
rpsci1kg 026 202108 318
rpsci1kg 027 202108 314
rpsci1kg 028 202108 413
rpsci1kg 030 202108 420
rpsci1kg 031 202108 408
rpsci1kg 032 202108 320
rpsci1kg 033 202108 310
rpsci1kg 034 202108 305
rpsci1kg 035 202108 202
rpsci1kg 036 202108 302
rpsci1kg 037 202108 306
rpsci1kg 038 202108 414
rpsci1kg 039 202108 424
rpsci1kg 040 202108 419
rpsci1kg 041 202108 407
rpsci1kg 042 202108 321
rpsci1kg 043 202108 323
rpsci1kg 044 202108 304
rpsci1kg 045 202108 312
rpsci1kg 046 202108 309
rpsci1kg 047 202108 308
rpsci1kg 048 202108 415
rpsci1kg 049 202108 425
rpsci1kg 050 202108 504
rpsci1kg 051 202108 503
rpsci1kg 052 202108 301
rpsci1kg 053 202108 311
rpsci1kg 057 202108 418
rpsci1kg 058 202108 416
rpsci1kg 059 202108 508
rpsci1kg 060 202108 206
rpsci1kg 061 202108 427
rpsci1kg 062 202108 319
rpsci1kg 063 202108 041
rpsci1kg 067 202108 025
rpsci1kg 068 202108 417
rpsci1kg 069 202108 421
rpsci1kg 070 202108 502
rpsci1kg 071 202108 406
rpsci1kg 072 202108 405
rpsci1kg 073 202108 404
rpsci1kg 074 202108 403
rpsci1kg 075 202108 324
rpsci1kg 076 202108 325
rpsci1kg 077 202108 402
rpsci1kg 078 202108 422
rpsci1kg 079 202108 401
rpsci1kg 080 202108 501
rpsci1kg 081 202108 327
rpsci1kg 082 202108 326
rpsci1kg 083 202108 328
rpsci1kg 084 202108 322
rpsci1kg 085 202108 307
rpsci1kg 086 202108 203
rpsci1kg 087 202108 204
rpsci1kg 088 202108 329
rpsci1kg 089 202108 423
rpsci1kg 091 202108 205
rpsci1kg 092 202108 330
rpsci1kg 093 202108 507
rpsci1kg 094 202108 032
rpsci1kg 094 202108 509
rpsci1kg 095 202108 426
rpsci1kg 096 202108 038
rpsci1kg 097 202108 505
rpsci1kg 098 202108 027
rpsci1kg 103 202108 013
rpsci1kg 104 202108 016
rpsci1kg 105 202108 051
rpsci1kg 106 202108 506
