rgetcal0 013 201912 412
rgetcal0 014 201912 411
rgetcal0 015 201912 317
rgetcal0 016 201912 409
rgetcal0 021 201912 315
rgetcal0 022 201912 316
rgetcal0 023 201912 313
rgetcal0 024 201912 410
rgetcal0 025 201912 303
rgetcal0 026 201912 318
rgetcal0 027 201912 314
rgetcal0 028 201912 413
rgetcal0 031 201912 408
rgetcal0 032 201912 320
rgetcal0 033 201912 310
rgetcal0 034 201912 305
rgetcal0 035 201912 202
rgetcal0 036 201912 302
rgetcal0 037 201912 306
rgetcal0 038 201912 414
rgetcal0 041 201912 407
rgetcal0 042 201912 321
rgetcal0 043 201912 323
rgetcal0 044 201912 304
rgetcal0 045 201912 312
rgetcal0 046 201912 309
rgetcal0 047 201912 308
rgetcal0 048 201912 415
rgetcal0 052 201912 301
rgetcal0 053 201912 311
rgetcal0 062 201912 319
rgetcal0 063 201912 041
rgetcal0 067 201912 025
rgetcal0 071 201912 406
rgetcal0 072 201912 405
rgetcal0 073 201912 404
rgetcal0 074 201912 403
rgetcal0 075 201912 324
rgetcal0 076 201912 325
rgetcal0 077 201912 402
rgetcal0 081 201912 327
rgetcal0 082 201912 326
rgetcal0 083 201912 328
rgetcal0 084 201912 322
rgetcal0 085 201912 307
rgetcal0 086 201912 203
rgetcal0 087 201912 204
rgetcal0 088 201912 329
rgetcal0 091 201912 205
rgetcal0 092 201912 330
rgetcal0 093 201912 008
rgetcal0 094 201912 032
rgetcal0 095 201912 020
rgetcal0 096 201912 038
rgetcal0 097 201912 017
rgetcal0 098 201912 027
rgetcal0 103 201912 013
rgetcal0 104 201912 016
rgetcal0 105 201912 051
rgetcal0 106 201912 012
