rgetcal2 013 201912 412
rgetcal2 014 201912 411
rgetcal2 015 201912 317
rgetcal2 016 201912 409
rgetcal2 021 201912 315
rgetcal2 022 201912 316
rgetcal2 023 201912 313
rgetcal2 024 201912 410
rgetcal2 025 201912 303
rgetcal2 026 201912 318
rgetcal2 027 201912 314
rgetcal2 028 201912 413
rgetcal2 031 201912 408
rgetcal2 032 201912 320
rgetcal2 033 201912 310
rgetcal2 034 201912 305
rgetcal2 035 201912 202
rgetcal2 036 201912 302
rgetcal2 037 201912 306
rgetcal2 038 201912 414
rgetcal2 041 201912 407
rgetcal2 042 201912 321
rgetcal2 043 201912 323
rgetcal2 044 201912 304
rgetcal2 045 201912 312
rgetcal2 046 201912 309
rgetcal2 047 201912 308
rgetcal2 048 201912 415
rgetcal2 052 201912 301
rgetcal2 053 201912 311
rgetcal2 062 201912 319
rgetcal2 063 201912 041
rgetcal2 067 201912 025
rgetcal2 071 201912 406
rgetcal2 072 201912 405
rgetcal2 073 201912 404
rgetcal2 074 201912 403
rgetcal2 075 201912 324
rgetcal2 076 201912 325
rgetcal2 077 201912 402
rgetcal2 081 201912 327
rgetcal2 082 201912 326
rgetcal2 083 201912 328
rgetcal2 084 201912 322
rgetcal2 085 201912 307
rgetcal2 086 201912 203
rgetcal2 087 201912 204
rgetcal2 088 201912 329
rgetcal2 091 201912 205
rgetcal2 092 201912 330
rgetcal2 093 201912 008
rgetcal2 094 201912 032
rgetcal2 095 201912 020
rgetcal2 096 201912 038
rgetcal2 097 201912 017
rgetcal2 098 201912 027
rgetcal2 103 201912 013
rgetcal2 104 201912 016
rgetcal2 105 201912 051
rgetcal2 106 201912 012
