rpsci 013 202309 412
rpsci 014 202309 411
rpsci 015 202309 317
rpsci 016 202309 409
rpsci 021 202309 315
rpsci 022 202309 316
rpsci 023 202309 313
rpsci 024 202309 410
rpsci 025 202309 303
rpsci 026 202309 318
rpsci 027 202309 314
rpsci 028 202309 413
rpsci 030 202309 420
rpsci 031 202309 408
rpsci 032 202309 320
rpsci 033 202309 310
rpsci 034 202309 305
rpsci 035 202309 202
rpsci 036 202309 302
rpsci 037 202309 306
rpsci 038 202309 414
rpsci 039 202309 424
rpsci 040 202309 419
rpsci 041 202309 407
rpsci 042 202309 321
rpsci 043 202309 323
rpsci 044 202309 304
rpsci 045 202309 312
rpsci 046 202309 309
rpsci 047 202309 308
rpsci 048 202309 415
rpsci 049 202309 425
rpsci 050 202309 504
rpsci 051 202309 503
rpsci 052 202309 301
rpsci 053 202309 311
rpsci 057 202309 418
rpsci 058 202309 416
rpsci 059 202309 508
rpsci 060 202309 206
rpsci 061 202309 427
rpsci 062 202309 319
rpsci 063 202309 511
rpsci 067 202309 025
rpsci 068 202309 417
rpsci 069 202309 421
rpsci 070 202309 502
rpsci 071 202309 406
rpsci 072 202309 405
rpsci 073 202309 404
rpsci 074 202309 403
rpsci 075 202309 324
rpsci 076 202309 325
rpsci 077 202309 402
rpsci 078 202309 422
rpsci 079 202309 401
rpsci 080 202309 501
rpsci 081 202309 327
rpsci 082 202309 326
rpsci 083 202309 328
rpsci 084 202309 322
rpsci 085 202309 307
rpsci 086 202309 203
rpsci 087 202309 204
rpsci 088 202309 329
rpsci 089 202309 423
rpsci 091 202309 205
rpsci 092 202309 330
rpsci 093 202309 507
rpsci 094 202309 509
rpsci 095 202309 426
rpsci 096 202309 510
rpsci 097 202309 505
rpsci 098 202309 027
rpsci 103 202309 514
rpsci 104 202309 512
rpsci 105 202309 513
rpsci 106 202309 506
rptwi0kg 013 202309 412
rptwi0kg 014 202309 411
rptwi0kg 015 202309 317
rptwi0kg 016 202309 409
rptwi0kg 021 202309 315
rptwi0kg 022 202309 316
rptwi0kg 023 202309 313
rptwi0kg 024 202309 410
rptwi0kg 025 202309 303
rptwi0kg 026 202309 318
rptwi0kg 027 202309 314
rptwi0kg 028 202309 413
rptwi0kg 030 202309 420
rptwi0kg 031 202309 408
rptwi0kg 032 202309 320
rptwi0kg 033 202309 310
rptwi0kg 034 202309 305
rptwi0kg 035 202309 202
rptwi0kg 036 202309 302
rptwi0kg 037 202309 306
rptwi0kg 038 202309 414
rptwi0kg 039 202309 424
rptwi0kg 040 202309 419
rptwi0kg 041 202309 407
rptwi0kg 042 202309 321
rptwi0kg 043 202309 323
rptwi0kg 044 202309 304
rptwi0kg 045 202309 312
rptwi0kg 046 202309 309
rptwi0kg 047 202309 308
rptwi0kg 048 202309 415
rptwi0kg 049 202309 425
rptwi0kg 050 202309 504
rptwi0kg 051 202309 503
rptwi0kg 052 202309 301
rptwi0kg 053 202309 311
rptwi0kg 057 202309 418
rptwi0kg 058 202309 416
rptwi0kg 059 202309 508
rptwi0kg 060 202309 206
rptwi0kg 061 202309 427
rptwi0kg 062 202309 319
rptwi0kg 063 202309 511
rptwi0kg 067 202309 025
rptwi0kg 068 202309 417
rptwi0kg 069 202309 421
rptwi0kg 070 202309 502
rptwi0kg 071 202309 406
rptwi0kg 072 202309 405
rptwi0kg 073 202309 404
rptwi0kg 074 202309 403
rptwi0kg 075 202309 324
rptwi0kg 076 202309 325
rptwi0kg 077 202309 402
rptwi0kg 078 202309 422
rptwi0kg 079 202309 401
rptwi0kg 080 202309 501
rptwi0kg 081 202309 327
rptwi0kg 082 202309 326
rptwi0kg 083 202309 328
rptwi0kg 084 202309 322
rptwi0kg 085 202309 307
rptwi0kg 086 202309 203
rptwi0kg 087 202309 204
rptwi0kg 088 202309 329
rptwi0kg 089 202309 423
rptwi0kg 091 202309 205
rptwi0kg 092 202309 330
rptwi0kg 093 202309 507
rptwi0kg 094 202309 509
rptwi0kg 095 202309 426
rptwi0kg 096 202309 510
rptwi0kg 097 202309 505
rptwi0kg 098 202309 027
rptwi0kg 103 202309 514
rptwi0kg 104 202309 512
rptwi0kg 105 202309 513
rptwi0kg 106 202309 506
