rpsci 013 202310 412
rpsci 014 202310 411
rpsci 015 202310 317
rpsci 016 202310 409
rpsci 021 202310 315
rpsci 022 202310 316
rpsci 023 202310 313
rpsci 024 202310 410
rpsci 025 202310 303
rpsci 026 202310 318
rpsci 027 202310 314
rpsci 028 202310 413
rpsci 030 202310 420
rpsci 031 202310 408
rpsci 032 202310 320
rpsci 033 202310 310
rpsci 034 202310 305
rpsci 035 202310 202
rpsci 036 202310 302
rpsci 037 202310 306
rpsci 038 202310 414
rpsci 039 202310 424
rpsci 040 202310 419
rpsci 041 202310 407
rpsci 042 202310 321
rpsci 043 202310 323
rpsci 044 202310 304
rpsci 045 202310 312
rpsci 046 202310 309
rpsci 047 202310 308
rpsci 048 202310 415
rpsci 049 202310 425
rpsci 050 202310 504
rpsci 051 202310 503
rpsci 052 202310 301
rpsci 053 202310 311
rpsci 057 202310 418
rpsci 058 202310 416
rpsci 059 202310 508
rpsci 060 202310 206
rpsci 061 202310 427
rpsci 062 202310 319
rpsci 063 202310 511
rpsci 067 202310 025
rpsci 068 202310 417
rpsci 069 202310 421
rpsci 070 202310 502
rpsci 071 202310 406
rpsci 072 202310 405
rpsci 073 202310 404
rpsci 074 202310 403
rpsci 075 202310 324
rpsci 076 202310 325
rpsci 077 202310 402
rpsci 078 202310 422
rpsci 079 202310 401
rpsci 080 202310 501
rpsci 081 202310 327
rpsci 082 202310 326
rpsci 083 202310 328
rpsci 084 202310 322
rpsci 085 202310 307
rpsci 086 202310 203
rpsci 087 202310 204
rpsci 088 202310 329
rpsci 089 202310 423
rpsci 091 202310 205
rpsci 092 202310 330
rpsci 093 202310 507
rpsci 094 202310 509
rpsci 095 202310 426
rpsci 096 202310 510
rpsci 097 202310 505
rpsci 098 202310 027
rpsci 103 202310 514
rpsci 104 202310 512
rpsci 105 202310 513
rpsci 106 202310 506
rptwi0kg 013 202310 412
rptwi0kg 014 202310 411
rptwi0kg 015 202310 317
rptwi0kg 016 202310 409
rptwi0kg 021 202310 315
rptwi0kg 022 202310 316
rptwi0kg 023 202310 313
rptwi0kg 024 202310 410
rptwi0kg 025 202310 303
rptwi0kg 026 202310 318
rptwi0kg 027 202310 314
rptwi0kg 028 202310 413
rptwi0kg 030 202310 420
rptwi0kg 031 202310 408
rptwi0kg 032 202310 320
rptwi0kg 033 202310 310
rptwi0kg 034 202310 305
rptwi0kg 035 202310 202
rptwi0kg 036 202310 302
rptwi0kg 037 202310 306
rptwi0kg 038 202310 414
rptwi0kg 039 202310 424
rptwi0kg 040 202310 419
rptwi0kg 041 202310 407
rptwi0kg 042 202310 321
rptwi0kg 043 202310 323
rptwi0kg 044 202310 304
rptwi0kg 045 202310 312
rptwi0kg 046 202310 309
rptwi0kg 047 202310 308
rptwi0kg 048 202310 415
rptwi0kg 049 202310 425
rptwi0kg 050 202310 504
rptwi0kg 051 202310 503
rptwi0kg 052 202310 301
rptwi0kg 053 202310 311
rptwi0kg 057 202310 418
rptwi0kg 058 202310 416
rptwi0kg 059 202310 508
rptwi0kg 060 202310 206
rptwi0kg 061 202310 427
rptwi0kg 062 202310 319
rptwi0kg 063 202310 511
rptwi0kg 067 202310 025
rptwi0kg 068 202310 417
rptwi0kg 069 202310 421
rptwi0kg 070 202310 502
rptwi0kg 071 202310 406
rptwi0kg 072 202310 405
rptwi0kg 073 202310 404
rptwi0kg 074 202310 403
rptwi0kg 075 202310 324
rptwi0kg 076 202310 325
rptwi0kg 077 202310 402
rptwi0kg 078 202310 422
rptwi0kg 079 202310 401
rptwi0kg 080 202310 501
rptwi0kg 081 202310 327
rptwi0kg 082 202310 326
rptwi0kg 083 202310 328
rptwi0kg 084 202310 322
rptwi0kg 085 202310 307
rptwi0kg 086 202310 203
rptwi0kg 087 202310 204
rptwi0kg 088 202310 329
rptwi0kg 089 202310 423
rptwi0kg 091 202310 205
rptwi0kg 092 202310 330
rptwi0kg 093 202310 507
rptwi0kg 094 202310 509
rptwi0kg 095 202310 426
rptwi0kg 096 202310 510
rptwi0kg 097 202310 505
rptwi0kg 098 202310 027
rptwi0kg 103 202310 514
rptwi0kg 104 202310 512
rptwi0kg 105 202310 513
rptwi0kg 106 202310 506
