rsetwave0b 20170116 002 073
rsetwave0b 20170116 002 075
rsetwave0b 20170116 002 076
rsetwave0b 20170116 002 083
rsetwave0b 20170116 002 085
rsetwave0b 20170116 002 086
rsetwave0b 20170116 002 093
rsetwave0b 20170116 002 094
rsetwave0b 20170116 002 095
rsetwave0b 20170116 002 103
rsetwave0b 20170116 002 104
rsetwave0b 20170116 002 105
rsetwave0b 20170116 003 073
rsetwave0b 20170116 003 075
rsetwave0b 20170116 003 076
rsetwave0b 20170116 003 083
rsetwave0b 20170116 003 085
rsetwave0b 20170116 003 086
rsetwave0b 20170116 003 093
rsetwave0b 20170116 003 094
rsetwave0b 20170116 003 095
rsetwave0b 20170116 003 103
rsetwave0b 20170116 003 104
rsetwave0b 20170116 003 105
rsetwave0b 20170118 010 073
rsetwave0b 20170118 010 075
rsetwave0b 20170118 010 076
rsetwave0b 20170118 010 083
rsetwave0b 20170118 010 085
rsetwave0b 20170118 010 086
rsetwave0b 20170118 010 093
rsetwave0b 20170118 010 094
rsetwave0b 20170118 010 095
rsetwave0b 20170118 010 103
rsetwave0b 20170118 010 104
rsetwave0b 20170118 010 105
rsetwave0b 20170118 011 073
rsetwave0b 20170118 011 075
rsetwave0b 20170118 011 076
rsetwave0b 20170118 011 083
rsetwave0b 20170118 011 085
rsetwave0b 20170118 011 086
rsetwave0b 20170118 011 093
rsetwave0b 20170118 011 094
rsetwave0b 20170118 011 095
rsetwave0b 20170118 011 103
rsetwave0b 20170118 011 104
rsetwave0b 20170118 011 105
rsetwave0b 20170118 012 073
rsetwave0b 20170118 012 075
rsetwave0b 20170118 012 076
rsetwave0b 20170118 012 083
rsetwave0b 20170118 012 085
rsetwave0b 20170118 012 086
rsetwave0b 20170118 012 093
rsetwave0b 20170118 012 094
rsetwave0b 20170118 012 095
rsetwave0b 20170118 012 103
rsetwave0b 20170118 012 104
rsetwave0b 20170118 012 105
rsetwave0b 20170225 008 073
rsetwave0b 20170225 008 075
rsetwave0b 20170225 008 076
rsetwave0b 20170225 008 083
rsetwave0b 20170225 008 084
rsetwave0b 20170225 008 085
rsetwave0b 20170225 008 086
rsetwave0b 20170225 008 093
rsetwave0b 20170225 008 094
rsetwave0b 20170225 008 095
rsetwave0b 20170225 008 096
rsetwave0b 20170225 008 103
rsetwave0b 20170225 008 104
rsetwave0b 20170225 008 105
rsetwave0b 20170225 012 073
rsetwave0b 20170225 012 075
rsetwave0b 20170225 012 076
rsetwave0b 20170225 012 083
rsetwave0b 20170225 012 084
rsetwave0b 20170225 012 085
rsetwave0b 20170225 012 086
rsetwave0b 20170225 012 093
rsetwave0b 20170225 012 094
rsetwave0b 20170225 012 095
rsetwave0b 20170225 012 096
rsetwave0b 20170225 012 103
rsetwave0b 20170225 012 104
rsetwave0b 20170225 012 105
rsetwave0b 20170225 013 073
rsetwave0b 20170225 013 075
rsetwave0b 20170225 013 076
rsetwave0b 20170225 013 083
rsetwave0b 20170225 013 084
rsetwave0b 20170225 013 085
rsetwave0b 20170225 013 086
rsetwave0b 20170225 013 093
rsetwave0b 20170225 013 094
rsetwave0b 20170225 013 095
rsetwave0b 20170225 013 096
rsetwave0b 20170225 013 103
rsetwave0b 20170225 013 104
rsetwave0b 20170225 013 105
rsetwave0b 20170228 013 073
rsetwave0b 20170228 013 075
rsetwave0b 20170228 013 076
rsetwave0b 20170228 013 083
rsetwave0b 20170228 013 084
rsetwave0b 20170228 013 085
rsetwave0b 20170228 013 086
rsetwave0b 20170228 013 093
rsetwave0b 20170228 013 094
rsetwave0b 20170228 013 095
rsetwave0b 20170228 013 096
rsetwave0b 20170228 013 103
rsetwave0b 20170228 013 104
rsetwave0b 20170228 013 105
rsetwave0b 20170228 013 106
rsetwave0b 20170228 014 073
rsetwave0b 20170228 014 075
rsetwave0b 20170228 014 076
rsetwave0b 20170228 014 083
rsetwave0b 20170228 014 084
rsetwave0b 20170228 014 085
rsetwave0b 20170228 014 086
rsetwave0b 20170228 014 093
rsetwave0b 20170228 014 094
rsetwave0b 20170228 014 095
rsetwave0b 20170228 014 096
rsetwave0b 20170228 014 103
rsetwave0b 20170228 014 104
rsetwave0b 20170228 014 105
rsetwave0b 20170228 014 106
rsetwave0b 20170228 015 073
rsetwave0b 20170228 015 075
rsetwave0b 20170228 015 076
rsetwave0b 20170228 015 083
rsetwave0b 20170228 015 084
rsetwave0b 20170228 015 085
rsetwave0b 20170228 015 086
rsetwave0b 20170228 015 093
rsetwave0b 20170228 015 094
rsetwave0b 20170228 015 095
rsetwave0b 20170228 015 096
rsetwave0b 20170228 015 103
rsetwave0b 20170228 015 104
rsetwave0b 20170228 015 105
rsetwave0b 20170228 015 106
rsetwave0b 20170228 016 073
rsetwave0b 20170228 016 075
rsetwave0b 20170228 016 076
rsetwave0b 20170228 016 083
rsetwave0b 20170228 016 084
rsetwave0b 20170228 016 085
rsetwave0b 20170228 016 086
rsetwave0b 20170228 016 093
rsetwave0b 20170228 016 094
rsetwave0b 20170228 016 095
rsetwave0b 20170228 016 096
rsetwave0b 20170228 016 103
rsetwave0b 20170228 016 104
rsetwave0b 20170228 016 105
rsetwave0b 20170228 016 106
rsetwave0b 20170228 017 073
rsetwave0b 20170228 017 075
rsetwave0b 20170228 017 076
rsetwave0b 20170228 017 083
rsetwave0b 20170228 017 084
rsetwave0b 20170228 017 085
rsetwave0b 20170228 017 086
rsetwave0b 20170228 017 093
rsetwave0b 20170228 017 094
rsetwave0b 20170228 017 095
rsetwave0b 20170228 017 096
rsetwave0b 20170228 017 103
rsetwave0b 20170228 017 104
rsetwave0b 20170228 017 105
rsetwave0b 20170228 017 106
rsetwave0b 20170228 018 073
rsetwave0b 20170228 018 075
rsetwave0b 20170228 018 076
rsetwave0b 20170228 018 083
rsetwave0b 20170228 018 084
rsetwave0b 20170228 018 085
rsetwave0b 20170228 018 086
rsetwave0b 20170228 018 093
rsetwave0b 20170228 018 094
rsetwave0b 20170228 018 095
rsetwave0b 20170228 018 096
rsetwave0b 20170228 018 103
rsetwave0b 20170228 018 104
rsetwave0b 20170228 018 105
rsetwave0b 20170228 018 106
rsetwave0b 20170228 019 073
rsetwave0b 20170228 019 075
rsetwave0b 20170228 019 076
rsetwave0b 20170228 019 083
rsetwave0b 20170228 019 084
rsetwave0b 20170228 019 085
rsetwave0b 20170228 019 086
rsetwave0b 20170228 019 093
rsetwave0b 20170228 019 094
rsetwave0b 20170228 019 095
rsetwave0b 20170228 019 096
rsetwave0b 20170228 019 103
rsetwave0b 20170228 019 104
rsetwave0b 20170228 019 105
rsetwave0b 20170228 019 106
rsetwave0b 20170228 020 073
rsetwave0b 20170228 020 075
rsetwave0b 20170228 020 076
rsetwave0b 20170228 020 083
rsetwave0b 20170228 020 084
rsetwave0b 20170228 020 085
rsetwave0b 20170228 020 086
rsetwave0b 20170228 020 093
rsetwave0b 20170228 020 094
rsetwave0b 20170228 020 095
rsetwave0b 20170228 020 096
rsetwave0b 20170228 020 103
rsetwave0b 20170228 020 104
rsetwave0b 20170228 020 105
rsetwave0b 20170228 020 106
rsetwave0b 20170228 021 073
rsetwave0b 20170228 021 075
rsetwave0b 20170228 021 076
rsetwave0b 20170228 021 083
rsetwave0b 20170228 021 084
rsetwave0b 20170228 021 085
rsetwave0b 20170228 021 086
rsetwave0b 20170228 021 093
rsetwave0b 20170228 021 094
rsetwave0b 20170228 021 095
rsetwave0b 20170228 021 096
rsetwave0b 20170228 021 103
rsetwave0b 20170228 021 104
rsetwave0b 20170228 021 105
rsetwave0b 20170228 021 106
rsetwave0b 20170228 022 073
rsetwave0b 20170228 022 075
rsetwave0b 20170228 022 076
rsetwave0b 20170228 022 083
rsetwave0b 20170228 022 084
rsetwave0b 20170228 022 085
rsetwave0b 20170228 022 086
rsetwave0b 20170228 022 093
rsetwave0b 20170228 022 094
rsetwave0b 20170228 022 095
rsetwave0b 20170228 022 096
rsetwave0b 20170228 022 103
rsetwave0b 20170228 022 104
rsetwave0b 20170228 022 105
rsetwave0b 20170228 022 106
rsetwave0b 20170228 023 073
rsetwave0b 20170228 023 075
rsetwave0b 20170228 023 076
rsetwave0b 20170228 023 083
rsetwave0b 20170228 023 084
rsetwave0b 20170228 023 085
rsetwave0b 20170228 023 086
rsetwave0b 20170228 023 093
rsetwave0b 20170228 023 094
rsetwave0b 20170228 023 095
rsetwave0b 20170228 023 096
rsetwave0b 20170228 023 103
rsetwave0b 20170228 023 104
rsetwave0b 20170228 023 105
rsetwave0b 20170228 023 106
rsetwave0b 20170228 024 073
rsetwave0b 20170228 024 075
rsetwave0b 20170228 024 076
rsetwave0b 20170228 024 083
rsetwave0b 20170228 024 084
rsetwave0b 20170228 024 085
rsetwave0b 20170228 024 086
rsetwave0b 20170228 024 093
rsetwave0b 20170228 024 094
rsetwave0b 20170228 024 095
rsetwave0b 20170228 024 096
rsetwave0b 20170228 024 103
rsetwave0b 20170228 024 104
rsetwave0b 20170228 024 105
rsetwave0b 20170228 024 106
rsetwave0b 20170228 025 073
rsetwave0b 20170228 025 075
rsetwave0b 20170228 025 076
rsetwave0b 20170228 025 083
rsetwave0b 20170228 025 084
rsetwave0b 20170228 025 085
rsetwave0b 20170228 025 086
rsetwave0b 20170228 025 093
rsetwave0b 20170228 025 094
rsetwave0b 20170228 025 095
rsetwave0b 20170228 025 096
rsetwave0b 20170228 025 103
rsetwave0b 20170228 025 104
rsetwave0b 20170228 025 105
rsetwave0b 20170228 025 106
rsetwave0b 20170228 026 073
rsetwave0b 20170228 026 075
rsetwave0b 20170228 026 076
rsetwave0b 20170228 026 083
rsetwave0b 20170228 026 084
rsetwave0b 20170228 026 085
rsetwave0b 20170228 026 086
rsetwave0b 20170228 026 093
rsetwave0b 20170228 026 094
rsetwave0b 20170228 026 095
rsetwave0b 20170228 026 096
rsetwave0b 20170228 026 103
rsetwave0b 20170228 026 104
rsetwave0b 20170228 026 105
rsetwave0b 20170228 026 106
rsetwave0b 20170228 027 073
rsetwave0b 20170228 027 075
rsetwave0b 20170228 027 076
rsetwave0b 20170228 027 083
rsetwave0b 20170228 027 084
rsetwave0b 20170228 027 085
rsetwave0b 20170228 027 086
rsetwave0b 20170228 027 093
rsetwave0b 20170228 027 094
rsetwave0b 20170228 027 095
rsetwave0b 20170228 027 096
rsetwave0b 20170228 027 103
rsetwave0b 20170228 027 104
rsetwave0b 20170228 027 105
rsetwave0b 20170228 027 106
rsetwave0b 20170228 028 073
rsetwave0b 20170228 028 075
rsetwave0b 20170228 028 076
rsetwave0b 20170228 028 083
rsetwave0b 20170228 028 084
rsetwave0b 20170228 028 085
rsetwave0b 20170228 028 086
rsetwave0b 20170228 028 093
rsetwave0b 20170228 028 094
rsetwave0b 20170228 028 095
rsetwave0b 20170228 028 096
rsetwave0b 20170228 028 103
rsetwave0b 20170228 028 104
rsetwave0b 20170228 028 105
rsetwave0b 20170228 028 106
rsetwave0b 20170316 004 095
rsetwave0b 20170316 004 103
rsetwave0b 20170316 004 106
rsetwave0b 20170516 012 084
rsetwave0b 20170516 012 085
rsetwave0b 20170516 012 094
rsetwave0b 20170516 012 095
rsetwave0b 20170516 012 096
rsetwave0b 20170516 013 076
rsetwave0b 20170516 013 085
rsetwave0b 20170516 013 094
rsetwave0b 20170516 013 095
rsetwave0b 20170711 011 074
rsetwave0b 20170711 011 075
rsetwave0b 20170711 011 076
rsetwave0b 20170711 011 083
rsetwave0b 20170711 011 084
rsetwave0b 20170711 011 085
rsetwave0b 20170711 011 086
rsetwave0b 20170711 011 093
rsetwave0b 20170711 011 094
rsetwave0b 20170711 011 095
rsetwave0b 20170711 011 096
rsetwave0b 20170711 011 103
rsetwave0b 20170711 011 104
rsetwave0b 20170711 011 105
rsetwave0b 20170711 012 074
rsetwave0b 20170711 012 075
rsetwave0b 20170711 012 076
rsetwave0b 20170711 012 083
rsetwave0b 20170711 012 084
rsetwave0b 20170711 012 085
rsetwave0b 20170711 012 086
rsetwave0b 20170711 012 093
rsetwave0b 20170711 012 094
rsetwave0b 20170711 012 095
rsetwave0b 20170711 012 096
rsetwave0b 20170711 012 103
rsetwave0b 20170711 012 104
rsetwave0b 20170711 012 105
rsetwave0b 20170713 003 103
rsetwave0b 20170713 004 095
rsetwave0b 20170713 004 103
rsetwave0b 20170713 005 103
rsetwave0b 20170803 018 076
rsetwave0b 20170803 019 076
rsetwave0b 20170803 020 076
rsetwave0b 20170803 021 076
rsetwave0b 20170803 022 076
rsetwave0b 20170803 023 076
rsetwave0b 20170803 024 076
rsetwave0b 20170803 025 076
rsetwave0b 20170803 026 076
rsetwave0b 20170803 027 076
rsetwave0b 20170803 028 076
rsetwave0b 20170803 029 076
rsetwave0b 20170803 030 076
rsetwave0b 20170803 031 076
rsetwave0b 20170803 032 076
rsetwave0b 20170803 033 076
rsetwave0b 20170803 034 076
rsetwave0b 20170803 035 076
rsetwave0b 20170803 036 076
rsetwave0b 20170803 037 076
rsetwave0b 20170803 038 076
rsetwave0b 20170803 038 085
rsetwave0b 20170803 038 095
rsetwave0b 20170803 039 076
rsetwave0b 20170803 039 085
rsetwave0b 20170803 040 076
rsetwave0b 20170803 040 085
rsetwave0b 20170803 041 076
rsetwave0b 20170803 041 085
rsetwave0b 20180408 017 022
rsetwave0b 20180408 017 023
rsetwave0b 20180408 017 024
rsetwave0b 20180408 017 026
rsetwave0b 20180408 017 032
rsetwave0b 20180408 017 033
rsetwave0b 20180408 017 034
rsetwave0b 20180408 017 035
rsetwave0b 20180408 017 036
rsetwave0b 20180408 017 037
rsetwave0b 20180408 017 042
rsetwave0b 20180408 017 043
rsetwave0b 20180408 017 044
rsetwave0b 20180408 017 045
rsetwave0b 20180408 017 046
rsetwave0b 20180408 017 047
rsetwave0b 20180408 017 053
rsetwave0b 20180408 017 073
rsetwave0b 20180408 017 074
rsetwave0b 20180408 017 076
rsetwave0b 20180408 017 083
rsetwave0b 20180408 017 084
rsetwave0b 20180408 017 085
rsetwave0b 20180408 017 086
rsetwave0b 20180408 017 093
rsetwave0b 20180408 017 094
rsetwave0b 20180408 017 095
rsetwave0b 20180408 017 096
rsetwave0b 20180408 017 103
rsetwave0b 20180408 017 104
rsetwave0b 20180408 017 105
rsetwave0b 20180408 017 106
rsetwave0b 20180408 018 022
rsetwave0b 20180408 018 023
rsetwave0b 20180408 018 024
rsetwave0b 20180408 018 026
rsetwave0b 20180408 018 032
rsetwave0b 20180408 018 033
rsetwave0b 20180408 018 034
rsetwave0b 20180408 018 035
rsetwave0b 20180408 018 036
rsetwave0b 20180408 018 037
rsetwave0b 20180408 018 042
rsetwave0b 20180408 018 043
rsetwave0b 20180408 018 044
rsetwave0b 20180408 018 045
rsetwave0b 20180408 018 046
rsetwave0b 20180408 018 047
rsetwave0b 20180408 018 053
rsetwave0b 20180408 018 073
rsetwave0b 20180408 018 074
rsetwave0b 20180408 018 076
rsetwave0b 20180408 018 083
rsetwave0b 20180408 018 084
rsetwave0b 20180408 018 085
rsetwave0b 20180408 018 086
rsetwave0b 20180408 018 093
rsetwave0b 20180408 018 094
rsetwave0b 20180408 018 095
rsetwave0b 20180408 018 096
rsetwave0b 20180408 018 103
rsetwave0b 20180408 018 104
rsetwave0b 20180408 018 105
rsetwave0b 20180408 018 106
rsetwave0b 20180408 019 022
rsetwave0b 20180408 019 023
rsetwave0b 20180408 019 024
rsetwave0b 20180408 019 026
rsetwave0b 20180408 019 032
rsetwave0b 20180408 019 033
rsetwave0b 20180408 019 034
rsetwave0b 20180408 019 035
rsetwave0b 20180408 019 036
rsetwave0b 20180408 019 037
rsetwave0b 20180408 019 042
rsetwave0b 20180408 019 043
rsetwave0b 20180408 019 044
rsetwave0b 20180408 019 045
rsetwave0b 20180408 019 046
rsetwave0b 20180408 019 047
rsetwave0b 20180408 019 053
rsetwave0b 20180408 019 073
rsetwave0b 20180408 019 074
rsetwave0b 20180408 019 076
rsetwave0b 20180408 019 083
rsetwave0b 20180408 019 084
rsetwave0b 20180408 019 085
rsetwave0b 20180408 019 086
rsetwave0b 20180408 019 093
rsetwave0b 20180408 019 094
rsetwave0b 20180408 019 095
rsetwave0b 20180408 019 096
rsetwave0b 20180408 019 103
rsetwave0b 20180408 019 104
rsetwave0b 20180408 019 105
rsetwave0b 20180408 019 106
rsetwave0b 20180410 002 022
rsetwave0b 20180410 002 023
rsetwave0b 20180410 002 024
rsetwave0b 20180410 002 026
rsetwave0b 20180410 002 027
rsetwave0b 20180410 002 032
rsetwave0b 20180410 002 033
rsetwave0b 20180410 002 034
rsetwave0b 20180410 002 035
rsetwave0b 20180410 002 036
rsetwave0b 20180410 002 037
rsetwave0b 20180410 002 042
rsetwave0b 20180410 002 043
rsetwave0b 20180410 002 044
rsetwave0b 20180410 002 045
rsetwave0b 20180410 002 046
rsetwave0b 20180410 002 047
rsetwave0b 20180410 002 052
rsetwave0b 20180410 002 053
rsetwave0b 20180410 002 073
rsetwave0b 20180410 002 074
rsetwave0b 20180410 002 076
rsetwave0b 20180410 002 083
rsetwave0b 20180410 002 084
rsetwave0b 20180410 002 085
rsetwave0b 20180410 002 086
rsetwave0b 20180410 002 093
rsetwave0b 20180410 002 094
rsetwave0b 20180410 002 095
rsetwave0b 20180410 002 096
rsetwave0b 20180410 002 103
rsetwave0b 20180410 002 104
rsetwave0b 20180410 002 105
rsetwave0b 20180410 002 106
rsetwave0b 20180410 003 022
rsetwave0b 20180410 003 023
rsetwave0b 20180410 003 024
rsetwave0b 20180410 003 026
rsetwave0b 20180410 003 027
rsetwave0b 20180410 003 032
rsetwave0b 20180410 003 033
rsetwave0b 20180410 003 034
rsetwave0b 20180410 003 035
rsetwave0b 20180410 003 036
rsetwave0b 20180410 003 037
rsetwave0b 20180410 003 042
rsetwave0b 20180410 003 043
rsetwave0b 20180410 003 044
rsetwave0b 20180410 003 045
rsetwave0b 20180410 003 046
rsetwave0b 20180410 003 047
rsetwave0b 20180410 003 052
rsetwave0b 20180410 003 053
rsetwave0b 20180410 003 073
rsetwave0b 20180410 003 074
rsetwave0b 20180410 003 076
rsetwave0b 20180410 003 083
rsetwave0b 20180410 003 084
rsetwave0b 20180410 003 085
rsetwave0b 20180410 003 086
rsetwave0b 20180410 003 093
rsetwave0b 20180410 003 094
rsetwave0b 20180410 003 095
rsetwave0b 20180410 003 096
rsetwave0b 20180410 003 103
rsetwave0b 20180410 003 104
rsetwave0b 20180410 003 105
rsetwave0b 20180410 003 106
rsetwave0b 20180411 021 022
rsetwave0b 20180411 021 023
rsetwave0b 20180411 021 024
rsetwave0b 20180411 021 026
rsetwave0b 20180411 021 027
rsetwave0b 20180411 021 032
rsetwave0b 20180411 021 033
rsetwave0b 20180411 021 034
rsetwave0b 20180411 021 035
rsetwave0b 20180411 021 036
rsetwave0b 20180411 021 037
rsetwave0b 20180411 021 042
rsetwave0b 20180411 021 043
rsetwave0b 20180411 021 044
rsetwave0b 20180411 021 045
rsetwave0b 20180411 021 046
rsetwave0b 20180411 021 047
rsetwave0b 20180411 021 052
rsetwave0b 20180411 021 053
rsetwave0b 20180411 021 073
rsetwave0b 20180411 021 074
rsetwave0b 20180411 021 075
rsetwave0b 20180411 021 076
rsetwave0b 20180411 021 083
rsetwave0b 20180411 021 084
rsetwave0b 20180411 021 085
rsetwave0b 20180411 021 086
rsetwave0b 20180411 021 093
rsetwave0b 20180411 021 094
rsetwave0b 20180411 021 095
rsetwave0b 20180411 021 096
rsetwave0b 20180411 021 103
rsetwave0b 20180411 021 104
rsetwave0b 20180411 021 105
rsetwave0b 20180411 021 106
rsetwave0b 20180412 009 022
rsetwave0b 20180412 009 023
rsetwave0b 20180412 009 024
rsetwave0b 20180412 009 026
rsetwave0b 20180412 009 027
rsetwave0b 20180412 009 032
rsetwave0b 20180412 009 033
rsetwave0b 20180412 009 034
rsetwave0b 20180412 009 035
rsetwave0b 20180412 009 036
rsetwave0b 20180412 009 037
rsetwave0b 20180412 009 042
rsetwave0b 20180412 009 043
rsetwave0b 20180412 009 044
rsetwave0b 20180412 009 045
rsetwave0b 20180412 009 046
rsetwave0b 20180412 009 047
rsetwave0b 20180412 009 052
rsetwave0b 20180412 009 053
rsetwave0b 20180412 009 073
rsetwave0b 20180412 009 074
rsetwave0b 20180412 009 075
rsetwave0b 20180412 009 076
rsetwave0b 20180412 009 083
rsetwave0b 20180412 009 084
rsetwave0b 20180412 009 085
rsetwave0b 20180412 009 086
rsetwave0b 20180412 009 093
rsetwave0b 20180412 009 094
rsetwave0b 20180412 009 095
rsetwave0b 20180412 009 096
rsetwave0b 20180412 009 103
rsetwave0b 20180412 009 104
rsetwave0b 20180412 009 105
rsetwave0b 20180412 009 106
rsetwave0b 20180413 008 022
rsetwave0b 20180413 008 023
rsetwave0b 20180413 008 024
rsetwave0b 20180413 008 026
rsetwave0b 20180413 008 027
rsetwave0b 20180413 008 032
rsetwave0b 20180413 008 033
rsetwave0b 20180413 008 034
rsetwave0b 20180413 008 035
rsetwave0b 20180413 008 036
rsetwave0b 20180413 008 037
rsetwave0b 20180413 008 042
rsetwave0b 20180413 008 043
rsetwave0b 20180413 008 044
rsetwave0b 20180413 008 045
rsetwave0b 20180413 008 046
rsetwave0b 20180413 008 047
rsetwave0b 20180413 008 053
rsetwave0b 20180413 008 073
rsetwave0b 20180413 008 074
rsetwave0b 20180413 008 075
rsetwave0b 20180413 008 076
rsetwave0b 20180413 008 083
rsetwave0b 20180413 008 084
rsetwave0b 20180413 008 085
rsetwave0b 20180413 008 086
rsetwave0b 20180413 008 093
rsetwave0b 20180413 008 094
rsetwave0b 20180413 008 095
rsetwave0b 20180413 008 096
rsetwave0b 20180413 008 103
rsetwave0b 20180413 008 104
rsetwave0b 20180413 008 105
rsetwave0b 20180413 008 106
rsetwave0b 20180414 014 022
rsetwave0b 20180414 014 023
rsetwave0b 20180414 014 024
rsetwave0b 20180414 014 026
rsetwave0b 20180414 014 027
rsetwave0b 20180414 014 032
rsetwave0b 20180414 014 033
rsetwave0b 20180414 014 034
rsetwave0b 20180414 014 035
rsetwave0b 20180414 014 036
rsetwave0b 20180414 014 037
rsetwave0b 20180414 014 042
rsetwave0b 20180414 014 043
rsetwave0b 20180414 014 044
rsetwave0b 20180414 014 045
rsetwave0b 20180414 014 046
rsetwave0b 20180414 014 047
rsetwave0b 20180414 014 053
rsetwave0b 20180414 014 073
rsetwave0b 20180414 014 074
rsetwave0b 20180414 014 075
rsetwave0b 20180414 014 076
rsetwave0b 20180414 014 083
rsetwave0b 20180414 014 084
rsetwave0b 20180414 014 085
rsetwave0b 20180414 014 086
rsetwave0b 20180414 014 093
rsetwave0b 20180414 014 094
rsetwave0b 20180414 014 095
rsetwave0b 20180414 014 096
rsetwave0b 20180414 014 103
rsetwave0b 20180414 014 104
rsetwave0b 20180414 014 105
rsetwave0b 20180414 014 106
rsetwave0b 20180416 013 022
rsetwave0b 20180416 013 023
rsetwave0b 20180416 013 024
rsetwave0b 20180416 013 026
rsetwave0b 20180416 013 027
rsetwave0b 20180416 013 032
rsetwave0b 20180416 013 033
rsetwave0b 20180416 013 034
rsetwave0b 20180416 013 035
rsetwave0b 20180416 013 036
rsetwave0b 20180416 013 037
rsetwave0b 20180416 013 042
rsetwave0b 20180416 013 043
rsetwave0b 20180416 013 045
rsetwave0b 20180416 013 046
rsetwave0b 20180416 013 047
rsetwave0b 20180416 013 053
rsetwave0b 20180416 013 073
rsetwave0b 20180416 013 074
rsetwave0b 20180416 013 075
rsetwave0b 20180416 013 083
rsetwave0b 20180416 013 084
rsetwave0b 20180416 013 085
rsetwave0b 20180416 013 086
rsetwave0b 20180416 013 093
rsetwave0b 20180416 013 094
rsetwave0b 20180416 013 095
rsetwave0b 20180416 013 096
rsetwave0b 20180416 013 103
rsetwave0b 20180416 013 104
rsetwave0b 20180416 013 105
rsetwave0b 20180416 013 106
rsetwave0b 20180417 016 022
rsetwave0b 20180417 016 023
rsetwave0b 20180417 016 024
rsetwave0b 20180417 016 026
rsetwave0b 20180417 016 027
rsetwave0b 20180417 016 032
rsetwave0b 20180417 016 033
rsetwave0b 20180417 016 034
rsetwave0b 20180417 016 035
rsetwave0b 20180417 016 036
rsetwave0b 20180417 016 037
rsetwave0b 20180417 016 042
rsetwave0b 20180417 016 043
rsetwave0b 20180417 016 045
rsetwave0b 20180417 016 046
rsetwave0b 20180417 016 047
rsetwave0b 20180417 016 053
rsetwave0b 20180417 016 073
rsetwave0b 20180417 016 074
rsetwave0b 20180417 016 075
rsetwave0b 20180417 016 083
rsetwave0b 20180417 016 084
rsetwave0b 20180417 016 085
rsetwave0b 20180417 016 086
rsetwave0b 20180417 016 093
rsetwave0b 20180417 016 094
rsetwave0b 20180417 016 095
rsetwave0b 20180417 016 096
rsetwave0b 20180417 016 103
rsetwave0b 20180417 016 104
rsetwave0b 20180417 016 105
rsetwave0b 20180417 016 106
rsetwave0b 20180418 017 022
rsetwave0b 20180418 017 023
rsetwave0b 20180418 017 024
rsetwave0b 20180418 017 026
rsetwave0b 20180418 017 027
rsetwave0b 20180418 017 032
rsetwave0b 20180418 017 033
rsetwave0b 20180418 017 034
rsetwave0b 20180418 017 035
rsetwave0b 20180418 017 036
rsetwave0b 20180418 017 037
rsetwave0b 20180418 017 042
rsetwave0b 20180418 017 043
rsetwave0b 20180418 017 045
rsetwave0b 20180418 017 046
rsetwave0b 20180418 017 047
rsetwave0b 20180418 017 053
rsetwave0b 20180418 017 073
rsetwave0b 20180418 017 074
rsetwave0b 20180418 017 075
rsetwave0b 20180418 017 083
rsetwave0b 20180418 017 084
rsetwave0b 20180418 017 085
rsetwave0b 20180418 017 086
rsetwave0b 20180418 017 093
rsetwave0b 20180418 017 094
rsetwave0b 20180418 017 095
rsetwave0b 20180418 017 096
rsetwave0b 20180418 017 103
rsetwave0b 20180418 017 104
rsetwave0b 20180418 017 105
rsetwave0b 20180418 017 106
rsetwave0b 20180419 007 024
rsetwave0b 20180419 007 027
rsetwave0b 20180419 007 032
rsetwave0b 20180419 007 033
rsetwave0b 20180419 007 034
rsetwave0b 20180419 007 037
rsetwave0b 20180419 007 042
rsetwave0b 20180419 007 043
rsetwave0b 20180419 007 045
rsetwave0b 20180419 007 046
rsetwave0b 20180419 007 073
rsetwave0b 20180419 007 074
rsetwave0b 20180419 007 075
rsetwave0b 20180419 007 083
rsetwave0b 20180419 007 084
rsetwave0b 20180419 007 085
rsetwave0b 20180419 007 086
rsetwave0b 20180419 007 093
rsetwave0b 20180419 007 094
rsetwave0b 20180419 007 095
rsetwave0b 20180419 007 096
rsetwave0b 20180419 007 103
rsetwave0b 20180419 007 104
rsetwave0b 20180419 007 105
rsetwave0b 20180419 007 106
rsetwave0b 20180419 011 024
rsetwave0b 20180419 011 027
rsetwave0b 20180419 011 032
rsetwave0b 20180419 011 033
rsetwave0b 20180419 011 034
rsetwave0b 20180419 011 037
rsetwave0b 20180419 011 042
rsetwave0b 20180419 011 043
rsetwave0b 20180419 011 045
rsetwave0b 20180419 011 046
rsetwave0b 20180419 011 073
rsetwave0b 20180419 011 074
rsetwave0b 20180419 011 075
rsetwave0b 20180419 011 083
rsetwave0b 20180419 011 084
rsetwave0b 20180419 011 085
rsetwave0b 20180419 011 086
rsetwave0b 20180419 011 093
rsetwave0b 20180419 011 094
rsetwave0b 20180419 011 095
rsetwave0b 20180419 011 096
rsetwave0b 20180419 011 103
rsetwave0b 20180419 011 104
rsetwave0b 20180419 011 105
rsetwave0b 20180419 011 106
rsetwave0b 20180420 003 015
rsetwave0b 20180420 003 022
rsetwave0b 20180420 003 023
rsetwave0b 20180420 003 024
rsetwave0b 20180420 003 026
rsetwave0b 20180420 003 027
rsetwave0b 20180420 003 032
rsetwave0b 20180420 003 033
rsetwave0b 20180420 003 034
rsetwave0b 20180420 003 035
rsetwave0b 20180420 003 036
rsetwave0b 20180420 003 037
rsetwave0b 20180420 003 042
rsetwave0b 20180420 003 043
rsetwave0b 20180420 003 044
rsetwave0b 20180420 003 045
rsetwave0b 20180420 003 046
rsetwave0b 20180420 003 047
rsetwave0b 20180420 003 053
rsetwave0b 20180420 003 063
rsetwave0b 20180420 003 073
rsetwave0b 20180420 003 074
rsetwave0b 20180420 003 075
rsetwave0b 20180420 003 076
rsetwave0b 20180420 003 083
rsetwave0b 20180420 003 084
rsetwave0b 20180420 003 085
rsetwave0b 20180420 003 086
rsetwave0b 20180420 003 093
rsetwave0b 20180420 003 094
rsetwave0b 20180420 003 095
rsetwave0b 20180420 003 096
rsetwave0b 20180420 003 103
rsetwave0b 20180420 003 104
rsetwave0b 20180420 003 105
rsetwave0b 20180420 003 106
rsetwave0b 20180421 006 015
rsetwave0b 20180421 006 022
rsetwave0b 20180421 006 023
rsetwave0b 20180421 006 024
rsetwave0b 20180421 006 026
rsetwave0b 20180421 006 027
rsetwave0b 20180421 006 032
rsetwave0b 20180421 006 033
rsetwave0b 20180421 006 034
rsetwave0b 20180421 006 035
rsetwave0b 20180421 006 036
rsetwave0b 20180421 006 037
rsetwave0b 20180421 006 042
rsetwave0b 20180421 006 043
rsetwave0b 20180421 006 044
rsetwave0b 20180421 006 045
rsetwave0b 20180421 006 046
rsetwave0b 20180421 006 047
rsetwave0b 20180421 006 053
rsetwave0b 20180421 006 063
rsetwave0b 20180421 006 073
rsetwave0b 20180421 006 074
rsetwave0b 20180421 006 075
rsetwave0b 20180421 006 076
rsetwave0b 20180421 006 083
rsetwave0b 20180421 006 084
rsetwave0b 20180421 006 085
rsetwave0b 20180421 006 086
rsetwave0b 20180421 006 093
rsetwave0b 20180421 006 094
rsetwave0b 20180421 006 095
rsetwave0b 20180421 006 096
rsetwave0b 20180421 006 103
rsetwave0b 20180421 006 104
rsetwave0b 20180421 006 105
rsetwave0b 20180421 006 106
rsetwave0b 20180423 018 015
rsetwave0b 20180423 018 022
rsetwave0b 20180423 018 023
rsetwave0b 20180423 018 024
rsetwave0b 20180423 018 026
rsetwave0b 20180423 018 027
rsetwave0b 20180423 018 032
rsetwave0b 20180423 018 033
rsetwave0b 20180423 018 034
rsetwave0b 20180423 018 035
rsetwave0b 20180423 018 036
rsetwave0b 20180423 018 037
rsetwave0b 20180423 018 042
rsetwave0b 20180423 018 043
rsetwave0b 20180423 018 044
rsetwave0b 20180423 018 045
rsetwave0b 20180423 018 046
rsetwave0b 20180423 018 047
rsetwave0b 20180423 018 053
rsetwave0b 20180423 018 063
rsetwave0b 20180423 018 073
rsetwave0b 20180423 018 074
rsetwave0b 20180423 018 075
rsetwave0b 20180423 018 076
rsetwave0b 20180423 018 083
rsetwave0b 20180423 018 084
rsetwave0b 20180423 018 085
rsetwave0b 20180423 018 086
rsetwave0b 20180423 018 093
rsetwave0b 20180423 018 094
rsetwave0b 20180423 018 095
rsetwave0b 20180423 018 096
rsetwave0b 20180423 018 104
rsetwave0b 20180423 018 105
rsetwave0b 20180423 018 106
rsetwave0b 20180424 006 015
rsetwave0b 20180424 006 022
rsetwave0b 20180424 006 023
rsetwave0b 20180424 006 024
rsetwave0b 20180424 006 026
rsetwave0b 20180424 006 027
rsetwave0b 20180424 006 032
rsetwave0b 20180424 006 033
rsetwave0b 20180424 006 034
rsetwave0b 20180424 006 035
rsetwave0b 20180424 006 036
rsetwave0b 20180424 006 037
rsetwave0b 20180424 006 042
rsetwave0b 20180424 006 043
rsetwave0b 20180424 006 044
rsetwave0b 20180424 006 045
rsetwave0b 20180424 006 046
rsetwave0b 20180424 006 047
rsetwave0b 20180424 006 053
rsetwave0b 20180424 006 063
rsetwave0b 20180424 006 073
rsetwave0b 20180424 006 074
rsetwave0b 20180424 006 075
rsetwave0b 20180424 006 076
rsetwave0b 20180424 006 083
rsetwave0b 20180424 006 084
rsetwave0b 20180424 006 085
rsetwave0b 20180424 006 086
rsetwave0b 20180424 006 093
rsetwave0b 20180424 006 094
rsetwave0b 20180424 006 095
rsetwave0b 20180424 006 096
rsetwave0b 20180424 006 104
rsetwave0b 20180424 006 105
rsetwave0b 20180424 006 106
rsetwave0b 20180424 007 015
rsetwave0b 20180424 007 022
rsetwave0b 20180424 007 023
rsetwave0b 20180424 007 024
rsetwave0b 20180424 007 026
rsetwave0b 20180424 007 027
rsetwave0b 20180424 007 032
rsetwave0b 20180424 007 033
rsetwave0b 20180424 007 034
rsetwave0b 20180424 007 035
rsetwave0b 20180424 007 036
rsetwave0b 20180424 007 037
rsetwave0b 20180424 007 042
rsetwave0b 20180424 007 043
rsetwave0b 20180424 007 044
rsetwave0b 20180424 007 045
rsetwave0b 20180424 007 046
rsetwave0b 20180424 007 047
rsetwave0b 20180424 007 053
rsetwave0b 20180424 007 063
rsetwave0b 20180424 007 073
rsetwave0b 20180424 007 074
rsetwave0b 20180424 007 075
rsetwave0b 20180424 007 076
rsetwave0b 20180424 007 083
rsetwave0b 20180424 007 084
rsetwave0b 20180424 007 085
rsetwave0b 20180424 007 086
rsetwave0b 20180424 007 093
rsetwave0b 20180424 007 094
rsetwave0b 20180424 007 095
rsetwave0b 20180424 007 096
rsetwave0b 20180424 007 104
rsetwave0b 20180424 007 105
rsetwave0b 20180424 007 106
rsetwave0b 20180424 008 015
rsetwave0b 20180424 008 022
rsetwave0b 20180424 008 023
rsetwave0b 20180424 008 024
rsetwave0b 20180424 008 026
rsetwave0b 20180424 008 027
rsetwave0b 20180424 008 032
rsetwave0b 20180424 008 033
rsetwave0b 20180424 008 034
rsetwave0b 20180424 008 035
rsetwave0b 20180424 008 036
rsetwave0b 20180424 008 037
rsetwave0b 20180424 008 042
rsetwave0b 20180424 008 043
rsetwave0b 20180424 008 044
rsetwave0b 20180424 008 045
rsetwave0b 20180424 008 046
rsetwave0b 20180424 008 047
rsetwave0b 20180424 008 053
rsetwave0b 20180424 008 063
rsetwave0b 20180424 008 073
rsetwave0b 20180424 008 074
rsetwave0b 20180424 008 075
rsetwave0b 20180424 008 076
rsetwave0b 20180424 008 083
rsetwave0b 20180424 008 084
rsetwave0b 20180424 008 085
rsetwave0b 20180424 008 086
rsetwave0b 20180424 008 093
rsetwave0b 20180424 008 094
rsetwave0b 20180424 008 095
rsetwave0b 20180424 008 096
rsetwave0b 20180424 008 104
rsetwave0b 20180424 008 105
rsetwave0b 20180424 008 106
rsetwave0b 20180424 009 015
rsetwave0b 20180424 009 022
rsetwave0b 20180424 009 023
rsetwave0b 20180424 009 024
rsetwave0b 20180424 009 026
rsetwave0b 20180424 009 027
rsetwave0b 20180424 009 032
rsetwave0b 20180424 009 033
rsetwave0b 20180424 009 034
rsetwave0b 20180424 009 035
rsetwave0b 20180424 009 036
rsetwave0b 20180424 009 037
rsetwave0b 20180424 009 042
rsetwave0b 20180424 009 043
rsetwave0b 20180424 009 044
rsetwave0b 20180424 009 045
rsetwave0b 20180424 009 046
rsetwave0b 20180424 009 047
rsetwave0b 20180424 009 053
rsetwave0b 20180424 009 063
rsetwave0b 20180424 009 073
rsetwave0b 20180424 009 074
rsetwave0b 20180424 009 075
rsetwave0b 20180424 009 076
rsetwave0b 20180424 009 083
rsetwave0b 20180424 009 084
rsetwave0b 20180424 009 085
rsetwave0b 20180424 009 086
rsetwave0b 20180424 009 093
rsetwave0b 20180424 009 094
rsetwave0b 20180424 009 095
rsetwave0b 20180424 009 096
rsetwave0b 20180424 009 104
rsetwave0b 20180424 009 105
rsetwave0b 20180424 009 106
rsetwave0b 20180424 010 015
rsetwave0b 20180424 010 022
rsetwave0b 20180424 010 023
rsetwave0b 20180424 010 024
rsetwave0b 20180424 010 026
rsetwave0b 20180424 010 027
rsetwave0b 20180424 010 032
rsetwave0b 20180424 010 033
rsetwave0b 20180424 010 034
rsetwave0b 20180424 010 035
rsetwave0b 20180424 010 036
rsetwave0b 20180424 010 037
rsetwave0b 20180424 010 042
rsetwave0b 20180424 010 043
rsetwave0b 20180424 010 044
rsetwave0b 20180424 010 045
rsetwave0b 20180424 010 046
rsetwave0b 20180424 010 047
rsetwave0b 20180424 010 053
rsetwave0b 20180424 010 063
rsetwave0b 20180424 010 073
rsetwave0b 20180424 010 074
rsetwave0b 20180424 010 075
rsetwave0b 20180424 010 076
rsetwave0b 20180424 010 083
rsetwave0b 20180424 010 084
rsetwave0b 20180424 010 085
rsetwave0b 20180424 010 086
rsetwave0b 20180424 010 093
rsetwave0b 20180424 010 094
rsetwave0b 20180424 010 095
rsetwave0b 20180424 010 096
rsetwave0b 20180424 010 104
rsetwave0b 20180424 010 105
rsetwave0b 20180424 010 106
rsetwave0b 20180424 011 015
rsetwave0b 20180424 011 022
rsetwave0b 20180424 011 023
rsetwave0b 20180424 011 024
rsetwave0b 20180424 011 026
rsetwave0b 20180424 011 027
rsetwave0b 20180424 011 032
rsetwave0b 20180424 011 033
rsetwave0b 20180424 011 034
rsetwave0b 20180424 011 035
rsetwave0b 20180424 011 036
rsetwave0b 20180424 011 037
rsetwave0b 20180424 011 042
rsetwave0b 20180424 011 043
rsetwave0b 20180424 011 044
rsetwave0b 20180424 011 045
rsetwave0b 20180424 011 046
rsetwave0b 20180424 011 047
rsetwave0b 20180424 011 053
rsetwave0b 20180424 011 063
rsetwave0b 20180424 011 073
rsetwave0b 20180424 011 074
rsetwave0b 20180424 011 075
rsetwave0b 20180424 011 076
rsetwave0b 20180424 011 083
rsetwave0b 20180424 011 084
rsetwave0b 20180424 011 085
rsetwave0b 20180424 011 086
rsetwave0b 20180424 011 093
rsetwave0b 20180424 011 094
rsetwave0b 20180424 011 095
rsetwave0b 20180424 011 096
rsetwave0b 20180424 011 104
rsetwave0b 20180424 011 105
rsetwave0b 20180424 011 106
rsetwave0b 20180424 023 015
rsetwave0b 20180424 023 022
rsetwave0b 20180424 023 023
rsetwave0b 20180424 023 024
rsetwave0b 20180424 023 026
rsetwave0b 20180424 023 027
rsetwave0b 20180424 023 032
rsetwave0b 20180424 023 033
rsetwave0b 20180424 023 034
rsetwave0b 20180424 023 035
rsetwave0b 20180424 023 036
rsetwave0b 20180424 023 037
rsetwave0b 20180424 023 042
rsetwave0b 20180424 023 043
rsetwave0b 20180424 023 044
rsetwave0b 20180424 023 045
rsetwave0b 20180424 023 046
rsetwave0b 20180424 023 047
rsetwave0b 20180424 023 053
rsetwave0b 20180424 023 063
rsetwave0b 20180424 023 073
rsetwave0b 20180424 023 074
rsetwave0b 20180424 023 075
rsetwave0b 20180424 023 076
rsetwave0b 20180424 023 083
rsetwave0b 20180424 023 084
rsetwave0b 20180424 023 085
rsetwave0b 20180424 023 086
rsetwave0b 20180424 023 093
rsetwave0b 20180424 023 094
rsetwave0b 20180424 023 095
rsetwave0b 20180424 023 096
rsetwave0b 20180424 023 104
rsetwave0b 20180424 023 105
rsetwave0b 20180424 023 106
rsetwave0b 20180505 011 082
rsetwave0b 20180505 012 082
rsetwave0b 20180505 013 082
rsetwave0b 20180505 014 082
rsetwave0b 20180505 015 082
rsetwave0b 20180506 007 082
rsetwave0b 20180506 014 082
rsetwave0b 20180506 015 082
rsetwave0b 20180506 016 082
rsetwave0b 20180506 017 082
rsetwave0b 20180506 018 082
rsetwave0b 20180506 019 082
rsetwave0b 20180506 020 082
rsetwave0b 20180507 007 082
rsetwave0b 20180507 016 082
rsetwave0b 20180507 017 082
rsetwave0b 20180507 018 082
rsetwave0b 20180507 019 082
rsetwave0b 20180507 020 082
rsetwave0b 20180509 013 082
rsetwave0b 20180510 005 082
rsetwave0b 20180511 012 082
rsetwave0b 20180511 013 082
rsetwave0b 20180513 015 082
rsetwave0b 20180514 008 082
rsetwave0b 20180514 009 082
rsetwave0b 20180514 010 082
rsetwave0b 20180515 004 082
rsetwave0b 20180516 024 082
rsetwave0b 20180516 025 082
rsetwave0b 20180517 004 082
rsetwave0b 20180518 033 082
rsetwave0b 20180520 007 082
rsetwave0b 20180523 014 082
rsetwave0b 20180601 007 082
rsetwave0b 20180601 008 082
rsetwave0b 20180601 009 082
rsetwave0b 20180601 010 082
rsetwave0b 20180601 011 082
rsetwave0b 20180601 012 082
rsetwave0b 20180601 013 082
rsetwave0b 20180601 014 082
rsetwave0b 20180601 015 082
rsetwave0b 20180601 016 082
rsetwave0b 20180601 017 082
rsetwave0b 20180601 018 082
rsetwave0b 20180611 020 082
rsetwave0b 20180612 024 082
rsetwave0b 20180612 025 082
rsetwave0b 20180613 013 082
rsetwave0b 20180614 012 082
rsetwave0b 20180618 020 082
rsetwave0b 20180619 010 053
rsetwave0b 20180619 010 082
rsetwave0b 20180821 014 021
rsetwave0b 20180831 022 036
rsetwave0b 20180901 009 032
rsetwave0b 20180901 009 042
rsetwave0b 20180901 009 043
rsetwave0b 20180901 009 063
rsetwave0b 20180901 014 032
rsetwave0b 20180901 014 042
rsetwave0b 20180901 014 043
rsetwave0b 20180901 014 063
rsetwave0b 20180901 015 032
rsetwave0b 20180901 015 042
rsetwave0b 20180901 015 063
rsetwave0b 20180904 017 032
rsetwave0b 20180904 017 042
rsetwave0b 20180904 017 063
rsetwave0b 20180904 018 032
rsetwave0b 20180904 018 042
rsetwave0b 20180904 018 063
rsetwave0b 20181129 016 024
rsetwave0b 20181228 018 062
rsetwave0b 20181228 019 062
rsetwave0b 20181228 022 062
rsetwave0b 20181231 012 034
rsetwave0b 20181231 012 037
rsetwave0b 20181231 012 062
rsetwave0b 20181231 012 074
rsetwave0b 20181231 014 062
