20180208 007 074 20180207 002
20180208 007 033 20180207 002
20180208 007 075 20180207 002
20180208 007 032 20180207 002
20180208 007 035 20180207 002
20180208 007 105 20180207 002
20180208 007 076 20180207 002
20180208 007 045 20180207 002
20180208 007 046 20180207 002
20180208 007 104 20180207 002
20180208 007 043 20180207 002
20180208 007 106 20180207 002
20180208 007 093 20180207 002
20180208 007 094 20180207 002
20180208 007 044 20180207 002
20180208 007 103 20180207 002
20180208 007 037 20180207 002
20180208 007 034 20180207 002
20180208 007 036 20180207 002
20180208 007 023 20180207 002
20180208 007 083 20180207 002
20180208 007 096 20180207 002
20180208 007 095 20180207 002
20180208 007 073 20180207 002
20180208 007 022 20180207 002
20180208 007 084 20180207 002
20180208 007 085 20180207 002
20180208 007 042 20180207 002
20180208 007 086 20180207 002
20180208 008 043 20180207 002
20180208 008 036 20180207 002
20180208 008 045 20180207 002
20180208 008 074 20180207 002
20180208 008 034 20180207 002
20180208 008 086 20180207 002
20180208 008 083 20180207 002
20180208 008 042 20180207 002
20180208 008 085 20180207 002
20180208 008 075 20180207 002
20180208 008 093 20180207 002
20180208 008 103 20180207 002
20180208 008 046 20180207 002
20180208 008 037 20180207 002
20180208 008 105 20180207 002
20180208 008 076 20180207 002
20180208 008 032 20180207 002
20180208 008 023 20180207 002
20180208 008 096 20180207 002
20180208 008 095 20180207 002
20180208 008 033 20180207 002
20180208 008 044 20180207 002
20180208 008 106 20180207 002
20180208 008 035 20180207 002
20180208 008 073 20180207 002
20180208 008 022 20180207 002
20180208 008 084 20180207 002
20180208 008 104 20180207 002
20180208 008 094 20180207 002
20180208 009 037 20180207 002
20180208 009 093 20180207 002
20180208 009 023 20180207 002
20180208 009 032 20180207 002
20180208 009 033 20180207 002
20180208 009 073 20180207 002
20180208 009 076 20180207 002
20180208 009 042 20180207 002
20180208 009 106 20180207 002
20180208 009 095 20180207 002
20180208 009 105 20180207 002
20180208 009 074 20180207 002
20180208 009 085 20180207 002
20180208 009 075 20180207 002
20180208 009 035 20180207 002
20180208 009 096 20180207 002
20180208 009 094 20180207 002
20180208 009 086 20180207 002
20180208 009 103 20180207 002
20180208 009 034 20180207 002
20180208 009 045 20180207 002
20180208 009 036 20180207 002
20180208 009 043 20180207 002
20180208 009 084 20180207 002
20180208 009 083 20180207 002
20180208 009 046 20180207 002
20180208 009 044 20180207 002
20180208 009 022 20180207 002
20180208 009 104 20180207 002
20180208 010 037 20180207 002
20180208 010 103 20180207 002
20180208 010 022 20180207 002
20180208 010 044 20180207 002
20180208 010 075 20180207 002
20180208 010 076 20180207 002
20180208 010 093 20180207 002
20180208 010 036 20180207 002
20180208 010 043 20180207 002
20180208 010 034 20180207 002
20180208 010 023 20180207 002
20180208 010 086 20180207 002
20180208 010 094 20180207 002
20180208 010 084 20180207 002
20180208 010 045 20180207 002
20180208 010 035 20180207 002
20180208 010 105 20180207 002
20180208 010 074 20180207 002
20180208 010 095 20180207 002
20180208 010 083 20180207 002
20180208 010 046 20180207 002
20180208 010 085 20180207 002
20180208 010 032 20180207 002
20180208 010 096 20180207 002
20180208 010 073 20180207 002
20180208 010 104 20180207 002
20180208 010 042 20180207 002
20180208 010 106 20180207 002
20180208 010 033 20180207 002
20180208 011 095 20180207 002
20180208 011 094 20180207 002
20180208 011 083 20180207 002
20180208 011 044 20180207 002
20180208 011 043 20180207 002
20180208 011 036 20180207 002
20180208 011 023 20180207 002
20180208 011 046 20180207 002
20180208 011 105 20180207 002
20180208 011 034 20180207 002
20180208 011 093 20180207 002
20180208 011 084 20180207 002
20180208 011 104 20180207 002
20180208 011 086 20180207 002
20180208 011 076 20180207 002
20180208 011 074 20180207 002
20180208 011 073 20180207 002
20180208 011 032 20180207 002
20180208 011 103 20180207 002
20180208 011 035 20180207 002
20180208 011 022 20180207 002
20180208 011 033 20180207 002
20180208 011 085 20180207 002
20180208 011 106 20180207 002
20180208 011 096 20180207 002
20180208 011 045 20180207 002
20180208 011 037 20180207 002
20180208 011 042 20180207 002
20180208 011 075 20180207 002
20180208 012 046 20180207 002
20180208 012 083 20180207 002
20180208 012 074 20180207 002
20180208 012 032 20180207 002
20180208 012 103 20180207 002
20180208 012 085 20180207 002
20180208 012 042 20180207 002
20180208 012 022 20180207 002
20180208 012 035 20180207 002
20180208 012 037 20180207 002
20180208 012 044 20180207 002
20180208 012 076 20180207 002
20180208 012 106 20180207 002
20180208 012 086 20180207 002
20180208 012 095 20180207 002
20180208 012 104 20180207 002
20180208 012 084 20180207 002
20180208 012 036 20180207 002
20180208 012 093 20180207 002
20180208 012 075 20180207 002
20180208 012 094 20180207 002
20180208 012 045 20180207 002
20180208 012 096 20180207 002
20180208 012 033 20180207 002
20180208 012 023 20180207 002
20180208 012 073 20180207 002
20180208 012 043 20180207 002
20180208 012 105 20180207 002
20180208 012 034 20180207 002
20180208 013 085 20180207 002
20180208 013 095 20180207 002
20180208 013 033 20180207 002
20180208 013 037 20180207 002
20180208 013 083 20180207 002
20180208 013 104 20180207 002
20180208 013 086 20180207 002
20180208 013 035 20180207 002
20180208 013 075 20180207 002
20180208 013 103 20180207 002
20180208 013 022 20180207 002
20180208 013 076 20180207 002
20180208 013 046 20180207 002
20180208 013 023 20180207 002
20180208 013 074 20180207 002
20180208 013 034 20180207 002
20180208 013 036 20180207 002
20180208 013 096 20180207 002
20180208 013 045 20180207 002
20180208 013 042 20180207 002
20180208 013 094 20180207 002
20180208 013 105 20180207 002
20180208 013 044 20180207 002
20180208 013 084 20180207 002
20180208 013 032 20180207 002
20180208 013 043 20180207 002
20180208 013 093 20180207 002
20180208 013 073 20180207 002
20180208 013 106 20180207 002
20180208 014 037 20180207 002
20180208 014 095 20180207 002
20180208 014 106 20180207 002
20180208 014 045 20180207 002
20180208 014 076 20180207 002
20180208 014 093 20180207 002
20180208 014 036 20180207 002
20180208 014 084 20180207 002
20180208 014 104 20180207 002
20180208 014 042 20180207 002
20180208 014 083 20180207 002
20180208 014 023 20180207 002
20180208 014 043 20180207 002
20180208 014 035 20180207 002
20180208 014 032 20180207 002
20180208 014 073 20180207 002
20180208 014 046 20180207 002
20180208 014 094 20180207 002
20180208 014 044 20180207 002
20180208 014 034 20180207 002
20180208 014 105 20180207 002
20180208 014 075 20180207 002
20180208 014 096 20180207 002
20180208 014 103 20180207 002
20180208 014 022 20180207 002
20180208 014 074 20180207 002
20180208 014 086 20180207 002
20180208 014 033 20180207 002
20180208 014 085 20180207 002
20180208 015 045 20180207 002
20180208 015 084 20180207 002
20180208 015 044 20180207 002
20180208 015 074 20180207 002
20180208 015 085 20180207 002
20180208 015 023 20180207 002
20180208 015 075 20180207 002
20180208 015 083 20180207 002
20180208 015 106 20180207 002
20180208 015 076 20180207 002
20180208 015 093 20180207 002
20180208 015 104 20180207 002
20180208 015 105 20180207 002
20180208 015 034 20180207 002
20180208 015 086 20180207 002
20180208 015 094 20180207 002
20180208 015 032 20180207 002
20180208 015 036 20180207 002
20180208 015 046 20180207 002
20180208 015 043 20180207 002
20180208 015 042 20180207 002
20180208 015 073 20180207 002
20180208 015 033 20180207 002
20180208 015 103 20180207 002
20180208 015 095 20180207 002
20180208 015 022 20180207 002
20180208 015 035 20180207 002
20180208 015 096 20180207 002
20180208 015 037 20180207 002
20180208 016 043 20180207 002
20180208 016 106 20180207 002
20180208 016 096 20180207 002
20180208 016 105 20180207 002
20180208 016 095 20180207 002
20180208 016 022 20180207 002
20180208 016 094 20180207 002
20180208 016 093 20180207 002
20180208 016 074 20180207 002
20180208 016 032 20180207 002
20180208 016 033 20180207 002
20180208 016 104 20180207 002
20180208 016 084 20180207 002
20180208 016 085 20180207 002
20180208 016 046 20180207 002
20180208 016 103 20180207 002
20180208 016 086 20180207 002
20180208 016 076 20180207 002
20180208 016 044 20180207 002
20180208 016 036 20180207 002
20180208 016 023 20180207 002
20180208 016 042 20180207 002
20180208 016 075 20180207 002
20180208 016 034 20180207 002
20180208 016 035 20180207 002
20180208 016 073 20180207 002
20180208 016 083 20180207 002
20180208 016 037 20180207 002
20180208 016 045 20180207 002
20180208 017 035 20180207 002
20180208 017 104 20180207 002
20180208 017 023 20180207 002
20180208 017 022 20180207 002
20180208 017 043 20180207 002
20180208 017 086 20180207 002
20180208 017 075 20180207 002
20180208 017 032 20180207 002
20180208 017 094 20180207 002
20180208 017 073 20180207 002
20180208 017 105 20180207 002
20180208 017 042 20180207 002
20180208 017 034 20180207 002
20180208 017 083 20180207 002
20180208 017 045 20180207 002
20180208 017 076 20180207 002
20180208 017 084 20180207 002
20180208 017 036 20180207 002
20180208 017 106 20180207 002
20180208 017 046 20180207 002
20180208 017 093 20180207 002
20180208 017 095 20180207 002
20180208 017 096 20180207 002
20180208 017 085 20180207 002
20180208 017 033 20180207 002
20180208 017 103 20180207 002
20180208 017 044 20180207 002
20180208 017 074 20180207 002
20180208 017 037 20180207 002
20180208 018 034 20180207 002
20180208 018 073 20180207 002
20180208 018 036 20180207 002
20180208 018 083 20180207 002
20180208 018 093 20180207 002
20180208 018 037 20180207 002
20180208 018 084 20180207 002
20180208 018 035 20180207 002
20180208 018 105 20180207 002
20180208 018 032 20180207 002
20180208 018 045 20180207 002
20180208 018 075 20180207 002
20180208 018 044 20180207 002
20180208 018 086 20180207 002
20180208 018 042 20180207 002
20180208 018 033 20180207 002
20180208 018 074 20180207 002
20180208 018 095 20180207 002
20180208 018 096 20180207 002
20180208 018 023 20180207 002
20180208 018 085 20180207 002
20180208 018 106 20180207 002
20180208 018 104 20180207 002
20180208 018 103 20180207 002
20180208 018 022 20180207 002
20180208 018 094 20180207 002
20180208 018 076 20180207 002
20180208 018 046 20180207 002
20180208 018 043 20180207 002
20180208 019 084 20180207 002
20180208 019 036 20180207 002
20180208 019 045 20180207 002
20180208 019 035 20180207 002
20180208 019 023 20180207 002
20180208 019 104 20180207 002
20180208 019 076 20180207 002
20180208 019 033 20180207 002
20180208 019 094 20180207 002
20180208 019 037 20180207 002
20180208 019 043 20180207 002
20180208 019 096 20180207 002
20180208 019 083 20180207 002
20180208 019 032 20180207 002
20180208 019 073 20180207 002
20180208 019 075 20180207 002
20180208 019 093 20180207 002
20180208 019 103 20180207 002
20180208 019 034 20180207 002
20180208 019 044 20180207 002
20180208 019 106 20180207 002
20180208 019 042 20180207 002
20180208 019 086 20180207 002
20180208 019 085 20180207 002
20180208 019 074 20180207 002
20180208 019 046 20180207 002
20180208 019 022 20180207 002
20180208 019 095 20180207 002
20180208 019 105 20180207 002
20180208 020 103 20180207 002
20180208 020 036 20180207 002
20180208 020 042 20180207 002
20180208 020 032 20180207 002
20180208 020 076 20180207 002
20180208 020 075 20180207 002
20180208 020 034 20180207 002
20180208 020 023 20180207 002
20180208 020 086 20180207 002
20180208 020 043 20180207 002
20180208 020 105 20180207 002
20180208 020 106 20180207 002
20180208 020 073 20180207 002
20180208 020 104 20180207 002
20180208 020 093 20180207 002
20180208 020 085 20180207 002
20180208 020 035 20180207 002
20180208 020 022 20180207 002
20180208 020 084 20180207 002
20180208 020 037 20180207 002
20180208 020 033 20180207 002
20180208 020 046 20180207 002
20180208 020 095 20180207 002
20180208 020 096 20180207 002
20180208 020 083 20180207 002
20180208 020 094 20180207 002
20180208 020 044 20180207 002
20180208 020 045 20180207 002
20180208 020 074 20180207 002
20180208 021 085 20180207 002
20180208 021 033 20180207 002
20180208 021 105 20180207 002
20180208 021 034 20180207 002
20180208 021 044 20180207 002
20180208 021 103 20180207 002
20180208 021 043 20180207 002
20180208 021 086 20180207 002
20180208 021 084 20180207 002
20180208 021 083 20180207 002
20180208 021 096 20180207 002
20180208 021 075 20180207 002
20180208 021 035 20180207 002
20180208 021 046 20180207 002
20180208 021 022 20180207 002
20180208 021 037 20180207 002
20180208 021 095 20180207 002
20180208 021 093 20180207 002
20180208 021 094 20180207 002
20180208 021 104 20180207 002
20180208 021 042 20180207 002
20180208 021 073 20180207 002
20180208 021 023 20180207 002
20180208 021 032 20180207 002
20180208 021 106 20180207 002
20180208 021 045 20180207 002
20180208 021 076 20180207 002
20180208 021 074 20180207 002
20180208 021 036 20180207 002
20180208 022 104 20180207 002
20180208 022 086 20180207 002
20180208 022 023 20180207 002
20180208 022 073 20180207 002
20180208 022 076 20180207 002
20180208 022 034 20180207 002
20180208 022 105 20180207 002
20180208 022 022 20180207 002
20180208 022 094 20180207 002
20180208 022 083 20180207 002
20180208 022 075 20180207 002
20180208 022 084 20180207 002
20180208 022 044 20180207 002
20180208 022 096 20180207 002
20180208 022 085 20180207 002
20180208 022 042 20180207 002
20180208 022 037 20180207 002
20180208 022 032 20180207 002
20180208 022 036 20180207 002
20180208 022 046 20180207 002
20180208 022 033 20180207 002
20180208 022 103 20180207 002
20180208 022 106 20180207 002
20180208 022 035 20180207 002
20180208 022 093 20180207 002
20180208 022 074 20180207 002
20180208 022 045 20180207 002
20180208 022 043 20180207 002
20180208 022 095 20180207 002
