run_shifts.sh 20170822 012 19.4611 47.8881 1
run_shifts.sh 20170822 013 19.4611 47.8881 1
run_shifts.sh 20170823 007 19.1132 49.090205 1
run_shifts.sh 20170823 008 19.1132 49.090205 1
run_shifts.sh 20170823 009 19.2073 42.499133 1
run_shifts.sh 20170823 010 19.2073 42.499133 1
run_shifts.sh 20170824 008 19.9047 48.602188 1
run_shifts.sh 20170824 009 19.9047 48.602188 1
run_shifts.sh 20170828 012 19.1905 42.427726 1
run_shifts.sh 20170828 013 19.1905 42.427726 1
run_shifts.sh 20170828 014 19.8886 47.812175 1
run_shifts.sh 20170828 015 19.8886 47.812175 1
run_shifts.sh 20170901 008 19.9047 48.602188 1
run_shifts.sh 20170901 009 19.9047 48.602188 1
run_shifts.sh 20170901 010 19.8952 41.632481 1
run_shifts.sh 20170901 011 19.8952 41.632481 1
run_shifts.sh 20170913 007 20.5833 60.09723 0
run_shifts.sh 20170913 007 20.5833 60.09723 0
run_shifts.sh 20170913 008 19.5776 46.124078 1
run_shifts.sh 20170913 009 19.5776 46.124078 1
run_shifts.sh 20170921 014 19.3651 38.957011 1
run_shifts.sh 20170921 015 19.3651 38.957011 1
run_shifts.sh 20170922 016 19.3743 40.413582 1
run_shifts.sh 20170922 017 19.3743 40.413582 1
run_shifts.sh 20171010 108 19.21395 47.492552 1
run_shifts.sh 20171010 109 19.21395 47.492552 1
run_shifts.sh 20171011 008 19.21395 47.492552 1
run_shifts.sh 20171011 009 19.81744 46.045091 1
run_shifts.sh 20171011 010 19.81744 46.045091 1
run_shifts.sh 20171012 010 19.34304 45.441168 1
run_shifts.sh 20171012 011 19.34304 45.441168 1
run_shifts.sh 20171012 012 19.49516 46.393695 1
run_shifts.sh 20171012 013 19.49516 46.393695 1
run_shifts.sh 20171013 010 19.81744 46.045091 1
run_shifts.sh 20171013 011 19.81744 46.045091 1
run_shifts.sh 20171018 007 19.72872 40.059061 1
run_shifts.sh 20171018 008 19.72872 40.059061 1
run_shifts.sh 20171029 009 19.03701 39.594255 1
run_shifts.sh 20171029 010 19.03701 39.594255 1
run_shifts.sh 20171029 011 19.48491 38.67158 1
run_shifts.sh 20171029 012 19.48491 38.67158 1
run_shifts.sh 20171029 013 19.90658 43.974602 1
run_shifts.sh 20171029 014 19.90658 43.974602 1
run_shifts.sh 20171030 002 0.92473 8.037813 0
run_shifts.sh 20171030 002 0.92473 8.037813 0
run_shifts.sh 20171030 002 0.92473 8.037813 0
run_shifts.sh 20171030 002 0.92473 8.037813 0
run_shifts.sh 20171115 007 19.43158 40.240935 1
run_shifts.sh 20171115 008 19.43158 40.240935 1
run_shifts.sh 20171115 020 5.52956 33.155926 1
run_shifts.sh 20171115 020 5.52956 33.155926 1
