rgetcal0 013 202309 412
rgetcal0 014 202309 411
rgetcal0 015 202309 317
rgetcal0 016 202309 409
rgetcal0 021 202309 315
rgetcal0 022 202309 316
rgetcal0 023 202309 313
rgetcal0 024 202309 410
rgetcal0 025 202309 303
rgetcal0 026 202309 318
rgetcal0 027 202309 314
rgetcal0 028 202309 413
rgetcal0 030 202309 420
rgetcal0 031 202309 408
rgetcal0 032 202309 320
rgetcal0 033 202309 310
rgetcal0 034 202309 305
rgetcal0 035 202309 202
rgetcal0 036 202309 302
rgetcal0 037 202309 306
rgetcal0 038 202309 414
rgetcal0 039 202309 424
rgetcal0 040 202309 419
rgetcal0 041 202309 407
rgetcal0 042 202309 321
rgetcal0 043 202309 323
rgetcal0 044 202309 304
rgetcal0 045 202309 312
rgetcal0 046 202309 309
rgetcal0 047 202309 308
rgetcal0 048 202309 415
rgetcal0 049 202309 425
rgetcal0 050 202309 504
rgetcal0 051 202309 503
rgetcal0 052 202309 301
rgetcal0 053 202309 311
rgetcal0 057 202309 418
rgetcal0 058 202309 416
rgetcal0 059 202309 508
rgetcal0 060 202309 206
rgetcal0 061 202309 427
rgetcal0 062 202309 319
rgetcal0 063 202309 511
rgetcal0 067 202309 025
rgetcal0 068 202309 417
rgetcal0 069 202309 421
rgetcal0 070 202309 502
rgetcal0 071 202309 406
rgetcal0 072 202309 405
rgetcal0 073 202309 404
rgetcal0 074 202309 403
rgetcal0 075 202309 324
rgetcal0 076 202309 325
rgetcal0 077 202309 402
rgetcal0 078 202309 422
rgetcal0 079 202309 401
rgetcal0 080 202309 501
rgetcal0 081 202309 327
rgetcal0 082 202309 326
rgetcal0 083 202309 328
rgetcal0 084 202309 322
rgetcal0 085 202309 307
rgetcal0 086 202309 203
rgetcal0 087 202309 204
rgetcal0 088 202309 329
rgetcal0 089 202309 423
rgetcal0 091 202309 205
rgetcal0 092 202309 330
rgetcal0 093 202309 507
rgetcal0 094 202309 509
rgetcal0 095 202309 426
rgetcal0 096 202309 510
rgetcal0 097 202309 505
rgetcal0 098 202309 027
rgetcal0 103 202309 514
rgetcal0 104 202309 512
rgetcal0 105 202309 513
rgetcal0 106 202309 506
