rgetcal0 013 202405 412
rgetcal0 014 202405 411
rgetcal0 015 202405 317
rgetcal0 016 202405 409
rgetcal0 021 202405 315
rgetcal0 022 202405 316
rgetcal0 023 202405 313
rgetcal0 024 202405 410
rgetcal0 025 202405 303
rgetcal0 026 202405 318
rgetcal0 027 202405 314
rgetcal0 028 202405 413
rgetcal0 030 202405 420
rgetcal0 031 202405 408
rgetcal0 032 202405 320
rgetcal0 033 202405 310
rgetcal0 034 202405 305
rgetcal0 035 202405 202
rgetcal0 036 202405 302
rgetcal0 037 202405 306
rgetcal0 038 202405 414
rgetcal0 039 202405 424
rgetcal0 040 202405 419
rgetcal0 041 202405 407
rgetcal0 042 202405 321
rgetcal0 043 202405 323
rgetcal0 044 202405 304
rgetcal0 045 202405 312
rgetcal0 046 202405 309
rgetcal0 047 202405 308
rgetcal0 048 202405 415
rgetcal0 049 202405 425
rgetcal0 050 202405 504
rgetcal0 051 202405 503
rgetcal0 052 202405 301
rgetcal0 053 202405 311
rgetcal0 057 202405 418
rgetcal0 058 202405 416
rgetcal0 059 202405 508
rgetcal0 060 202405 206
rgetcal0 061 202405 427
rgetcal0 062 202405 319
rgetcal0 063 202405 511
rgetcal0 067 202405 025
rgetcal0 068 202405 417
rgetcal0 069 202405 421
rgetcal0 070 202405 502
rgetcal0 071 202405 406
rgetcal0 072 202405 405
rgetcal0 073 202405 404
rgetcal0 074 202405 403
rgetcal0 075 202405 324
rgetcal0 076 202405 325
rgetcal0 077 202405 402
rgetcal0 078 202405 422
rgetcal0 079 202405 401
rgetcal0 080 202405 501
rgetcal0 081 202405 327
rgetcal0 082 202405 326
rgetcal0 083 202405 328
rgetcal0 084 202405 322
rgetcal0 085 202405 307
rgetcal0 086 202405 203
rgetcal0 087 202405 204
rgetcal0 088 202405 329
rgetcal0 089 202405 423
rgetcal0 091 202405 205
rgetcal0 092 202405 330
rgetcal0 093 202405 507
rgetcal0 094 202405 509
rgetcal0 095 202405 426
rgetcal0 096 202405 510
rgetcal0 097 202405 505
rgetcal0 098 202405 027
rgetcal0 103 202405 514
rgetcal0 104 202405 512
rgetcal0 105 202405 513
rgetcal0 106 202405 506
