rgetcal0 013 202312 412
rgetcal0 014 202312 411
rgetcal0 015 202312 317
rgetcal0 016 202312 409
rgetcal0 021 202312 315
rgetcal0 022 202312 316
rgetcal0 023 202312 313
rgetcal0 024 202312 410
rgetcal0 025 202312 303
rgetcal0 026 202312 318
rgetcal0 027 202312 314
rgetcal0 028 202312 413
rgetcal0 030 202312 420
rgetcal0 031 202312 408
rgetcal0 032 202312 320
rgetcal0 033 202312 310
rgetcal0 034 202312 305
rgetcal0 035 202312 202
rgetcal0 036 202312 302
rgetcal0 037 202312 306
rgetcal0 038 202312 414
rgetcal0 039 202312 424
rgetcal0 040 202312 419
rgetcal0 041 202312 407
rgetcal0 042 202312 321
rgetcal0 043 202312 323
rgetcal0 044 202312 304
rgetcal0 045 202312 312
rgetcal0 046 202312 309
rgetcal0 047 202312 308
rgetcal0 048 202312 415
rgetcal0 049 202312 425
rgetcal0 050 202312 504
rgetcal0 051 202312 503
rgetcal0 052 202312 301
rgetcal0 053 202312 311
rgetcal0 057 202312 418
rgetcal0 058 202312 416
rgetcal0 059 202312 508
rgetcal0 060 202312 206
rgetcal0 061 202312 427
rgetcal0 062 202312 319
rgetcal0 063 202312 511
rgetcal0 067 202312 025
rgetcal0 068 202312 417
rgetcal0 069 202312 421
rgetcal0 070 202312 502
rgetcal0 071 202312 406
rgetcal0 072 202312 405
rgetcal0 073 202312 404
rgetcal0 074 202312 403
rgetcal0 075 202312 324
rgetcal0 076 202312 325
rgetcal0 077 202312 402
rgetcal0 078 202312 422
rgetcal0 079 202312 401
rgetcal0 080 202312 501
rgetcal0 081 202312 327
rgetcal0 082 202312 326
rgetcal0 083 202312 328
rgetcal0 084 202312 322
rgetcal0 085 202312 307
rgetcal0 086 202312 203
rgetcal0 087 202312 204
rgetcal0 088 202312 329
rgetcal0 089 202312 423
rgetcal0 091 202312 205
rgetcal0 092 202312 330
rgetcal0 093 202312 507
rgetcal0 094 202312 509
rgetcal0 095 202312 426
rgetcal0 096 202312 510
rgetcal0 097 202312 505
rgetcal0 098 202312 027
rgetcal0 103 202312 514
rgetcal0 104 202312 512
rgetcal0 105 202312 513
rgetcal0 106 202312 506
