rgetcal0 013 202406 412
rgetcal0 014 202406 411
rgetcal0 015 202406 317
rgetcal0 016 202406 409
rgetcal0 021 202406 315
rgetcal0 022 202406 316
rgetcal0 023 202406 313
rgetcal0 024 202406 410
rgetcal0 025 202406 303
rgetcal0 026 202406 318
rgetcal0 027 202406 314
rgetcal0 028 202406 413
rgetcal0 030 202406 420
rgetcal0 031 202406 408
rgetcal0 032 202406 320
rgetcal0 033 202406 310
rgetcal0 034 202406 305
rgetcal0 035 202406 202
rgetcal0 036 202406 302
rgetcal0 037 202406 306
rgetcal0 038 202406 414
rgetcal0 039 202406 424
rgetcal0 040 202406 419
rgetcal0 041 202406 407
rgetcal0 042 202406 321
rgetcal0 043 202406 323
rgetcal0 044 202406 304
rgetcal0 045 202406 312
rgetcal0 046 202406 309
rgetcal0 047 202406 308
rgetcal0 048 202406 415
rgetcal0 049 202406 425
rgetcal0 050 202406 504
rgetcal0 051 202406 503
rgetcal0 052 202406 301
rgetcal0 053 202406 311
rgetcal0 057 202406 418
rgetcal0 058 202406 416
rgetcal0 059 202406 508
rgetcal0 060 202406 206
rgetcal0 061 202406 427
rgetcal0 062 202406 319
rgetcal0 063 202406 511
rgetcal0 067 202406 025
rgetcal0 068 202406 417
rgetcal0 069 202406 421
rgetcal0 070 202406 502
rgetcal0 071 202406 406
rgetcal0 072 202406 405
rgetcal0 073 202406 404
rgetcal0 074 202406 403
rgetcal0 075 202406 324
rgetcal0 076 202406 325
rgetcal0 077 202406 402
rgetcal0 078 202406 422
rgetcal0 079 202406 401
rgetcal0 080 202406 501
rgetcal0 081 202406 327
rgetcal0 082 202406 326
rgetcal0 083 202406 328
rgetcal0 084 202406 322
rgetcal0 085 202406 307
rgetcal0 086 202406 203
rgetcal0 087 202406 204
rgetcal0 088 202406 329
rgetcal0 089 202406 423
rgetcal0 091 202406 205
rgetcal0 092 202406 330
rgetcal0 093 202406 507
rgetcal0 094 202406 509
rgetcal0 095 202406 426
rgetcal0 096 202406 510
rgetcal0 097 202406 505
rgetcal0 098 202406 027
rgetcal0 103 202406 514
rgetcal0 104 202406 512
rgetcal0 105 202406 513
rgetcal0 106 202406 506
