rgetcal0 013 202402 412
rgetcal0 014 202402 411
rgetcal0 015 202402 317
rgetcal0 016 202402 409
rgetcal0 021 202402 315
rgetcal0 022 202402 316
rgetcal0 023 202402 313
rgetcal0 024 202402 410
rgetcal0 025 202402 303
rgetcal0 026 202402 318
rgetcal0 027 202402 314
rgetcal0 028 202402 413
rgetcal0 030 202402 420
rgetcal0 031 202402 408
rgetcal0 032 202402 320
rgetcal0 033 202402 310
rgetcal0 034 202402 305
rgetcal0 035 202402 202
rgetcal0 036 202402 302
rgetcal0 037 202402 306
rgetcal0 038 202402 414
rgetcal0 039 202402 424
rgetcal0 040 202402 419
rgetcal0 041 202402 407
rgetcal0 042 202402 321
rgetcal0 043 202402 323
rgetcal0 044 202402 304
rgetcal0 045 202402 312
rgetcal0 046 202402 309
rgetcal0 047 202402 308
rgetcal0 048 202402 415
rgetcal0 049 202402 425
rgetcal0 050 202402 504
rgetcal0 051 202402 503
rgetcal0 052 202402 301
rgetcal0 053 202402 311
rgetcal0 057 202402 418
rgetcal0 058 202402 416
rgetcal0 059 202402 508
rgetcal0 060 202402 206
rgetcal0 061 202402 427
rgetcal0 062 202402 319
rgetcal0 063 202402 511
rgetcal0 067 202402 025
rgetcal0 068 202402 417
rgetcal0 069 202402 421
rgetcal0 070 202402 502
rgetcal0 071 202402 406
rgetcal0 072 202402 405
rgetcal0 073 202402 404
rgetcal0 074 202402 403
rgetcal0 075 202402 324
rgetcal0 076 202402 325
rgetcal0 077 202402 402
rgetcal0 078 202402 422
rgetcal0 079 202402 401
rgetcal0 080 202402 501
rgetcal0 081 202402 327
rgetcal0 082 202402 326
rgetcal0 083 202402 328
rgetcal0 084 202402 322
rgetcal0 085 202402 307
rgetcal0 086 202402 203
rgetcal0 087 202402 204
rgetcal0 088 202402 329
rgetcal0 089 202402 423
rgetcal0 091 202402 205
rgetcal0 092 202402 330
rgetcal0 093 202402 507
rgetcal0 094 202402 509
rgetcal0 095 202402 426
rgetcal0 096 202402 510
rgetcal0 097 202402 505
rgetcal0 098 202402 027
rgetcal0 103 202402 514
rgetcal0 104 202402 512
rgetcal0 105 202402 513
rgetcal0 106 202402 506
