rgetcal0 013 202404 412
rgetcal0 014 202404 411
rgetcal0 015 202404 317
rgetcal0 016 202404 409
rgetcal0 021 202404 315
rgetcal0 022 202404 316
rgetcal0 023 202404 313
rgetcal0 024 202404 410
rgetcal0 025 202404 303
rgetcal0 026 202404 318
rgetcal0 027 202404 314
rgetcal0 028 202404 413
rgetcal0 030 202404 420
rgetcal0 031 202404 408
rgetcal0 032 202404 320
rgetcal0 033 202404 310
rgetcal0 034 202404 305
rgetcal0 035 202404 202
rgetcal0 036 202404 302
rgetcal0 037 202404 306
rgetcal0 038 202404 414
rgetcal0 039 202404 424
rgetcal0 040 202404 419
rgetcal0 041 202404 407
rgetcal0 042 202404 321
rgetcal0 043 202404 323
rgetcal0 044 202404 304
rgetcal0 045 202404 312
rgetcal0 046 202404 309
rgetcal0 047 202404 308
rgetcal0 048 202404 415
rgetcal0 049 202404 425
rgetcal0 050 202404 504
rgetcal0 051 202404 503
rgetcal0 052 202404 301
rgetcal0 053 202404 311
rgetcal0 057 202404 418
rgetcal0 058 202404 416
rgetcal0 059 202404 508
rgetcal0 060 202404 206
rgetcal0 061 202404 427
rgetcal0 062 202404 319
rgetcal0 063 202404 511
rgetcal0 067 202404 025
rgetcal0 068 202404 417
rgetcal0 069 202404 421
rgetcal0 070 202404 502
rgetcal0 071 202404 406
rgetcal0 072 202404 405
rgetcal0 073 202404 404
rgetcal0 074 202404 403
rgetcal0 075 202404 324
rgetcal0 076 202404 325
rgetcal0 077 202404 402
rgetcal0 078 202404 422
rgetcal0 079 202404 401
rgetcal0 080 202404 501
rgetcal0 081 202404 327
rgetcal0 082 202404 326
rgetcal0 083 202404 328
rgetcal0 084 202404 322
rgetcal0 085 202404 307
rgetcal0 086 202404 203
rgetcal0 087 202404 204
rgetcal0 088 202404 329
rgetcal0 089 202404 423
rgetcal0 091 202404 205
rgetcal0 092 202404 330
rgetcal0 093 202404 507
rgetcal0 094 202404 509
rgetcal0 095 202404 426
rgetcal0 096 202404 510
rgetcal0 097 202404 505
rgetcal0 098 202404 027
rgetcal0 103 202404 514
rgetcal0 104 202404 512
rgetcal0 105 202404 513
rgetcal0 106 202404 506
