rgetcal0 015 201909 410
rgetcal0 016 201909 409
rgetcal0 021 201909 315
rgetcal0 022 201909 316
rgetcal0 023 201909 313
rgetcal0 024 201909 317
rgetcal0 025 201909 303
rgetcal0 026 201909 318
rgetcal0 027 201909 314
rgetcal0 031 201909 408
rgetcal0 032 201909 320
rgetcal0 033 201909 310
rgetcal0 034 201909 305
rgetcal0 035 201909 202
rgetcal0 036 201909 302
rgetcal0 037 201909 306
rgetcal0 041 201909 407
rgetcal0 042 201909 321
rgetcal0 043 201909 323
rgetcal0 044 201909 304
rgetcal0 045 201909 312
rgetcal0 046 201909 309
rgetcal0 047 201909 308
rgetcal0 052 201909 301
rgetcal0 053 201909 311
rgetcal0 062 201909 319
rgetcal0 063 201909 041
rgetcal0 067 201909 025
rgetcal0 071 201909 406
rgetcal0 072 201909 405
rgetcal0 073 201909 404
rgetcal0 074 201909 403
rgetcal0 075 201909 324
rgetcal0 076 201909 325
rgetcal0 077 201909 402
rgetcal0 081 201909 327
rgetcal0 082 201909 326
rgetcal0 083 201909 328
rgetcal0 084 201909 322
rgetcal0 085 201909 307
rgetcal0 086 201909 203
rgetcal0 087 201909 204
rgetcal0 088 201909 329
rgetcal0 091 201909 205
rgetcal0 092 201909 047
rgetcal0 092 201909 330
rgetcal0 093 201909 008
rgetcal0 094 201909 032
rgetcal0 095 201909 020
rgetcal0 096 201909 038
rgetcal0 097 201909 017
rgetcal0 098 201909 027
rgetcal0 103 201909 013
rgetcal0 104 201909 016
rgetcal0 105 201909 051
rgetcal0 106 201909 012
