rgetcal0 013 202401 412
rgetcal0 014 202401 411
rgetcal0 015 202401 317
rgetcal0 016 202401 409
rgetcal0 021 202401 315
rgetcal0 022 202401 316
rgetcal0 023 202401 313
rgetcal0 024 202401 410
rgetcal0 025 202401 303
rgetcal0 026 202401 318
rgetcal0 027 202401 314
rgetcal0 028 202401 413
rgetcal0 030 202401 420
rgetcal0 031 202401 408
rgetcal0 032 202401 320
rgetcal0 033 202401 310
rgetcal0 034 202401 305
rgetcal0 035 202401 202
rgetcal0 036 202401 302
rgetcal0 037 202401 306
rgetcal0 038 202401 414
rgetcal0 039 202401 424
rgetcal0 040 202401 419
rgetcal0 041 202401 407
rgetcal0 042 202401 321
rgetcal0 043 202401 323
rgetcal0 044 202401 304
rgetcal0 045 202401 312
rgetcal0 046 202401 309
rgetcal0 047 202401 308
rgetcal0 048 202401 415
rgetcal0 049 202401 425
rgetcal0 050 202401 504
rgetcal0 051 202401 503
rgetcal0 052 202401 301
rgetcal0 053 202401 311
rgetcal0 057 202401 418
rgetcal0 058 202401 416
rgetcal0 059 202401 508
rgetcal0 060 202401 206
rgetcal0 061 202401 427
rgetcal0 062 202401 319
rgetcal0 063 202401 511
rgetcal0 067 202401 025
rgetcal0 068 202401 417
rgetcal0 069 202401 421
rgetcal0 070 202401 502
rgetcal0 071 202401 406
rgetcal0 072 202401 405
rgetcal0 073 202401 404
rgetcal0 074 202401 403
rgetcal0 075 202401 324
rgetcal0 076 202401 325
rgetcal0 077 202401 402
rgetcal0 078 202401 422
rgetcal0 079 202401 401
rgetcal0 080 202401 501
rgetcal0 081 202401 327
rgetcal0 082 202401 326
rgetcal0 083 202401 328
rgetcal0 084 202401 322
rgetcal0 085 202401 307
rgetcal0 086 202401 203
rgetcal0 087 202401 204
rgetcal0 088 202401 329
rgetcal0 089 202401 423
rgetcal0 091 202401 205
rgetcal0 092 202401 330
rgetcal0 093 202401 507
rgetcal0 094 202401 509
rgetcal0 095 202401 426
rgetcal0 096 202401 510
rgetcal0 097 202401 505
rgetcal0 098 202401 027
rgetcal0 103 202401 514
rgetcal0 104 202401 512
rgetcal0 105 202401 513
rgetcal0 106 202401 506
