rgetcal0 013 202407 412
rgetcal0 014 202407 411
rgetcal0 015 202407 317
rgetcal0 016 202407 409
rgetcal0 021 202407 315
rgetcal0 022 202407 316
rgetcal0 023 202407 313
rgetcal0 024 202407 410
rgetcal0 025 202407 303
rgetcal0 026 202407 318
rgetcal0 027 202407 314
rgetcal0 028 202407 413
rgetcal0 030 202407 420
rgetcal0 031 202407 408
rgetcal0 032 202407 320
rgetcal0 033 202407 310
rgetcal0 034 202407 305
rgetcal0 035 202407 202
rgetcal0 036 202407 302
rgetcal0 037 202407 306
rgetcal0 038 202407 414
rgetcal0 039 202407 424
rgetcal0 040 202407 419
rgetcal0 041 202407 407
rgetcal0 042 202407 321
rgetcal0 043 202407 323
rgetcal0 044 202407 304
rgetcal0 045 202407 312
rgetcal0 046 202407 309
rgetcal0 047 202407 308
rgetcal0 048 202407 415
rgetcal0 049 202407 425
rgetcal0 050 202407 504
rgetcal0 051 202407 503
rgetcal0 052 202407 301
rgetcal0 053 202407 311
rgetcal0 057 202407 418
rgetcal0 058 202407 416
rgetcal0 059 202407 508
rgetcal0 060 202407 206
rgetcal0 061 202407 427
rgetcal0 062 202407 319
rgetcal0 063 202407 511
rgetcal0 067 202407 025
rgetcal0 068 202407 417
rgetcal0 069 202407 421
rgetcal0 070 202407 502
rgetcal0 071 202407 406
rgetcal0 072 202407 405
rgetcal0 073 202407 404
rgetcal0 074 202407 403
rgetcal0 075 202407 324
rgetcal0 076 202407 325
rgetcal0 077 202407 402
rgetcal0 078 202407 422
rgetcal0 079 202407 401
rgetcal0 080 202407 501
rgetcal0 081 202407 327
rgetcal0 082 202407 326
rgetcal0 083 202407 328
rgetcal0 084 202407 322
rgetcal0 085 202407 307
rgetcal0 086 202407 203
rgetcal0 087 202407 204
rgetcal0 088 202407 329
rgetcal0 089 202407 423
rgetcal0 091 202407 205
rgetcal0 092 202407 330
rgetcal0 093 202407 507
rgetcal0 094 202407 509
rgetcal0 095 202407 426
rgetcal0 096 202407 510
rgetcal0 097 202407 505
rgetcal0 098 202407 027
rgetcal0 103 202407 514
rgetcal0 104 202407 512
rgetcal0 105 202407 513
rgetcal0 106 202407 506
