rgetcal0 013 202403 412
rgetcal0 014 202403 411
rgetcal0 015 202403 317
rgetcal0 016 202403 409
rgetcal0 021 202403 315
rgetcal0 022 202403 316
rgetcal0 023 202403 313
rgetcal0 024 202403 410
rgetcal0 025 202403 303
rgetcal0 026 202403 318
rgetcal0 027 202403 314
rgetcal0 028 202403 413
rgetcal0 030 202403 420
rgetcal0 031 202403 408
rgetcal0 032 202403 320
rgetcal0 033 202403 310
rgetcal0 034 202403 305
rgetcal0 035 202403 202
rgetcal0 036 202403 302
rgetcal0 037 202403 306
rgetcal0 038 202403 414
rgetcal0 039 202403 424
rgetcal0 040 202403 419
rgetcal0 041 202403 407
rgetcal0 042 202403 321
rgetcal0 043 202403 323
rgetcal0 044 202403 304
rgetcal0 045 202403 312
rgetcal0 046 202403 309
rgetcal0 047 202403 308
rgetcal0 048 202403 415
rgetcal0 049 202403 425
rgetcal0 050 202403 504
rgetcal0 051 202403 503
rgetcal0 052 202403 301
rgetcal0 053 202403 311
rgetcal0 057 202403 418
rgetcal0 058 202403 416
rgetcal0 059 202403 508
rgetcal0 060 202403 206
rgetcal0 061 202403 427
rgetcal0 062 202403 319
rgetcal0 063 202403 511
rgetcal0 067 202403 025
rgetcal0 068 202403 417
rgetcal0 069 202403 421
rgetcal0 070 202403 502
rgetcal0 071 202403 406
rgetcal0 072 202403 405
rgetcal0 073 202403 404
rgetcal0 074 202403 403
rgetcal0 075 202403 324
rgetcal0 076 202403 325
rgetcal0 077 202403 402
rgetcal0 078 202403 422
rgetcal0 079 202403 401
rgetcal0 080 202403 501
rgetcal0 081 202403 327
rgetcal0 082 202403 326
rgetcal0 083 202403 328
rgetcal0 084 202403 322
rgetcal0 085 202403 307
rgetcal0 086 202403 203
rgetcal0 087 202403 204
rgetcal0 088 202403 329
rgetcal0 089 202403 423
rgetcal0 091 202403 205
rgetcal0 092 202403 330
rgetcal0 093 202403 507
rgetcal0 094 202403 509
rgetcal0 095 202403 426
rgetcal0 096 202403 510
rgetcal0 097 202403 505
rgetcal0 098 202403 027
rgetcal0 103 202403 514
rgetcal0 104 202403 512
rgetcal0 105 202403 513
rgetcal0 106 202403 506
