rgetcal0 013 202310 412
rgetcal0 014 202310 411
rgetcal0 015 202310 317
rgetcal0 016 202310 409
rgetcal0 021 202310 315
rgetcal0 022 202310 316
rgetcal0 023 202310 313
rgetcal0 024 202310 410
rgetcal0 025 202310 303
rgetcal0 026 202310 318
rgetcal0 027 202310 314
rgetcal0 028 202310 413
rgetcal0 030 202310 420
rgetcal0 031 202310 408
rgetcal0 032 202310 320
rgetcal0 033 202310 310
rgetcal0 034 202310 305
rgetcal0 035 202310 202
rgetcal0 036 202310 302
rgetcal0 037 202310 306
rgetcal0 038 202310 414
rgetcal0 039 202310 424
rgetcal0 040 202310 419
rgetcal0 041 202310 407
rgetcal0 042 202310 321
rgetcal0 043 202310 323
rgetcal0 044 202310 304
rgetcal0 045 202310 312
rgetcal0 046 202310 309
rgetcal0 047 202310 308
rgetcal0 048 202310 415
rgetcal0 049 202310 425
rgetcal0 050 202310 504
rgetcal0 051 202310 503
rgetcal0 052 202310 301
rgetcal0 053 202310 311
rgetcal0 057 202310 418
rgetcal0 058 202310 416
rgetcal0 059 202310 508
rgetcal0 060 202310 206
rgetcal0 061 202310 427
rgetcal0 062 202310 319
rgetcal0 063 202310 511
rgetcal0 067 202310 025
rgetcal0 068 202310 417
rgetcal0 069 202310 421
rgetcal0 070 202310 502
rgetcal0 071 202310 406
rgetcal0 072 202310 405
rgetcal0 073 202310 404
rgetcal0 074 202310 403
rgetcal0 075 202310 324
rgetcal0 076 202310 325
rgetcal0 077 202310 402
rgetcal0 078 202310 422
rgetcal0 079 202310 401
rgetcal0 080 202310 501
rgetcal0 081 202310 327
rgetcal0 082 202310 326
rgetcal0 083 202310 328
rgetcal0 084 202310 322
rgetcal0 085 202310 307
rgetcal0 086 202310 203
rgetcal0 087 202310 204
rgetcal0 088 202310 329
rgetcal0 089 202310 423
rgetcal0 091 202310 205
rgetcal0 092 202310 330
rgetcal0 093 202310 507
rgetcal0 094 202310 509
rgetcal0 095 202310 426
rgetcal0 096 202310 510
rgetcal0 097 202310 505
rgetcal0 098 202310 027
rgetcal0 103 202310 514
rgetcal0 104 202310 512
rgetcal0 105 202310 513
rgetcal0 106 202310 506
