rpan1 20190901 009 021 20190901 002 315 201909
rpan1 20190901 009 022 20190901 002 316 201909
rpan1 20190901 009 023 20190901 002 313 201909
rpan1 20190901 009 024 20190901 002 317 201909
rpan1 20190901 009 025 20190901 002 303 201909
rpan1 20190901 009 026 20190901 002 318 201909
rpan1 20190901 009 027 20190901 002 314 201909
rpan1 20190901 009 031 20190901 002 408 201909
rpan1 20190901 009 032 20190901 002 320 201909
rpan1 20190901 009 033 20190901 002 310 201909
rpan1 20190901 009 034 20190901 002 305 201909
rpan1 20190901 009 035 20190901 002 202 201909
rpan1 20190901 009 036 20190901 002 302 201909
rpan1 20190901 009 037 20190901 002 306 201909
rpan1 20190901 009 041 20190901 002 407 201909
rpan1 20190901 009 042 20190901 002 321 201909
rpan1 20190901 009 043 20190901 002 323 201909
rpan1 20190901 009 044 20190901 002 304 201909
rpan1 20190901 009 045 20190901 002 312 201909
rpan1 20190901 009 046 20190901 002 309 201909
rpan1 20190901 009 047 20190901 002 308 201909
rpan1 20190901 009 052 20190901 002 301 201909
rpan1 20190901 009 053 20190901 002 311 201909
rpan1 20190901 009 062 20190901 002 319 201909
rpan1 20190901 009 063 20190901 002 041 201909
rpan1 20190901 009 067 20190901 002 025 201909
rpan1 20190901 009 071 20190901 002 406 201909
rpan1 20190901 009 072 20190901 002 405 201909
rpan1 20190901 009 073 20190901 002 404 201909
rpan1 20190901 009 074 20190901 002 403 201909
rpan1 20190901 009 075 20190901 002 324 201909
rpan1 20190901 009 076 20190901 002 325 201909
rpan1 20190901 009 077 20190901 002 402 201909
rpan1 20190901 009 081 20190901 002 327 201909
rpan1 20190901 009 082 20190901 002 326 201909
rpan1 20190901 009 083 20190901 002 328 201909
rpan1 20190901 009 084 20190901 002 322 201909
rpan1 20190901 009 085 20190901 002 307 201909
rpan1 20190901 009 086 20190901 002 203 201909
rpan1 20190901 009 087 20190901 002 204 201909
rpan1 20190901 009 088 20190901 002 329 201909
rpan1 20190901 009 091 20190901 002 205 201909
rpan1 20190901 009 092 20190901 002 047 201909
rpan1 20190901 009 093 20190901 002 008 201909
rpan1 20190901 009 094 20190901 002 032 201909
rpan1 20190901 009 095 20190901 002 020 201909
rpan1 20190901 009 096 20190901 002 038 201909
rpan1 20190901 009 097 20190901 002 017 201909
rpan1 20190901 009 098 20190901 002 027 201909
rpan1 20190901 009 103 20190901 002 013 201909
rpan1 20190901 009 104 20190901 002 016 201909
rpan1 20190901 009 105 20190901 002 051 201909
rpan1 20190901 009 106 20190901 002 012 201909
rpan1 20190901 010 021 20190901 002 315 201909
rpan1 20190901 010 022 20190901 002 316 201909
rpan1 20190901 010 023 20190901 002 313 201909
rpan1 20190901 010 024 20190901 002 317 201909
rpan1 20190901 010 025 20190901 002 303 201909
rpan1 20190901 010 026 20190901 002 318 201909
rpan1 20190901 010 027 20190901 002 314 201909
rpan1 20190901 010 031 20190901 002 408 201909
rpan1 20190901 010 032 20190901 002 320 201909
rpan1 20190901 010 033 20190901 002 310 201909
rpan1 20190901 010 034 20190901 002 305 201909
rpan1 20190901 010 035 20190901 002 202 201909
rpan1 20190901 010 036 20190901 002 302 201909
rpan1 20190901 010 037 20190901 002 306 201909
rpan1 20190901 010 041 20190901 002 407 201909
rpan1 20190901 010 042 20190901 002 321 201909
rpan1 20190901 010 043 20190901 002 323 201909
rpan1 20190901 010 044 20190901 002 304 201909
rpan1 20190901 010 045 20190901 002 312 201909
rpan1 20190901 010 046 20190901 002 309 201909
rpan1 20190901 010 047 20190901 002 308 201909
rpan1 20190901 010 052 20190901 002 301 201909
rpan1 20190901 010 053 20190901 002 311 201909
rpan1 20190901 010 062 20190901 002 319 201909
rpan1 20190901 010 063 20190901 002 041 201909
rpan1 20190901 010 067 20190901 002 025 201909
rpan1 20190901 010 071 20190901 002 406 201909
rpan1 20190901 010 072 20190901 002 405 201909
rpan1 20190901 010 073 20190901 002 404 201909
rpan1 20190901 010 074 20190901 002 403 201909
rpan1 20190901 010 075 20190901 002 324 201909
rpan1 20190901 010 076 20190901 002 325 201909
rpan1 20190901 010 077 20190901 002 402 201909
rpan1 20190901 010 081 20190901 002 327 201909
rpan1 20190901 010 082 20190901 002 326 201909
rpan1 20190901 010 083 20190901 002 328 201909
rpan1 20190901 010 084 20190901 002 322 201909
rpan1 20190901 010 085 20190901 002 307 201909
rpan1 20190901 010 086 20190901 002 203 201909
rpan1 20190901 010 087 20190901 002 204 201909
rpan1 20190901 010 088 20190901 002 329 201909
rpan1 20190901 010 091 20190901 002 205 201909
rpan1 20190901 010 092 20190901 002 047 201909
rpan1 20190901 010 093 20190901 002 008 201909
rpan1 20190901 010 094 20190901 002 032 201909
rpan1 20190901 010 095 20190901 002 020 201909
rpan1 20190901 010 096 20190901 002 038 201909
rpan1 20190901 010 097 20190901 002 017 201909
rpan1 20190901 010 098 20190901 002 027 201909
rpan1 20190901 010 103 20190901 002 013 201909
rpan1 20190901 010 104 20190901 002 016 201909
rpan1 20190901 010 105 20190901 002 051 201909
rpan1 20190901 010 106 20190901 002 012 201909
rpan1 20190901 011 021 20190901 002 315 201909
rpan1 20190901 011 022 20190901 002 316 201909
rpan1 20190901 011 023 20190901 002 313 201909
rpan1 20190901 011 024 20190901 002 317 201909
rpan1 20190901 011 025 20190901 002 303 201909
rpan1 20190901 011 026 20190901 002 318 201909
rpan1 20190901 011 027 20190901 002 314 201909
rpan1 20190901 011 031 20190901 002 408 201909
rpan1 20190901 011 032 20190901 002 320 201909
rpan1 20190901 011 033 20190901 002 310 201909
rpan1 20190901 011 034 20190901 002 305 201909
rpan1 20190901 011 035 20190901 002 202 201909
rpan1 20190901 011 036 20190901 002 302 201909
rpan1 20190901 011 037 20190901 002 306 201909
rpan1 20190901 011 041 20190901 002 407 201909
rpan1 20190901 011 042 20190901 002 321 201909
rpan1 20190901 011 043 20190901 002 323 201909
rpan1 20190901 011 044 20190901 002 304 201909
rpan1 20190901 011 045 20190901 002 312 201909
rpan1 20190901 011 046 20190901 002 309 201909
rpan1 20190901 011 047 20190901 002 308 201909
rpan1 20190901 011 052 20190901 002 301 201909
rpan1 20190901 011 053 20190901 002 311 201909
rpan1 20190901 011 062 20190901 002 319 201909
rpan1 20190901 011 063 20190901 002 041 201909
rpan1 20190901 011 067 20190901 002 025 201909
rpan1 20190901 011 071 20190901 002 406 201909
rpan1 20190901 011 072 20190901 002 405 201909
rpan1 20190901 011 073 20190901 002 404 201909
rpan1 20190901 011 074 20190901 002 403 201909
rpan1 20190901 011 075 20190901 002 324 201909
rpan1 20190901 011 076 20190901 002 325 201909
rpan1 20190901 011 077 20190901 002 402 201909
rpan1 20190901 011 081 20190901 002 327 201909
rpan1 20190901 011 082 20190901 002 326 201909
rpan1 20190901 011 083 20190901 002 328 201909
rpan1 20190901 011 084 20190901 002 322 201909
rpan1 20190901 011 085 20190901 002 307 201909
rpan1 20190901 011 086 20190901 002 203 201909
rpan1 20190901 011 087 20190901 002 204 201909
rpan1 20190901 011 088 20190901 002 329 201909
rpan1 20190901 011 091 20190901 002 205 201909
rpan1 20190901 011 092 20190901 002 047 201909
rpan1 20190901 011 093 20190901 002 008 201909
rpan1 20190901 011 094 20190901 002 032 201909
rpan1 20190901 011 095 20190901 002 020 201909
rpan1 20190901 011 096 20190901 002 038 201909
rpan1 20190901 011 097 20190901 002 017 201909
rpan1 20190901 011 098 20190901 002 027 201909
rpan1 20190901 011 103 20190901 002 013 201909
rpan1 20190901 011 104 20190901 002 016 201909
rpan1 20190901 011 105 20190901 002 051 201909
rpan1 20190901 011 106 20190901 002 012 201909
rpan1 20190901 012 021 20190901 002 315 201909
rpan1 20190901 012 022 20190901 002 316 201909
rpan1 20190901 012 023 20190901 002 313 201909
rpan1 20190901 012 024 20190901 002 317 201909
rpan1 20190901 012 025 20190901 002 303 201909
rpan1 20190901 012 026 20190901 002 318 201909
rpan1 20190901 012 027 20190901 002 314 201909
rpan1 20190901 012 031 20190901 002 408 201909
rpan1 20190901 012 032 20190901 002 320 201909
rpan1 20190901 012 033 20190901 002 310 201909
rpan1 20190901 012 034 20190901 002 305 201909
rpan1 20190901 012 035 20190901 002 202 201909
rpan1 20190901 012 036 20190901 002 302 201909
rpan1 20190901 012 037 20190901 002 306 201909
rpan1 20190901 012 041 20190901 002 407 201909
rpan1 20190901 012 042 20190901 002 321 201909
rpan1 20190901 012 043 20190901 002 323 201909
rpan1 20190901 012 044 20190901 002 304 201909
rpan1 20190901 012 045 20190901 002 312 201909
rpan1 20190901 012 046 20190901 002 309 201909
rpan1 20190901 012 047 20190901 002 308 201909
rpan1 20190901 012 052 20190901 002 301 201909
rpan1 20190901 012 053 20190901 002 311 201909
rpan1 20190901 012 062 20190901 002 319 201909
rpan1 20190901 012 063 20190901 002 041 201909
rpan1 20190901 012 067 20190901 002 025 201909
rpan1 20190901 012 071 20190901 002 406 201909
rpan1 20190901 012 072 20190901 002 405 201909
rpan1 20190901 012 073 20190901 002 404 201909
rpan1 20190901 012 074 20190901 002 403 201909
rpan1 20190901 012 075 20190901 002 324 201909
rpan1 20190901 012 076 20190901 002 325 201909
rpan1 20190901 012 077 20190901 002 402 201909
rpan1 20190901 012 081 20190901 002 327 201909
rpan1 20190901 012 082 20190901 002 326 201909
rpan1 20190901 012 083 20190901 002 328 201909
rpan1 20190901 012 084 20190901 002 322 201909
rpan1 20190901 012 085 20190901 002 307 201909
rpan1 20190901 012 086 20190901 002 203 201909
rpan1 20190901 012 087 20190901 002 204 201909
rpan1 20190901 012 088 20190901 002 329 201909
rpan1 20190901 012 091 20190901 002 205 201909
rpan1 20190901 012 092 20190901 002 047 201909
rpan1 20190901 012 093 20190901 002 008 201909
rpan1 20190901 012 094 20190901 002 032 201909
rpan1 20190901 012 095 20190901 002 020 201909
rpan1 20190901 012 096 20190901 002 038 201909
rpan1 20190901 012 097 20190901 002 017 201909
rpan1 20190901 012 098 20190901 002 027 201909
rpan1 20190901 012 103 20190901 002 013 201909
rpan1 20190901 012 104 20190901 002 016 201909
rpan1 20190901 012 105 20190901 002 051 201909
rpan1 20190901 012 106 20190901 002 012 201909
rpan1 20190901 013 021 20190901 002 315 201909
rpan1 20190901 013 022 20190901 002 316 201909
rpan1 20190901 013 023 20190901 002 313 201909
rpan1 20190901 013 024 20190901 002 317 201909
rpan1 20190901 013 025 20190901 002 303 201909
rpan1 20190901 013 026 20190901 002 318 201909
rpan1 20190901 013 027 20190901 002 314 201909
rpan1 20190901 013 031 20190901 002 408 201909
rpan1 20190901 013 032 20190901 002 320 201909
rpan1 20190901 013 033 20190901 002 310 201909
rpan1 20190901 013 034 20190901 002 305 201909
rpan1 20190901 013 035 20190901 002 202 201909
rpan1 20190901 013 036 20190901 002 302 201909
rpan1 20190901 013 037 20190901 002 306 201909
rpan1 20190901 013 041 20190901 002 407 201909
rpan1 20190901 013 042 20190901 002 321 201909
rpan1 20190901 013 043 20190901 002 323 201909
rpan1 20190901 013 044 20190901 002 304 201909
rpan1 20190901 013 045 20190901 002 312 201909
rpan1 20190901 013 046 20190901 002 309 201909
rpan1 20190901 013 047 20190901 002 308 201909
rpan1 20190901 013 052 20190901 002 301 201909
rpan1 20190901 013 053 20190901 002 311 201909
rpan1 20190901 013 062 20190901 002 319 201909
rpan1 20190901 013 063 20190901 002 041 201909
rpan1 20190901 013 067 20190901 002 025 201909
rpan1 20190901 013 071 20190901 002 406 201909
rpan1 20190901 013 072 20190901 002 405 201909
rpan1 20190901 013 073 20190901 002 404 201909
rpan1 20190901 013 074 20190901 002 403 201909
rpan1 20190901 013 075 20190901 002 324 201909
rpan1 20190901 013 076 20190901 002 325 201909
rpan1 20190901 013 077 20190901 002 402 201909
rpan1 20190901 013 081 20190901 002 327 201909
rpan1 20190901 013 082 20190901 002 326 201909
rpan1 20190901 013 083 20190901 002 328 201909
rpan1 20190901 013 084 20190901 002 322 201909
rpan1 20190901 013 085 20190901 002 307 201909
rpan1 20190901 013 086 20190901 002 203 201909
rpan1 20190901 013 087 20190901 002 204 201909
rpan1 20190901 013 088 20190901 002 329 201909
rpan1 20190901 013 091 20190901 002 205 201909
rpan1 20190901 013 092 20190901 002 047 201909
rpan1 20190901 013 093 20190901 002 008 201909
rpan1 20190901 013 094 20190901 002 032 201909
rpan1 20190901 013 095 20190901 002 020 201909
rpan1 20190901 013 096 20190901 002 038 201909
rpan1 20190901 013 097 20190901 002 017 201909
rpan1 20190901 013 098 20190901 002 027 201909
rpan1 20190901 013 103 20190901 002 013 201909
rpan1 20190901 013 104 20190901 002 016 201909
rpan1 20190901 013 105 20190901 002 051 201909
rpan1 20190901 013 106 20190901 002 012 201909
rpan1 20190901 014 021 20190901 002 315 201909
rpan1 20190901 014 022 20190901 002 316 201909
rpan1 20190901 014 023 20190901 002 313 201909
rpan1 20190901 014 024 20190901 002 317 201909
rpan1 20190901 014 025 20190901 002 303 201909
rpan1 20190901 014 026 20190901 002 318 201909
rpan1 20190901 014 027 20190901 002 314 201909
rpan1 20190901 014 031 20190901 002 408 201909
rpan1 20190901 014 032 20190901 002 320 201909
rpan1 20190901 014 033 20190901 002 310 201909
rpan1 20190901 014 034 20190901 002 305 201909
rpan1 20190901 014 035 20190901 002 202 201909
rpan1 20190901 014 036 20190901 002 302 201909
rpan1 20190901 014 037 20190901 002 306 201909
rpan1 20190901 014 041 20190901 002 407 201909
rpan1 20190901 014 042 20190901 002 321 201909
rpan1 20190901 014 043 20190901 002 323 201909
rpan1 20190901 014 044 20190901 002 304 201909
rpan1 20190901 014 045 20190901 002 312 201909
rpan1 20190901 014 046 20190901 002 309 201909
rpan1 20190901 014 047 20190901 002 308 201909
rpan1 20190901 014 052 20190901 002 301 201909
rpan1 20190901 014 053 20190901 002 311 201909
rpan1 20190901 014 062 20190901 002 319 201909
rpan1 20190901 014 063 20190901 002 041 201909
rpan1 20190901 014 067 20190901 002 025 201909
rpan1 20190901 014 071 20190901 002 406 201909
rpan1 20190901 014 072 20190901 002 405 201909
rpan1 20190901 014 073 20190901 002 404 201909
rpan1 20190901 014 074 20190901 002 403 201909
rpan1 20190901 014 075 20190901 002 324 201909
rpan1 20190901 014 076 20190901 002 325 201909
rpan1 20190901 014 077 20190901 002 402 201909
rpan1 20190901 014 081 20190901 002 327 201909
rpan1 20190901 014 082 20190901 002 326 201909
rpan1 20190901 014 083 20190901 002 328 201909
rpan1 20190901 014 084 20190901 002 322 201909
rpan1 20190901 014 085 20190901 002 307 201909
rpan1 20190901 014 086 20190901 002 203 201909
rpan1 20190901 014 087 20190901 002 204 201909
rpan1 20190901 014 088 20190901 002 329 201909
rpan1 20190901 014 091 20190901 002 205 201909
rpan1 20190901 014 092 20190901 002 047 201909
rpan1 20190901 014 093 20190901 002 008 201909
rpan1 20190901 014 094 20190901 002 032 201909
rpan1 20190901 014 095 20190901 002 020 201909
rpan1 20190901 014 096 20190901 002 038 201909
rpan1 20190901 014 097 20190901 002 017 201909
rpan1 20190901 014 098 20190901 002 027 201909
rpan1 20190901 014 103 20190901 002 013 201909
rpan1 20190901 014 104 20190901 002 016 201909
rpan1 20190901 014 105 20190901 002 051 201909
rpan1 20190901 014 106 20190901 002 012 201909
rpan1 20190901 015 021 20190901 002 315 201909
rpan1 20190901 015 022 20190901 002 316 201909
rpan1 20190901 015 023 20190901 002 313 201909
rpan1 20190901 015 024 20190901 002 317 201909
rpan1 20190901 015 025 20190901 002 303 201909
rpan1 20190901 015 026 20190901 002 318 201909
rpan1 20190901 015 027 20190901 002 314 201909
rpan1 20190901 015 031 20190901 002 408 201909
rpan1 20190901 015 032 20190901 002 320 201909
rpan1 20190901 015 033 20190901 002 310 201909
rpan1 20190901 015 034 20190901 002 305 201909
rpan1 20190901 015 035 20190901 002 202 201909
rpan1 20190901 015 036 20190901 002 302 201909
rpan1 20190901 015 037 20190901 002 306 201909
rpan1 20190901 015 041 20190901 002 407 201909
rpan1 20190901 015 042 20190901 002 321 201909
rpan1 20190901 015 043 20190901 002 323 201909
rpan1 20190901 015 044 20190901 002 304 201909
rpan1 20190901 015 045 20190901 002 312 201909
rpan1 20190901 015 046 20190901 002 309 201909
rpan1 20190901 015 047 20190901 002 308 201909
rpan1 20190901 015 052 20190901 002 301 201909
rpan1 20190901 015 053 20190901 002 311 201909
rpan1 20190901 015 062 20190901 002 319 201909
rpan1 20190901 015 063 20190901 002 041 201909
rpan1 20190901 015 067 20190901 002 025 201909
rpan1 20190901 015 071 20190901 002 406 201909
rpan1 20190901 015 072 20190901 002 405 201909
rpan1 20190901 015 073 20190901 002 404 201909
rpan1 20190901 015 074 20190901 002 403 201909
rpan1 20190901 015 075 20190901 002 324 201909
rpan1 20190901 015 076 20190901 002 325 201909
rpan1 20190901 015 077 20190901 002 402 201909
rpan1 20190901 015 081 20190901 002 327 201909
rpan1 20190901 015 082 20190901 002 326 201909
rpan1 20190901 015 083 20190901 002 328 201909
rpan1 20190901 015 084 20190901 002 322 201909
rpan1 20190901 015 085 20190901 002 307 201909
rpan1 20190901 015 086 20190901 002 203 201909
rpan1 20190901 015 087 20190901 002 204 201909
rpan1 20190901 015 088 20190901 002 329 201909
rpan1 20190901 015 091 20190901 002 205 201909
rpan1 20190901 015 092 20190901 002 047 201909
rpan1 20190901 015 093 20190901 002 008 201909
rpan1 20190901 015 094 20190901 002 032 201909
rpan1 20190901 015 095 20190901 002 020 201909
rpan1 20190901 015 096 20190901 002 038 201909
rpan1 20190901 015 097 20190901 002 017 201909
rpan1 20190901 015 098 20190901 002 027 201909
rpan1 20190901 015 103 20190901 002 013 201909
rpan1 20190901 015 104 20190901 002 016 201909
rpan1 20190901 015 105 20190901 002 051 201909
rpan1 20190901 015 106 20190901 002 012 201909
rpan1 20190901 016 021 20190901 002 315 201909
rpan1 20190901 016 022 20190901 002 316 201909
rpan1 20190901 016 023 20190901 002 313 201909
rpan1 20190901 016 024 20190901 002 317 201909
rpan1 20190901 016 025 20190901 002 303 201909
rpan1 20190901 016 026 20190901 002 318 201909
rpan1 20190901 016 027 20190901 002 314 201909
rpan1 20190901 016 031 20190901 002 408 201909
rpan1 20190901 016 032 20190901 002 320 201909
rpan1 20190901 016 033 20190901 002 310 201909
rpan1 20190901 016 034 20190901 002 305 201909
rpan1 20190901 016 035 20190901 002 202 201909
rpan1 20190901 016 036 20190901 002 302 201909
rpan1 20190901 016 037 20190901 002 306 201909
rpan1 20190901 016 041 20190901 002 407 201909
rpan1 20190901 016 042 20190901 002 321 201909
rpan1 20190901 016 043 20190901 002 323 201909
rpan1 20190901 016 044 20190901 002 304 201909
rpan1 20190901 016 045 20190901 002 312 201909
rpan1 20190901 016 046 20190901 002 309 201909
rpan1 20190901 016 047 20190901 002 308 201909
rpan1 20190901 016 052 20190901 002 301 201909
rpan1 20190901 016 053 20190901 002 311 201909
rpan1 20190901 016 062 20190901 002 319 201909
rpan1 20190901 016 063 20190901 002 041 201909
rpan1 20190901 016 067 20190901 002 025 201909
rpan1 20190901 016 071 20190901 002 406 201909
rpan1 20190901 016 072 20190901 002 405 201909
rpan1 20190901 016 073 20190901 002 404 201909
rpan1 20190901 016 074 20190901 002 403 201909
rpan1 20190901 016 075 20190901 002 324 201909
rpan1 20190901 016 076 20190901 002 325 201909
rpan1 20190901 016 077 20190901 002 402 201909
rpan1 20190901 016 081 20190901 002 327 201909
rpan1 20190901 016 082 20190901 002 326 201909
rpan1 20190901 016 083 20190901 002 328 201909
rpan1 20190901 016 084 20190901 002 322 201909
rpan1 20190901 016 085 20190901 002 307 201909
rpan1 20190901 016 086 20190901 002 203 201909
rpan1 20190901 016 087 20190901 002 204 201909
rpan1 20190901 016 088 20190901 002 329 201909
rpan1 20190901 016 091 20190901 002 205 201909
rpan1 20190901 016 092 20190901 002 047 201909
rpan1 20190901 016 093 20190901 002 008 201909
rpan1 20190901 016 094 20190901 002 032 201909
rpan1 20190901 016 095 20190901 002 020 201909
rpan1 20190901 016 096 20190901 002 038 201909
rpan1 20190901 016 097 20190901 002 017 201909
rpan1 20190901 016 098 20190901 002 027 201909
rpan1 20190901 016 103 20190901 002 013 201909
rpan1 20190901 016 104 20190901 002 016 201909
rpan1 20190901 016 105 20190901 002 051 201909
rpan1 20190901 016 106 20190901 002 012 201909
rpan1 20190901 017 021 20190901 002 315 201909
rpan1 20190901 017 022 20190901 002 316 201909
rpan1 20190901 017 023 20190901 002 313 201909
rpan1 20190901 017 024 20190901 002 317 201909
rpan1 20190901 017 025 20190901 002 303 201909
rpan1 20190901 017 026 20190901 002 318 201909
rpan1 20190901 017 027 20190901 002 314 201909
rpan1 20190901 017 031 20190901 002 408 201909
rpan1 20190901 017 032 20190901 002 320 201909
rpan1 20190901 017 033 20190901 002 310 201909
rpan1 20190901 017 034 20190901 002 305 201909
rpan1 20190901 017 035 20190901 002 202 201909
rpan1 20190901 017 036 20190901 002 302 201909
rpan1 20190901 017 037 20190901 002 306 201909
rpan1 20190901 017 041 20190901 002 407 201909
rpan1 20190901 017 042 20190901 002 321 201909
rpan1 20190901 017 043 20190901 002 323 201909
rpan1 20190901 017 044 20190901 002 304 201909
rpan1 20190901 017 045 20190901 002 312 201909
rpan1 20190901 017 046 20190901 002 309 201909
rpan1 20190901 017 047 20190901 002 308 201909
rpan1 20190901 017 052 20190901 002 301 201909
rpan1 20190901 017 053 20190901 002 311 201909
rpan1 20190901 017 062 20190901 002 319 201909
rpan1 20190901 017 063 20190901 002 041 201909
rpan1 20190901 017 067 20190901 002 025 201909
rpan1 20190901 017 071 20190901 002 406 201909
rpan1 20190901 017 072 20190901 002 405 201909
rpan1 20190901 017 073 20190901 002 404 201909
rpan1 20190901 017 074 20190901 002 403 201909
rpan1 20190901 017 075 20190901 002 324 201909
rpan1 20190901 017 076 20190901 002 325 201909
rpan1 20190901 017 077 20190901 002 402 201909
rpan1 20190901 017 081 20190901 002 327 201909
rpan1 20190901 017 082 20190901 002 326 201909
rpan1 20190901 017 083 20190901 002 328 201909
rpan1 20190901 017 084 20190901 002 322 201909
rpan1 20190901 017 085 20190901 002 307 201909
rpan1 20190901 017 086 20190901 002 203 201909
rpan1 20190901 017 087 20190901 002 204 201909
rpan1 20190901 017 088 20190901 002 329 201909
rpan1 20190901 017 091 20190901 002 205 201909
rpan1 20190901 017 092 20190901 002 047 201909
rpan1 20190901 017 093 20190901 002 008 201909
rpan1 20190901 017 094 20190901 002 032 201909
rpan1 20190901 017 095 20190901 002 020 201909
rpan1 20190901 017 096 20190901 002 038 201909
rpan1 20190901 017 097 20190901 002 017 201909
rpan1 20190901 017 098 20190901 002 027 201909
rpan1 20190901 017 103 20190901 002 013 201909
rpan1 20190901 017 104 20190901 002 016 201909
rpan1 20190901 017 105 20190901 002 051 201909
rpan1 20190901 017 106 20190901 002 012 201909
rpan1 20190901 018 021 20190901 002 315 201909
rpan1 20190901 018 022 20190901 002 316 201909
rpan1 20190901 018 023 20190901 002 313 201909
rpan1 20190901 018 024 20190901 002 317 201909
rpan1 20190901 018 025 20190901 002 303 201909
rpan1 20190901 018 026 20190901 002 318 201909
rpan1 20190901 018 027 20190901 002 314 201909
rpan1 20190901 018 031 20190901 002 408 201909
rpan1 20190901 018 032 20190901 002 320 201909
rpan1 20190901 018 033 20190901 002 310 201909
rpan1 20190901 018 034 20190901 002 305 201909
rpan1 20190901 018 035 20190901 002 202 201909
rpan1 20190901 018 036 20190901 002 302 201909
rpan1 20190901 018 037 20190901 002 306 201909
rpan1 20190901 018 041 20190901 002 407 201909
rpan1 20190901 018 042 20190901 002 321 201909
rpan1 20190901 018 043 20190901 002 323 201909
rpan1 20190901 018 044 20190901 002 304 201909
rpan1 20190901 018 045 20190901 002 312 201909
rpan1 20190901 018 046 20190901 002 309 201909
rpan1 20190901 018 047 20190901 002 308 201909
rpan1 20190901 018 052 20190901 002 301 201909
rpan1 20190901 018 053 20190901 002 311 201909
rpan1 20190901 018 062 20190901 002 319 201909
rpan1 20190901 018 063 20190901 002 041 201909
rpan1 20190901 018 067 20190901 002 025 201909
rpan1 20190901 018 071 20190901 002 406 201909
rpan1 20190901 018 072 20190901 002 405 201909
rpan1 20190901 018 073 20190901 002 404 201909
rpan1 20190901 018 074 20190901 002 403 201909
rpan1 20190901 018 075 20190901 002 324 201909
rpan1 20190901 018 076 20190901 002 325 201909
rpan1 20190901 018 077 20190901 002 402 201909
rpan1 20190901 018 081 20190901 002 327 201909
rpan1 20190901 018 082 20190901 002 326 201909
rpan1 20190901 018 083 20190901 002 328 201909
rpan1 20190901 018 084 20190901 002 322 201909
rpan1 20190901 018 085 20190901 002 307 201909
rpan1 20190901 018 086 20190901 002 203 201909
rpan1 20190901 018 087 20190901 002 204 201909
rpan1 20190901 018 088 20190901 002 329 201909
rpan1 20190901 018 091 20190901 002 205 201909
rpan1 20190901 018 092 20190901 002 047 201909
rpan1 20190901 018 093 20190901 002 008 201909
rpan1 20190901 018 094 20190901 002 032 201909
rpan1 20190901 018 095 20190901 002 020 201909
rpan1 20190901 018 096 20190901 002 038 201909
rpan1 20190901 018 097 20190901 002 017 201909
rpan1 20190901 018 098 20190901 002 027 201909
rpan1 20190901 018 103 20190901 002 013 201909
rpan1 20190901 018 104 20190901 002 016 201909
rpan1 20190901 018 105 20190901 002 051 201909
rpan1 20190901 018 106 20190901 002 012 201909
rpan1 20190901 019 021 20190901 002 315 201909
rpan1 20190901 019 022 20190901 002 316 201909
rpan1 20190901 019 023 20190901 002 313 201909
rpan1 20190901 019 024 20190901 002 317 201909
rpan1 20190901 019 025 20190901 002 303 201909
rpan1 20190901 019 026 20190901 002 318 201909
rpan1 20190901 019 027 20190901 002 314 201909
rpan1 20190901 019 031 20190901 002 408 201909
rpan1 20190901 019 032 20190901 002 320 201909
rpan1 20190901 019 033 20190901 002 310 201909
rpan1 20190901 019 034 20190901 002 305 201909
rpan1 20190901 019 035 20190901 002 202 201909
rpan1 20190901 019 036 20190901 002 302 201909
rpan1 20190901 019 037 20190901 002 306 201909
rpan1 20190901 019 041 20190901 002 407 201909
rpan1 20190901 019 042 20190901 002 321 201909
rpan1 20190901 019 043 20190901 002 323 201909
rpan1 20190901 019 044 20190901 002 304 201909
rpan1 20190901 019 045 20190901 002 312 201909
rpan1 20190901 019 046 20190901 002 309 201909
rpan1 20190901 019 047 20190901 002 308 201909
rpan1 20190901 019 052 20190901 002 301 201909
rpan1 20190901 019 053 20190901 002 311 201909
rpan1 20190901 019 062 20190901 002 319 201909
rpan1 20190901 019 063 20190901 002 041 201909
rpan1 20190901 019 067 20190901 002 025 201909
rpan1 20190901 019 071 20190901 002 406 201909
rpan1 20190901 019 072 20190901 002 405 201909
rpan1 20190901 019 073 20190901 002 404 201909
rpan1 20190901 019 074 20190901 002 403 201909
rpan1 20190901 019 075 20190901 002 324 201909
rpan1 20190901 019 076 20190901 002 325 201909
rpan1 20190901 019 077 20190901 002 402 201909
rpan1 20190901 019 081 20190901 002 327 201909
rpan1 20190901 019 082 20190901 002 326 201909
rpan1 20190901 019 083 20190901 002 328 201909
rpan1 20190901 019 084 20190901 002 322 201909
rpan1 20190901 019 085 20190901 002 307 201909
rpan1 20190901 019 086 20190901 002 203 201909
rpan1 20190901 019 087 20190901 002 204 201909
rpan1 20190901 019 088 20190901 002 329 201909
rpan1 20190901 019 091 20190901 002 205 201909
rpan1 20190901 019 092 20190901 002 047 201909
rpan1 20190901 019 093 20190901 002 008 201909
rpan1 20190901 019 094 20190901 002 032 201909
rpan1 20190901 019 095 20190901 002 020 201909
rpan1 20190901 019 096 20190901 002 038 201909
rpan1 20190901 019 097 20190901 002 017 201909
rpan1 20190901 019 098 20190901 002 027 201909
rpan1 20190901 019 103 20190901 002 013 201909
rpan1 20190901 019 104 20190901 002 016 201909
rpan1 20190901 019 105 20190901 002 051 201909
rpan1 20190901 019 106 20190901 002 012 201909
rpan1 20190901 020 021 20190901 002 315 201909
rpan1 20190901 020 022 20190901 002 316 201909
rpan1 20190901 020 023 20190901 002 313 201909
rpan1 20190901 020 024 20190901 002 317 201909
rpan1 20190901 020 025 20190901 002 303 201909
rpan1 20190901 020 026 20190901 002 318 201909
rpan1 20190901 020 027 20190901 002 314 201909
rpan1 20190901 020 031 20190901 002 408 201909
rpan1 20190901 020 032 20190901 002 320 201909
rpan1 20190901 020 033 20190901 002 310 201909
rpan1 20190901 020 034 20190901 002 305 201909
rpan1 20190901 020 035 20190901 002 202 201909
rpan1 20190901 020 036 20190901 002 302 201909
rpan1 20190901 020 037 20190901 002 306 201909
rpan1 20190901 020 041 20190901 002 407 201909
rpan1 20190901 020 042 20190901 002 321 201909
rpan1 20190901 020 043 20190901 002 323 201909
rpan1 20190901 020 044 20190901 002 304 201909
rpan1 20190901 020 045 20190901 002 312 201909
rpan1 20190901 020 046 20190901 002 309 201909
rpan1 20190901 020 047 20190901 002 308 201909
rpan1 20190901 020 052 20190901 002 301 201909
rpan1 20190901 020 053 20190901 002 311 201909
rpan1 20190901 020 062 20190901 002 319 201909
rpan1 20190901 020 063 20190901 002 041 201909
rpan1 20190901 020 067 20190901 002 025 201909
rpan1 20190901 020 071 20190901 002 406 201909
rpan1 20190901 020 072 20190901 002 405 201909
rpan1 20190901 020 073 20190901 002 404 201909
rpan1 20190901 020 074 20190901 002 403 201909
rpan1 20190901 020 075 20190901 002 324 201909
rpan1 20190901 020 076 20190901 002 325 201909
rpan1 20190901 020 077 20190901 002 402 201909
rpan1 20190901 020 081 20190901 002 327 201909
rpan1 20190901 020 082 20190901 002 326 201909
rpan1 20190901 020 083 20190901 002 328 201909
rpan1 20190901 020 084 20190901 002 322 201909
rpan1 20190901 020 085 20190901 002 307 201909
rpan1 20190901 020 086 20190901 002 203 201909
rpan1 20190901 020 087 20190901 002 204 201909
rpan1 20190901 020 088 20190901 002 329 201909
rpan1 20190901 020 091 20190901 002 205 201909
rpan1 20190901 020 092 20190901 002 047 201909
rpan1 20190901 020 093 20190901 002 008 201909
rpan1 20190901 020 094 20190901 002 032 201909
rpan1 20190901 020 095 20190901 002 020 201909
rpan1 20190901 020 096 20190901 002 038 201909
rpan1 20190901 020 097 20190901 002 017 201909
rpan1 20190901 020 098 20190901 002 027 201909
rpan1 20190901 020 103 20190901 002 013 201909
rpan1 20190901 020 104 20190901 002 016 201909
rpan1 20190901 020 105 20190901 002 051 201909
rpan1 20190901 020 106 20190901 002 012 201909
rpan1 20190902 005 021 20190902 016 315 201909
rpan1 20190902 005 022 20190902 016 316 201909
rpan1 20190902 005 023 20190902 016 313 201909
rpan1 20190902 005 024 20190902 016 317 201909
rpan1 20190902 005 025 20190902 016 303 201909
rpan1 20190902 005 026 20190902 016 318 201909
rpan1 20190902 005 027 20190902 016 314 201909
rpan1 20190902 005 031 20190902 016 408 201909
rpan1 20190902 005 032 20190902 016 320 201909
rpan1 20190902 005 033 20190902 016 310 201909
rpan1 20190902 005 034 20190902 016 305 201909
rpan1 20190902 005 035 20190902 016 202 201909
rpan1 20190902 005 036 20190902 016 302 201909
rpan1 20190902 005 037 20190902 016 306 201909
rpan1 20190902 005 041 20190902 016 407 201909
rpan1 20190902 005 042 20190902 016 321 201909
rpan1 20190902 005 043 20190902 016 323 201909
rpan1 20190902 005 044 20190902 016 304 201909
rpan1 20190902 005 045 20190902 016 312 201909
rpan1 20190902 005 046 20190902 016 309 201909
rpan1 20190902 005 047 20190902 016 308 201909
rpan1 20190902 005 052 20190902 016 301 201909
rpan1 20190902 005 053 20190902 016 311 201909
rpan1 20190902 005 062 20190902 016 319 201909
rpan1 20190902 005 063 20190902 016 041 201909
rpan1 20190902 005 067 20190902 016 025 201909
rpan1 20190902 005 071 20190902 016 406 201909
rpan1 20190902 005 072 20190902 016 405 201909
rpan1 20190902 005 073 20190902 016 404 201909
rpan1 20190902 005 074 20190902 016 403 201909
rpan1 20190902 005 075 20190902 016 324 201909
rpan1 20190902 005 076 20190902 016 325 201909
rpan1 20190902 005 077 20190902 016 402 201909
rpan1 20190902 005 081 20190902 016 327 201909
rpan1 20190902 005 082 20190902 016 326 201909
rpan1 20190902 005 083 20190902 016 328 201909
rpan1 20190902 005 084 20190902 016 322 201909
rpan1 20190902 005 085 20190902 016 307 201909
rpan1 20190902 005 086 20190902 016 203 201909
rpan1 20190902 005 087 20190902 016 204 201909
rpan1 20190902 005 088 20190902 016 329 201909
rpan1 20190902 005 091 20190902 016 205 201909
rpan1 20190902 005 092 20190902 016 047 201909
rpan1 20190902 005 093 20190902 016 008 201909
rpan1 20190902 005 094 20190902 016 032 201909
rpan1 20190902 005 095 20190902 016 020 201909
rpan1 20190902 005 096 20190902 016 038 201909
rpan1 20190902 005 097 20190902 016 017 201909
rpan1 20190902 005 098 20190902 016 027 201909
rpan1 20190902 005 103 20190902 016 013 201909
rpan1 20190902 005 104 20190902 016 016 201909
rpan1 20190902 005 105 20190902 016 051 201909
rpan1 20190902 005 106 20190902 016 012 201909
rpan1 20190902 006 021 20190902 016 315 201909
rpan1 20190902 006 022 20190902 016 316 201909
rpan1 20190902 006 023 20190902 016 313 201909
rpan1 20190902 006 024 20190902 016 317 201909
rpan1 20190902 006 025 20190902 016 303 201909
rpan1 20190902 006 026 20190902 016 318 201909
rpan1 20190902 006 027 20190902 016 314 201909
rpan1 20190902 006 031 20190902 016 408 201909
rpan1 20190902 006 032 20190902 016 320 201909
rpan1 20190902 006 033 20190902 016 310 201909
rpan1 20190902 006 034 20190902 016 305 201909
rpan1 20190902 006 035 20190902 016 202 201909
rpan1 20190902 006 036 20190902 016 302 201909
rpan1 20190902 006 037 20190902 016 306 201909
rpan1 20190902 006 041 20190902 016 407 201909
rpan1 20190902 006 042 20190902 016 321 201909
rpan1 20190902 006 043 20190902 016 323 201909
rpan1 20190902 006 044 20190902 016 304 201909
rpan1 20190902 006 045 20190902 016 312 201909
rpan1 20190902 006 046 20190902 016 309 201909
rpan1 20190902 006 047 20190902 016 308 201909
rpan1 20190902 006 052 20190902 016 301 201909
rpan1 20190902 006 053 20190902 016 311 201909
rpan1 20190902 006 062 20190902 016 319 201909
rpan1 20190902 006 063 20190902 016 041 201909
rpan1 20190902 006 067 20190902 016 025 201909
rpan1 20190902 006 071 20190902 016 406 201909
rpan1 20190902 006 072 20190902 016 405 201909
rpan1 20190902 006 073 20190902 016 404 201909
rpan1 20190902 006 074 20190902 016 403 201909
rpan1 20190902 006 075 20190902 016 324 201909
rpan1 20190902 006 076 20190902 016 325 201909
rpan1 20190902 006 077 20190902 016 402 201909
rpan1 20190902 006 081 20190902 016 327 201909
rpan1 20190902 006 082 20190902 016 326 201909
rpan1 20190902 006 083 20190902 016 328 201909
rpan1 20190902 006 084 20190902 016 322 201909
rpan1 20190902 006 085 20190902 016 307 201909
rpan1 20190902 006 086 20190902 016 203 201909
rpan1 20190902 006 087 20190902 016 204 201909
rpan1 20190902 006 088 20190902 016 329 201909
rpan1 20190902 006 091 20190902 016 205 201909
rpan1 20190902 006 092 20190902 016 047 201909
rpan1 20190902 006 093 20190902 016 008 201909
rpan1 20190902 006 094 20190902 016 032 201909
rpan1 20190902 006 095 20190902 016 020 201909
rpan1 20190902 006 096 20190902 016 038 201909
rpan1 20190902 006 097 20190902 016 017 201909
rpan1 20190902 006 098 20190902 016 027 201909
rpan1 20190902 006 103 20190902 016 013 201909
rpan1 20190902 006 104 20190902 016 016 201909
rpan1 20190902 006 105 20190902 016 051 201909
rpan1 20190902 006 106 20190902 016 012 201909
rpan1 20190902 007 021 20190902 016 315 201909
rpan1 20190902 007 022 20190902 016 316 201909
rpan1 20190902 007 023 20190902 016 313 201909
rpan1 20190902 007 024 20190902 016 317 201909
rpan1 20190902 007 025 20190902 016 303 201909
rpan1 20190902 007 026 20190902 016 318 201909
rpan1 20190902 007 027 20190902 016 314 201909
rpan1 20190902 007 031 20190902 016 408 201909
rpan1 20190902 007 032 20190902 016 320 201909
rpan1 20190902 007 033 20190902 016 310 201909
rpan1 20190902 007 034 20190902 016 305 201909
rpan1 20190902 007 035 20190902 016 202 201909
rpan1 20190902 007 036 20190902 016 302 201909
rpan1 20190902 007 037 20190902 016 306 201909
rpan1 20190902 007 041 20190902 016 407 201909
rpan1 20190902 007 042 20190902 016 321 201909
rpan1 20190902 007 043 20190902 016 323 201909
rpan1 20190902 007 044 20190902 016 304 201909
rpan1 20190902 007 045 20190902 016 312 201909
rpan1 20190902 007 046 20190902 016 309 201909
rpan1 20190902 007 047 20190902 016 308 201909
rpan1 20190902 007 052 20190902 016 301 201909
rpan1 20190902 007 053 20190902 016 311 201909
rpan1 20190902 007 062 20190902 016 319 201909
rpan1 20190902 007 063 20190902 016 041 201909
rpan1 20190902 007 067 20190902 016 025 201909
rpan1 20190902 007 071 20190902 016 406 201909
rpan1 20190902 007 072 20190902 016 405 201909
rpan1 20190902 007 073 20190902 016 404 201909
rpan1 20190902 007 074 20190902 016 403 201909
rpan1 20190902 007 075 20190902 016 324 201909
rpan1 20190902 007 076 20190902 016 325 201909
rpan1 20190902 007 077 20190902 016 402 201909
rpan1 20190902 007 081 20190902 016 327 201909
rpan1 20190902 007 082 20190902 016 326 201909
rpan1 20190902 007 083 20190902 016 328 201909
rpan1 20190902 007 084 20190902 016 322 201909
rpan1 20190902 007 085 20190902 016 307 201909
rpan1 20190902 007 086 20190902 016 203 201909
rpan1 20190902 007 087 20190902 016 204 201909
rpan1 20190902 007 088 20190902 016 329 201909
rpan1 20190902 007 091 20190902 016 205 201909
rpan1 20190902 007 092 20190902 016 047 201909
rpan1 20190902 007 093 20190902 016 008 201909
rpan1 20190902 007 094 20190902 016 032 201909
rpan1 20190902 007 095 20190902 016 020 201909
rpan1 20190902 007 096 20190902 016 038 201909
rpan1 20190902 007 097 20190902 016 017 201909
rpan1 20190902 007 098 20190902 016 027 201909
rpan1 20190902 007 103 20190902 016 013 201909
rpan1 20190902 007 104 20190902 016 016 201909
rpan1 20190902 007 105 20190902 016 051 201909
rpan1 20190902 007 106 20190902 016 012 201909
rpan1 20190902 009 021 20190902 016 315 201909
rpan1 20190902 009 022 20190902 016 316 201909
rpan1 20190902 009 023 20190902 016 313 201909
rpan1 20190902 009 024 20190902 016 317 201909
rpan1 20190902 009 025 20190902 016 303 201909
rpan1 20190902 009 026 20190902 016 318 201909
rpan1 20190902 009 027 20190902 016 314 201909
rpan1 20190902 009 031 20190902 016 408 201909
rpan1 20190902 009 032 20190902 016 320 201909
rpan1 20190902 009 033 20190902 016 310 201909
rpan1 20190902 009 034 20190902 016 305 201909
rpan1 20190902 009 035 20190902 016 202 201909
rpan1 20190902 009 036 20190902 016 302 201909
rpan1 20190902 009 037 20190902 016 306 201909
rpan1 20190902 009 041 20190902 016 407 201909
rpan1 20190902 009 042 20190902 016 321 201909
rpan1 20190902 009 043 20190902 016 323 201909
rpan1 20190902 009 044 20190902 016 304 201909
rpan1 20190902 009 045 20190902 016 312 201909
rpan1 20190902 009 046 20190902 016 309 201909
rpan1 20190902 009 047 20190902 016 308 201909
rpan1 20190902 009 052 20190902 016 301 201909
rpan1 20190902 009 053 20190902 016 311 201909
rpan1 20190902 009 062 20190902 016 319 201909
rpan1 20190902 009 063 20190902 016 041 201909
rpan1 20190902 009 067 20190902 016 025 201909
rpan1 20190902 009 071 20190902 016 406 201909
rpan1 20190902 009 072 20190902 016 405 201909
rpan1 20190902 009 073 20190902 016 404 201909
rpan1 20190902 009 074 20190902 016 403 201909
rpan1 20190902 009 075 20190902 016 324 201909
rpan1 20190902 009 076 20190902 016 325 201909
rpan1 20190902 009 077 20190902 016 402 201909
rpan1 20190902 009 081 20190902 016 327 201909
rpan1 20190902 009 082 20190902 016 326 201909
rpan1 20190902 009 083 20190902 016 328 201909
rpan1 20190902 009 084 20190902 016 322 201909
rpan1 20190902 009 085 20190902 016 307 201909
rpan1 20190902 009 086 20190902 016 203 201909
rpan1 20190902 009 087 20190902 016 204 201909
rpan1 20190902 009 088 20190902 016 329 201909
rpan1 20190902 009 091 20190902 016 205 201909
rpan1 20190902 009 092 20190902 016 047 201909
rpan1 20190902 009 093 20190902 016 008 201909
rpan1 20190902 009 094 20190902 016 032 201909
rpan1 20190902 009 095 20190902 016 020 201909
rpan1 20190902 009 096 20190902 016 038 201909
rpan1 20190902 009 097 20190902 016 017 201909
rpan1 20190902 009 098 20190902 016 027 201909
rpan1 20190902 009 103 20190902 016 013 201909
rpan1 20190902 009 104 20190902 016 016 201909
rpan1 20190902 009 105 20190902 016 051 201909
rpan1 20190902 009 106 20190902 016 012 201909
rpan1 20190902 010 021 20190902 016 315 201909
rpan1 20190902 010 022 20190902 016 316 201909
rpan1 20190902 010 023 20190902 016 313 201909
rpan1 20190902 010 024 20190902 016 317 201909
rpan1 20190902 010 025 20190902 016 303 201909
rpan1 20190902 010 026 20190902 016 318 201909
rpan1 20190902 010 027 20190902 016 314 201909
rpan1 20190902 010 031 20190902 016 408 201909
rpan1 20190902 010 032 20190902 016 320 201909
rpan1 20190902 010 033 20190902 016 310 201909
rpan1 20190902 010 034 20190902 016 305 201909
rpan1 20190902 010 035 20190902 016 202 201909
rpan1 20190902 010 036 20190902 016 302 201909
rpan1 20190902 010 037 20190902 016 306 201909
rpan1 20190902 010 041 20190902 016 407 201909
rpan1 20190902 010 042 20190902 016 321 201909
rpan1 20190902 010 043 20190902 016 323 201909
rpan1 20190902 010 044 20190902 016 304 201909
rpan1 20190902 010 045 20190902 016 312 201909
rpan1 20190902 010 046 20190902 016 309 201909
rpan1 20190902 010 047 20190902 016 308 201909
rpan1 20190902 010 052 20190902 016 301 201909
rpan1 20190902 010 053 20190902 016 311 201909
rpan1 20190902 010 062 20190902 016 319 201909
rpan1 20190902 010 063 20190902 016 041 201909
rpan1 20190902 010 067 20190902 016 025 201909
rpan1 20190902 010 071 20190902 016 406 201909
rpan1 20190902 010 072 20190902 016 405 201909
rpan1 20190902 010 073 20190902 016 404 201909
rpan1 20190902 010 074 20190902 016 403 201909
rpan1 20190902 010 075 20190902 016 324 201909
rpan1 20190902 010 076 20190902 016 325 201909
rpan1 20190902 010 077 20190902 016 402 201909
rpan1 20190902 010 081 20190902 016 327 201909
rpan1 20190902 010 082 20190902 016 326 201909
rpan1 20190902 010 083 20190902 016 328 201909
rpan1 20190902 010 084 20190902 016 322 201909
rpan1 20190902 010 085 20190902 016 307 201909
rpan1 20190902 010 086 20190902 016 203 201909
rpan1 20190902 010 087 20190902 016 204 201909
rpan1 20190902 010 088 20190902 016 329 201909
rpan1 20190902 010 091 20190902 016 205 201909
rpan1 20190902 010 092 20190902 016 047 201909
rpan1 20190902 010 093 20190902 016 008 201909
rpan1 20190902 010 094 20190902 016 032 201909
rpan1 20190902 010 095 20190902 016 020 201909
rpan1 20190902 010 096 20190902 016 038 201909
rpan1 20190902 010 097 20190902 016 017 201909
rpan1 20190902 010 098 20190902 016 027 201909
rpan1 20190902 010 103 20190902 016 013 201909
rpan1 20190902 010 104 20190902 016 016 201909
rpan1 20190902 010 105 20190902 016 051 201909
rpan1 20190902 010 106 20190902 016 012 201909
rpan1 20190902 011 021 20190902 016 315 201909
rpan1 20190902 011 022 20190902 016 316 201909
rpan1 20190902 011 023 20190902 016 313 201909
rpan1 20190902 011 024 20190902 016 317 201909
rpan1 20190902 011 025 20190902 016 303 201909
rpan1 20190902 011 026 20190902 016 318 201909
rpan1 20190902 011 027 20190902 016 314 201909
rpan1 20190902 011 031 20190902 016 408 201909
rpan1 20190902 011 032 20190902 016 320 201909
rpan1 20190902 011 033 20190902 016 310 201909
rpan1 20190902 011 034 20190902 016 305 201909
rpan1 20190902 011 035 20190902 016 202 201909
rpan1 20190902 011 036 20190902 016 302 201909
rpan1 20190902 011 037 20190902 016 306 201909
rpan1 20190902 011 041 20190902 016 407 201909
rpan1 20190902 011 042 20190902 016 321 201909
rpan1 20190902 011 043 20190902 016 323 201909
rpan1 20190902 011 044 20190902 016 304 201909
rpan1 20190902 011 045 20190902 016 312 201909
rpan1 20190902 011 046 20190902 016 309 201909
rpan1 20190902 011 047 20190902 016 308 201909
rpan1 20190902 011 052 20190902 016 301 201909
rpan1 20190902 011 053 20190902 016 311 201909
rpan1 20190902 011 062 20190902 016 319 201909
rpan1 20190902 011 063 20190902 016 041 201909
rpan1 20190902 011 067 20190902 016 025 201909
rpan1 20190902 011 071 20190902 016 406 201909
rpan1 20190902 011 072 20190902 016 405 201909
rpan1 20190902 011 073 20190902 016 404 201909
rpan1 20190902 011 074 20190902 016 403 201909
rpan1 20190902 011 075 20190902 016 324 201909
rpan1 20190902 011 076 20190902 016 325 201909
rpan1 20190902 011 077 20190902 016 402 201909
rpan1 20190902 011 081 20190902 016 327 201909
rpan1 20190902 011 082 20190902 016 326 201909
rpan1 20190902 011 083 20190902 016 328 201909
rpan1 20190902 011 084 20190902 016 322 201909
rpan1 20190902 011 085 20190902 016 307 201909
rpan1 20190902 011 086 20190902 016 203 201909
rpan1 20190902 011 087 20190902 016 204 201909
rpan1 20190902 011 088 20190902 016 329 201909
rpan1 20190902 011 091 20190902 016 205 201909
rpan1 20190902 011 092 20190902 016 047 201909
rpan1 20190902 011 093 20190902 016 008 201909
rpan1 20190902 011 094 20190902 016 032 201909
rpan1 20190902 011 095 20190902 016 020 201909
rpan1 20190902 011 096 20190902 016 038 201909
rpan1 20190902 011 097 20190902 016 017 201909
rpan1 20190902 011 098 20190902 016 027 201909
rpan1 20190902 011 103 20190902 016 013 201909
rpan1 20190902 011 104 20190902 016 016 201909
rpan1 20190902 011 105 20190902 016 051 201909
rpan1 20190902 011 106 20190902 016 012 201909
rpan1 20190902 012 021 20190902 016 315 201909
rpan1 20190902 012 022 20190902 016 316 201909
rpan1 20190902 012 023 20190902 016 313 201909
rpan1 20190902 012 024 20190902 016 317 201909
rpan1 20190902 012 025 20190902 016 303 201909
rpan1 20190902 012 026 20190902 016 318 201909
rpan1 20190902 012 027 20190902 016 314 201909
rpan1 20190902 012 031 20190902 016 408 201909
rpan1 20190902 012 032 20190902 016 320 201909
rpan1 20190902 012 033 20190902 016 310 201909
rpan1 20190902 012 034 20190902 016 305 201909
rpan1 20190902 012 035 20190902 016 202 201909
rpan1 20190902 012 036 20190902 016 302 201909
rpan1 20190902 012 037 20190902 016 306 201909
rpan1 20190902 012 041 20190902 016 407 201909
rpan1 20190902 012 042 20190902 016 321 201909
rpan1 20190902 012 043 20190902 016 323 201909
rpan1 20190902 012 044 20190902 016 304 201909
rpan1 20190902 012 045 20190902 016 312 201909
rpan1 20190902 012 046 20190902 016 309 201909
rpan1 20190902 012 047 20190902 016 308 201909
rpan1 20190902 012 052 20190902 016 301 201909
rpan1 20190902 012 053 20190902 016 311 201909
rpan1 20190902 012 062 20190902 016 319 201909
rpan1 20190902 012 063 20190902 016 041 201909
rpan1 20190902 012 067 20190902 016 025 201909
rpan1 20190902 012 071 20190902 016 406 201909
rpan1 20190902 012 072 20190902 016 405 201909
rpan1 20190902 012 073 20190902 016 404 201909
rpan1 20190902 012 074 20190902 016 403 201909
rpan1 20190902 012 075 20190902 016 324 201909
rpan1 20190902 012 076 20190902 016 325 201909
rpan1 20190902 012 077 20190902 016 402 201909
rpan1 20190902 012 081 20190902 016 327 201909
rpan1 20190902 012 082 20190902 016 326 201909
rpan1 20190902 012 083 20190902 016 328 201909
rpan1 20190902 012 084 20190902 016 322 201909
rpan1 20190902 012 085 20190902 016 307 201909
rpan1 20190902 012 086 20190902 016 203 201909
rpan1 20190902 012 087 20190902 016 204 201909
rpan1 20190902 012 088 20190902 016 329 201909
rpan1 20190902 012 091 20190902 016 205 201909
rpan1 20190902 012 092 20190902 016 047 201909
rpan1 20190902 012 093 20190902 016 008 201909
rpan1 20190902 012 094 20190902 016 032 201909
rpan1 20190902 012 095 20190902 016 020 201909
rpan1 20190902 012 096 20190902 016 038 201909
rpan1 20190902 012 097 20190902 016 017 201909
rpan1 20190902 012 098 20190902 016 027 201909
rpan1 20190902 012 103 20190902 016 013 201909
rpan1 20190902 012 104 20190902 016 016 201909
rpan1 20190902 012 105 20190902 016 051 201909
rpan1 20190902 012 106 20190902 016 012 201909
rpan1 20190902 013 021 20190902 016 315 201909
rpan1 20190902 013 022 20190902 016 316 201909
rpan1 20190902 013 023 20190902 016 313 201909
rpan1 20190902 013 024 20190902 016 317 201909
rpan1 20190902 013 025 20190902 016 303 201909
rpan1 20190902 013 026 20190902 016 318 201909
rpan1 20190902 013 027 20190902 016 314 201909
rpan1 20190902 013 031 20190902 016 408 201909
rpan1 20190902 013 032 20190902 016 320 201909
rpan1 20190902 013 033 20190902 016 310 201909
rpan1 20190902 013 034 20190902 016 305 201909
rpan1 20190902 013 035 20190902 016 202 201909
rpan1 20190902 013 036 20190902 016 302 201909
rpan1 20190902 013 037 20190902 016 306 201909
rpan1 20190902 013 041 20190902 016 407 201909
rpan1 20190902 013 042 20190902 016 321 201909
rpan1 20190902 013 043 20190902 016 323 201909
rpan1 20190902 013 044 20190902 016 304 201909
rpan1 20190902 013 045 20190902 016 312 201909
rpan1 20190902 013 046 20190902 016 309 201909
rpan1 20190902 013 047 20190902 016 308 201909
rpan1 20190902 013 052 20190902 016 301 201909
rpan1 20190902 013 053 20190902 016 311 201909
rpan1 20190902 013 062 20190902 016 319 201909
rpan1 20190902 013 063 20190902 016 041 201909
rpan1 20190902 013 067 20190902 016 025 201909
rpan1 20190902 013 071 20190902 016 406 201909
rpan1 20190902 013 072 20190902 016 405 201909
rpan1 20190902 013 073 20190902 016 404 201909
rpan1 20190902 013 074 20190902 016 403 201909
rpan1 20190902 013 075 20190902 016 324 201909
rpan1 20190902 013 076 20190902 016 325 201909
rpan1 20190902 013 077 20190902 016 402 201909
rpan1 20190902 013 081 20190902 016 327 201909
rpan1 20190902 013 082 20190902 016 326 201909
rpan1 20190902 013 083 20190902 016 328 201909
rpan1 20190902 013 084 20190902 016 322 201909
rpan1 20190902 013 085 20190902 016 307 201909
rpan1 20190902 013 086 20190902 016 203 201909
rpan1 20190902 013 087 20190902 016 204 201909
rpan1 20190902 013 088 20190902 016 329 201909
rpan1 20190902 013 091 20190902 016 205 201909
rpan1 20190902 013 092 20190902 016 047 201909
rpan1 20190902 013 093 20190902 016 008 201909
rpan1 20190902 013 094 20190902 016 032 201909
rpan1 20190902 013 095 20190902 016 020 201909
rpan1 20190902 013 096 20190902 016 038 201909
rpan1 20190902 013 097 20190902 016 017 201909
rpan1 20190902 013 098 20190902 016 027 201909
rpan1 20190902 013 103 20190902 016 013 201909
rpan1 20190902 013 104 20190902 016 016 201909
rpan1 20190902 013 105 20190902 016 051 201909
rpan1 20190902 013 106 20190902 016 012 201909
rpan1 20190902 014 021 20190902 016 315 201909
rpan1 20190902 014 022 20190902 016 316 201909
rpan1 20190902 014 023 20190902 016 313 201909
rpan1 20190902 014 024 20190902 016 317 201909
rpan1 20190902 014 025 20190902 016 303 201909
rpan1 20190902 014 026 20190902 016 318 201909
rpan1 20190902 014 027 20190902 016 314 201909
rpan1 20190902 014 031 20190902 016 408 201909
rpan1 20190902 014 032 20190902 016 320 201909
rpan1 20190902 014 033 20190902 016 310 201909
rpan1 20190902 014 034 20190902 016 305 201909
rpan1 20190902 014 035 20190902 016 202 201909
rpan1 20190902 014 036 20190902 016 302 201909
rpan1 20190902 014 037 20190902 016 306 201909
rpan1 20190902 014 041 20190902 016 407 201909
rpan1 20190902 014 042 20190902 016 321 201909
rpan1 20190902 014 043 20190902 016 323 201909
rpan1 20190902 014 044 20190902 016 304 201909
rpan1 20190902 014 045 20190902 016 312 201909
rpan1 20190902 014 046 20190902 016 309 201909
rpan1 20190902 014 047 20190902 016 308 201909
rpan1 20190902 014 052 20190902 016 301 201909
rpan1 20190902 014 053 20190902 016 311 201909
rpan1 20190902 014 062 20190902 016 319 201909
rpan1 20190902 014 063 20190902 016 041 201909
rpan1 20190902 014 067 20190902 016 025 201909
rpan1 20190902 014 071 20190902 016 406 201909
rpan1 20190902 014 072 20190902 016 405 201909
rpan1 20190902 014 073 20190902 016 404 201909
rpan1 20190902 014 074 20190902 016 403 201909
rpan1 20190902 014 075 20190902 016 324 201909
rpan1 20190902 014 076 20190902 016 325 201909
rpan1 20190902 014 077 20190902 016 402 201909
rpan1 20190902 014 081 20190902 016 327 201909
rpan1 20190902 014 082 20190902 016 326 201909
rpan1 20190902 014 083 20190902 016 328 201909
rpan1 20190902 014 084 20190902 016 322 201909
rpan1 20190902 014 085 20190902 016 307 201909
rpan1 20190902 014 086 20190902 016 203 201909
rpan1 20190902 014 087 20190902 016 204 201909
rpan1 20190902 014 088 20190902 016 329 201909
rpan1 20190902 014 091 20190902 016 205 201909
rpan1 20190902 014 092 20190902 016 047 201909
rpan1 20190902 014 093 20190902 016 008 201909
rpan1 20190902 014 094 20190902 016 032 201909
rpan1 20190902 014 095 20190902 016 020 201909
rpan1 20190902 014 096 20190902 016 038 201909
rpan1 20190902 014 097 20190902 016 017 201909
rpan1 20190902 014 098 20190902 016 027 201909
rpan1 20190902 014 103 20190902 016 013 201909
rpan1 20190902 014 104 20190902 016 016 201909
rpan1 20190902 014 105 20190902 016 051 201909
rpan1 20190902 014 106 20190902 016 012 201909
rpan1 20190903 011 021 20190903 005 315 201909
rpan1 20190903 011 022 20190903 005 316 201909
rpan1 20190903 011 023 20190903 005 313 201909
rpan1 20190903 011 024 20190903 005 317 201909
rpan1 20190903 011 025 20190903 005 303 201909
rpan1 20190903 011 026 20190903 005 318 201909
rpan1 20190903 011 027 20190903 005 314 201909
rpan1 20190903 011 031 20190903 005 408 201909
rpan1 20190903 011 032 20190903 005 320 201909
rpan1 20190903 011 033 20190903 005 310 201909
rpan1 20190903 011 034 20190903 005 305 201909
rpan1 20190903 011 035 20190903 005 202 201909
rpan1 20190903 011 036 20190903 005 302 201909
rpan1 20190903 011 037 20190903 005 306 201909
rpan1 20190903 011 041 20190903 005 407 201909
rpan1 20190903 011 042 20190903 005 321 201909
rpan1 20190903 011 043 20190903 005 323 201909
rpan1 20190903 011 044 20190903 005 304 201909
rpan1 20190903 011 045 20190903 005 312 201909
rpan1 20190903 011 046 20190903 005 309 201909
rpan1 20190903 011 047 20190903 005 308 201909
rpan1 20190903 011 052 20190903 005 301 201909
rpan1 20190903 011 053 20190903 005 311 201909
rpan1 20190903 011 062 20190903 005 319 201909
rpan1 20190903 011 063 20190903 005 041 201909
rpan1 20190903 011 067 20190903 005 025 201909
rpan1 20190903 011 071 20190903 005 406 201909
rpan1 20190903 011 072 20190903 005 405 201909
rpan1 20190903 011 073 20190903 005 404 201909
rpan1 20190903 011 074 20190903 005 403 201909
rpan1 20190903 011 075 20190903 005 324 201909
rpan1 20190903 011 076 20190903 005 325 201909
rpan1 20190903 011 077 20190903 005 402 201909
rpan1 20190903 011 081 20190903 005 327 201909
rpan1 20190903 011 082 20190903 005 326 201909
rpan1 20190903 011 083 20190903 005 328 201909
rpan1 20190903 011 084 20190903 005 322 201909
rpan1 20190903 011 085 20190903 005 307 201909
rpan1 20190903 011 086 20190903 005 203 201909
rpan1 20190903 011 087 20190903 005 204 201909
rpan1 20190903 011 088 20190903 005 329 201909
rpan1 20190903 011 091 20190903 005 205 201909
rpan1 20190903 011 092 20190903 005 047 201909
rpan1 20190903 011 093 20190903 005 008 201909
rpan1 20190903 011 094 20190903 005 032 201909
rpan1 20190903 011 095 20190903 005 020 201909
rpan1 20190903 011 096 20190903 005 038 201909
rpan1 20190903 011 097 20190903 005 017 201909
rpan1 20190903 011 098 20190903 005 666 201909
rpan1 20190903 011 103 20190903 005 013 201909
rpan1 20190903 011 104 20190903 005 016 201909
rpan1 20190903 011 105 20190903 005 051 201909
rpan1 20190903 011 106 20190903 005 012 201909
rpan1 20190903 012 021 20190903 005 315 201909
rpan1 20190903 012 022 20190903 005 316 201909
rpan1 20190903 012 023 20190903 005 313 201909
rpan1 20190903 012 024 20190903 005 317 201909
rpan1 20190903 012 025 20190903 005 303 201909
rpan1 20190903 012 026 20190903 005 318 201909
rpan1 20190903 012 027 20190903 005 314 201909
rpan1 20190903 012 031 20190903 005 408 201909
rpan1 20190903 012 032 20190903 005 320 201909
rpan1 20190903 012 033 20190903 005 310 201909
rpan1 20190903 012 034 20190903 005 305 201909
rpan1 20190903 012 035 20190903 005 202 201909
rpan1 20190903 012 036 20190903 005 302 201909
rpan1 20190903 012 037 20190903 005 306 201909
rpan1 20190903 012 041 20190903 005 407 201909
rpan1 20190903 012 042 20190903 005 321 201909
rpan1 20190903 012 043 20190903 005 323 201909
rpan1 20190903 012 044 20190903 005 304 201909
rpan1 20190903 012 045 20190903 005 312 201909
rpan1 20190903 012 046 20190903 005 309 201909
rpan1 20190903 012 047 20190903 005 308 201909
rpan1 20190903 012 052 20190903 005 301 201909
rpan1 20190903 012 053 20190903 005 311 201909
rpan1 20190903 012 062 20190903 005 319 201909
rpan1 20190903 012 063 20190903 005 041 201909
rpan1 20190903 012 067 20190903 005 025 201909
rpan1 20190903 012 071 20190903 005 406 201909
rpan1 20190903 012 072 20190903 005 405 201909
rpan1 20190903 012 073 20190903 005 404 201909
rpan1 20190903 012 074 20190903 005 403 201909
rpan1 20190903 012 075 20190903 005 324 201909
rpan1 20190903 012 076 20190903 005 325 201909
rpan1 20190903 012 077 20190903 005 402 201909
rpan1 20190903 012 081 20190903 005 327 201909
rpan1 20190903 012 082 20190903 005 326 201909
rpan1 20190903 012 083 20190903 005 328 201909
rpan1 20190903 012 084 20190903 005 322 201909
rpan1 20190903 012 085 20190903 005 307 201909
rpan1 20190903 012 086 20190903 005 203 201909
rpan1 20190903 012 087 20190903 005 204 201909
rpan1 20190903 012 088 20190903 005 329 201909
rpan1 20190903 012 091 20190903 005 205 201909
rpan1 20190903 012 092 20190903 005 047 201909
rpan1 20190903 012 093 20190903 005 008 201909
rpan1 20190903 012 094 20190903 005 032 201909
rpan1 20190903 012 095 20190903 005 020 201909
rpan1 20190903 012 096 20190903 005 038 201909
rpan1 20190903 012 097 20190903 005 017 201909
rpan1 20190903 012 098 20190903 005 666 201909
rpan1 20190903 012 103 20190903 005 013 201909
rpan1 20190903 012 104 20190903 005 016 201909
rpan1 20190903 012 105 20190903 005 051 201909
rpan1 20190903 012 106 20190903 005 012 201909
rpan1 20190903 013 021 20190903 005 315 201909
rpan1 20190903 013 022 20190903 005 316 201909
rpan1 20190903 013 023 20190903 005 313 201909
rpan1 20190903 013 024 20190903 005 317 201909
rpan1 20190903 013 025 20190903 005 303 201909
rpan1 20190903 013 026 20190903 005 318 201909
rpan1 20190903 013 027 20190903 005 314 201909
rpan1 20190903 013 031 20190903 005 408 201909
rpan1 20190903 013 032 20190903 005 320 201909
rpan1 20190903 013 033 20190903 005 310 201909
rpan1 20190903 013 034 20190903 005 305 201909
rpan1 20190903 013 035 20190903 005 202 201909
rpan1 20190903 013 036 20190903 005 302 201909
rpan1 20190903 013 037 20190903 005 306 201909
rpan1 20190903 013 041 20190903 005 407 201909
rpan1 20190903 013 042 20190903 005 321 201909
rpan1 20190903 013 043 20190903 005 323 201909
rpan1 20190903 013 044 20190903 005 304 201909
rpan1 20190903 013 045 20190903 005 312 201909
rpan1 20190903 013 046 20190903 005 309 201909
rpan1 20190903 013 047 20190903 005 308 201909
rpan1 20190903 013 052 20190903 005 301 201909
rpan1 20190903 013 053 20190903 005 311 201909
rpan1 20190903 013 062 20190903 005 319 201909
rpan1 20190903 013 063 20190903 005 041 201909
rpan1 20190903 013 067 20190903 005 025 201909
rpan1 20190903 013 071 20190903 005 406 201909
rpan1 20190903 013 072 20190903 005 405 201909
rpan1 20190903 013 073 20190903 005 404 201909
rpan1 20190903 013 074 20190903 005 403 201909
rpan1 20190903 013 075 20190903 005 324 201909
rpan1 20190903 013 076 20190903 005 325 201909
rpan1 20190903 013 077 20190903 005 402 201909
rpan1 20190903 013 081 20190903 005 327 201909
rpan1 20190903 013 082 20190903 005 326 201909
rpan1 20190903 013 083 20190903 005 328 201909
rpan1 20190903 013 084 20190903 005 322 201909
rpan1 20190903 013 085 20190903 005 307 201909
rpan1 20190903 013 086 20190903 005 203 201909
rpan1 20190903 013 087 20190903 005 204 201909
rpan1 20190903 013 088 20190903 005 329 201909
rpan1 20190903 013 091 20190903 005 205 201909
rpan1 20190903 013 092 20190903 005 047 201909
rpan1 20190903 013 093 20190903 005 008 201909
rpan1 20190903 013 094 20190903 005 032 201909
rpan1 20190903 013 095 20190903 005 020 201909
rpan1 20190903 013 096 20190903 005 038 201909
rpan1 20190903 013 097 20190903 005 017 201909
rpan1 20190903 013 098 20190903 005 666 201909
rpan1 20190903 013 103 20190903 005 013 201909
rpan1 20190903 013 104 20190903 005 016 201909
rpan1 20190903 013 105 20190903 005 051 201909
rpan1 20190903 013 106 20190903 005 012 201909
rpan1 20190903 014 021 20190903 005 315 201909
rpan1 20190903 014 022 20190903 005 316 201909
rpan1 20190903 014 023 20190903 005 313 201909
rpan1 20190903 014 024 20190903 005 317 201909
rpan1 20190903 014 025 20190903 005 303 201909
rpan1 20190903 014 026 20190903 005 318 201909
rpan1 20190903 014 027 20190903 005 314 201909
rpan1 20190903 014 031 20190903 005 408 201909
rpan1 20190903 014 032 20190903 005 320 201909
rpan1 20190903 014 033 20190903 005 310 201909
rpan1 20190903 014 034 20190903 005 305 201909
rpan1 20190903 014 035 20190903 005 202 201909
rpan1 20190903 014 036 20190903 005 302 201909
rpan1 20190903 014 037 20190903 005 306 201909
rpan1 20190903 014 041 20190903 005 407 201909
rpan1 20190903 014 042 20190903 005 321 201909
rpan1 20190903 014 043 20190903 005 323 201909
rpan1 20190903 014 044 20190903 005 304 201909
rpan1 20190903 014 045 20190903 005 312 201909
rpan1 20190903 014 046 20190903 005 309 201909
rpan1 20190903 014 047 20190903 005 308 201909
rpan1 20190903 014 052 20190903 005 301 201909
rpan1 20190903 014 053 20190903 005 311 201909
rpan1 20190903 014 062 20190903 005 319 201909
rpan1 20190903 014 063 20190903 005 041 201909
rpan1 20190903 014 067 20190903 005 025 201909
rpan1 20190903 014 071 20190903 005 406 201909
rpan1 20190903 014 072 20190903 005 405 201909
rpan1 20190903 014 073 20190903 005 404 201909
rpan1 20190903 014 074 20190903 005 403 201909
rpan1 20190903 014 075 20190903 005 324 201909
rpan1 20190903 014 076 20190903 005 325 201909
rpan1 20190903 014 077 20190903 005 402 201909
rpan1 20190903 014 081 20190903 005 327 201909
rpan1 20190903 014 082 20190903 005 326 201909
rpan1 20190903 014 083 20190903 005 328 201909
rpan1 20190903 014 084 20190903 005 322 201909
rpan1 20190903 014 085 20190903 005 307 201909
rpan1 20190903 014 086 20190903 005 203 201909
rpan1 20190903 014 087 20190903 005 204 201909
rpan1 20190903 014 088 20190903 005 329 201909
rpan1 20190903 014 091 20190903 005 205 201909
rpan1 20190903 014 092 20190903 005 047 201909
rpan1 20190903 014 093 20190903 005 008 201909
rpan1 20190903 014 094 20190903 005 032 201909
rpan1 20190903 014 095 20190903 005 020 201909
rpan1 20190903 014 096 20190903 005 038 201909
rpan1 20190903 014 097 20190903 005 017 201909
rpan1 20190903 014 098 20190903 005 666 201909
rpan1 20190903 014 103 20190903 005 013 201909
rpan1 20190903 014 104 20190903 005 016 201909
rpan1 20190903 014 105 20190903 005 051 201909
rpan1 20190903 014 106 20190903 005 012 201909
