rgetcal2 015 201909 410
rgetcal2 016 201909 409
rgetcal2 021 201909 315
rgetcal2 022 201909 316
rgetcal2 023 201909 313
rgetcal2 024 201909 317
rgetcal2 025 201909 303
rgetcal2 026 201909 318
rgetcal2 027 201909 314
rgetcal2 031 201909 408
rgetcal2 032 201909 320
rgetcal2 033 201909 310
rgetcal2 034 201909 305
rgetcal2 035 201909 202
rgetcal2 036 201909 302
rgetcal2 037 201909 306
rgetcal2 041 201909 407
rgetcal2 042 201909 321
rgetcal2 043 201909 323
rgetcal2 044 201909 304
rgetcal2 045 201909 312
rgetcal2 046 201909 309
rgetcal2 047 201909 308
rgetcal2 052 201909 301
rgetcal2 053 201909 311
rgetcal2 062 201909 319
rgetcal2 063 201909 041
rgetcal2 067 201909 025
rgetcal2 071 201909 406
rgetcal2 072 201909 405
rgetcal2 073 201909 404
rgetcal2 074 201909 403
rgetcal2 075 201909 324
rgetcal2 076 201909 325
rgetcal2 077 201909 402
rgetcal2 081 201909 327
rgetcal2 082 201909 326
rgetcal2 083 201909 328
rgetcal2 084 201909 322
rgetcal2 085 201909 307
rgetcal2 086 201909 203
rgetcal2 087 201909 204
rgetcal2 088 201909 329
rgetcal2 091 201909 205
rgetcal2 092 201909 047
rgetcal2 092 201909 330
rgetcal2 093 201909 008
rgetcal2 094 201909 032
rgetcal2 095 201909 020
rgetcal2 096 201909 038
rgetcal2 097 201909 017
rgetcal2 098 201909 027
rgetcal2 103 201909 013
rgetcal2 104 201909 016
rgetcal2 105 201909 051
rgetcal2 106 201909 012
