rgetcal2 013 202309 412
rgetcal2 014 202309 411
rgetcal2 015 202309 317
rgetcal2 016 202309 409
rgetcal2 021 202309 315
rgetcal2 022 202309 316
rgetcal2 023 202309 313
rgetcal2 024 202309 410
rgetcal2 025 202309 303
rgetcal2 026 202309 318
rgetcal2 027 202309 314
rgetcal2 028 202309 413
rgetcal2 030 202309 420
rgetcal2 031 202309 408
rgetcal2 032 202309 320
rgetcal2 033 202309 310
rgetcal2 034 202309 305
rgetcal2 035 202309 202
rgetcal2 036 202309 302
rgetcal2 037 202309 306
rgetcal2 038 202309 414
rgetcal2 039 202309 424
rgetcal2 040 202309 419
rgetcal2 041 202309 407
rgetcal2 042 202309 321
rgetcal2 043 202309 323
rgetcal2 044 202309 304
rgetcal2 045 202309 312
rgetcal2 046 202309 309
rgetcal2 047 202309 308
rgetcal2 048 202309 415
rgetcal2 049 202309 425
rgetcal2 050 202309 504
rgetcal2 051 202309 503
rgetcal2 052 202309 301
rgetcal2 053 202309 311
rgetcal2 057 202309 418
rgetcal2 058 202309 416
rgetcal2 059 202309 508
rgetcal2 060 202309 206
rgetcal2 061 202309 427
rgetcal2 062 202309 319
rgetcal2 063 202309 511
rgetcal2 067 202309 025
rgetcal2 068 202309 417
rgetcal2 069 202309 421
rgetcal2 070 202309 502
rgetcal2 071 202309 406
rgetcal2 072 202309 405
rgetcal2 073 202309 404
rgetcal2 074 202309 403
rgetcal2 075 202309 324
rgetcal2 076 202309 325
rgetcal2 077 202309 402
rgetcal2 078 202309 422
rgetcal2 079 202309 401
rgetcal2 080 202309 501
rgetcal2 081 202309 327
rgetcal2 082 202309 326
rgetcal2 083 202309 328
rgetcal2 084 202309 322
rgetcal2 085 202309 307
rgetcal2 086 202309 203
rgetcal2 087 202309 204
rgetcal2 088 202309 329
rgetcal2 089 202309 423
rgetcal2 091 202309 205
rgetcal2 092 202309 330
rgetcal2 093 202309 507
rgetcal2 094 202309 509
rgetcal2 095 202309 426
rgetcal2 096 202309 510
rgetcal2 097 202309 505
rgetcal2 098 202309 027
rgetcal2 103 202309 514
rgetcal2 104 202309 512
rgetcal2 105 202309 513
rgetcal2 106 202309 506
