rgetcal2 013 202403 412
rgetcal2 014 202403 411
rgetcal2 015 202403 317
rgetcal2 016 202403 409
rgetcal2 021 202403 315
rgetcal2 022 202403 316
rgetcal2 023 202403 313
rgetcal2 024 202403 410
rgetcal2 025 202403 303
rgetcal2 026 202403 318
rgetcal2 027 202403 314
rgetcal2 028 202403 413
rgetcal2 030 202403 420
rgetcal2 031 202403 408
rgetcal2 032 202403 320
rgetcal2 033 202403 310
rgetcal2 034 202403 305
rgetcal2 035 202403 202
rgetcal2 036 202403 302
rgetcal2 037 202403 306
rgetcal2 038 202403 414
rgetcal2 039 202403 424
rgetcal2 040 202403 419
rgetcal2 041 202403 407
rgetcal2 042 202403 321
rgetcal2 043 202403 323
rgetcal2 044 202403 304
rgetcal2 045 202403 312
rgetcal2 046 202403 309
rgetcal2 047 202403 308
rgetcal2 048 202403 415
rgetcal2 049 202403 425
rgetcal2 050 202403 504
rgetcal2 051 202403 503
rgetcal2 052 202403 301
rgetcal2 053 202403 311
rgetcal2 057 202403 418
rgetcal2 058 202403 416
rgetcal2 059 202403 508
rgetcal2 060 202403 206
rgetcal2 061 202403 427
rgetcal2 062 202403 319
rgetcal2 063 202403 511
rgetcal2 067 202403 025
rgetcal2 068 202403 417
rgetcal2 069 202403 421
rgetcal2 070 202403 502
rgetcal2 071 202403 406
rgetcal2 072 202403 405
rgetcal2 073 202403 404
rgetcal2 074 202403 403
rgetcal2 075 202403 324
rgetcal2 076 202403 325
rgetcal2 077 202403 402
rgetcal2 078 202403 422
rgetcal2 079 202403 401
rgetcal2 080 202403 501
rgetcal2 081 202403 327
rgetcal2 082 202403 326
rgetcal2 083 202403 328
rgetcal2 084 202403 322
rgetcal2 085 202403 307
rgetcal2 086 202403 203
rgetcal2 087 202403 204
rgetcal2 088 202403 329
rgetcal2 089 202403 423
rgetcal2 091 202403 205
rgetcal2 092 202403 330
rgetcal2 093 202403 507
rgetcal2 094 202403 509
rgetcal2 095 202403 426
rgetcal2 096 202403 510
rgetcal2 097 202403 505
rgetcal2 098 202403 027
rgetcal2 103 202403 514
rgetcal2 104 202403 512
rgetcal2 105 202403 513
rgetcal2 106 202403 506
