rgetcal2 013 202407 412
rgetcal2 014 202407 411
rgetcal2 015 202407 317
rgetcal2 016 202407 409
rgetcal2 021 202407 315
rgetcal2 022 202407 316
rgetcal2 023 202407 313
rgetcal2 024 202407 410
rgetcal2 025 202407 303
rgetcal2 026 202407 318
rgetcal2 027 202407 314
rgetcal2 028 202407 413
rgetcal2 030 202407 420
rgetcal2 031 202407 408
rgetcal2 032 202407 320
rgetcal2 033 202407 310
rgetcal2 034 202407 305
rgetcal2 035 202407 202
rgetcal2 036 202407 302
rgetcal2 037 202407 306
rgetcal2 038 202407 414
rgetcal2 039 202407 424
rgetcal2 040 202407 419
rgetcal2 041 202407 407
rgetcal2 042 202407 321
rgetcal2 043 202407 323
rgetcal2 044 202407 304
rgetcal2 045 202407 312
rgetcal2 046 202407 309
rgetcal2 047 202407 308
rgetcal2 048 202407 415
rgetcal2 049 202407 425
rgetcal2 050 202407 504
rgetcal2 051 202407 503
rgetcal2 052 202407 301
rgetcal2 053 202407 311
rgetcal2 057 202407 418
rgetcal2 058 202407 416
rgetcal2 059 202407 508
rgetcal2 060 202407 206
rgetcal2 061 202407 427
rgetcal2 062 202407 319
rgetcal2 063 202407 511
rgetcal2 067 202407 025
rgetcal2 068 202407 417
rgetcal2 069 202407 421
rgetcal2 070 202407 502
rgetcal2 071 202407 406
rgetcal2 072 202407 405
rgetcal2 073 202407 404
rgetcal2 074 202407 403
rgetcal2 075 202407 324
rgetcal2 076 202407 325
rgetcal2 077 202407 402
rgetcal2 078 202407 422
rgetcal2 079 202407 401
rgetcal2 080 202407 501
rgetcal2 081 202407 327
rgetcal2 082 202407 326
rgetcal2 083 202407 328
rgetcal2 084 202407 322
rgetcal2 085 202407 307
rgetcal2 086 202407 203
rgetcal2 087 202407 204
rgetcal2 088 202407 329
rgetcal2 089 202407 423
rgetcal2 091 202407 205
rgetcal2 092 202407 330
rgetcal2 093 202407 507
rgetcal2 094 202407 509
rgetcal2 095 202407 426
rgetcal2 096 202407 510
rgetcal2 097 202407 505
rgetcal2 098 202407 027
rgetcal2 103 202407 514
rgetcal2 104 202407 512
rgetcal2 105 202407 513
rgetcal2 106 202407 506
