rgetcal2 013 202406 412
rgetcal2 014 202406 411
rgetcal2 015 202406 317
rgetcal2 016 202406 409
rgetcal2 021 202406 315
rgetcal2 022 202406 316
rgetcal2 023 202406 313
rgetcal2 024 202406 410
rgetcal2 025 202406 303
rgetcal2 026 202406 318
rgetcal2 027 202406 314
rgetcal2 028 202406 413
rgetcal2 030 202406 420
rgetcal2 031 202406 408
rgetcal2 032 202406 320
rgetcal2 033 202406 310
rgetcal2 034 202406 305
rgetcal2 035 202406 202
rgetcal2 036 202406 302
rgetcal2 037 202406 306
rgetcal2 038 202406 414
rgetcal2 039 202406 424
rgetcal2 040 202406 419
rgetcal2 041 202406 407
rgetcal2 042 202406 321
rgetcal2 043 202406 323
rgetcal2 044 202406 304
rgetcal2 045 202406 312
rgetcal2 046 202406 309
rgetcal2 047 202406 308
rgetcal2 048 202406 415
rgetcal2 049 202406 425
rgetcal2 050 202406 504
rgetcal2 051 202406 503
rgetcal2 052 202406 301
rgetcal2 053 202406 311
rgetcal2 057 202406 418
rgetcal2 058 202406 416
rgetcal2 059 202406 508
rgetcal2 060 202406 206
rgetcal2 061 202406 427
rgetcal2 062 202406 319
rgetcal2 063 202406 511
rgetcal2 067 202406 025
rgetcal2 068 202406 417
rgetcal2 069 202406 421
rgetcal2 070 202406 502
rgetcal2 071 202406 406
rgetcal2 072 202406 405
rgetcal2 073 202406 404
rgetcal2 074 202406 403
rgetcal2 075 202406 324
rgetcal2 076 202406 325
rgetcal2 077 202406 402
rgetcal2 078 202406 422
rgetcal2 079 202406 401
rgetcal2 080 202406 501
rgetcal2 081 202406 327
rgetcal2 082 202406 326
rgetcal2 083 202406 328
rgetcal2 084 202406 322
rgetcal2 085 202406 307
rgetcal2 086 202406 203
rgetcal2 087 202406 204
rgetcal2 088 202406 329
rgetcal2 089 202406 423
rgetcal2 091 202406 205
rgetcal2 092 202406 330
rgetcal2 093 202406 507
rgetcal2 094 202406 509
rgetcal2 095 202406 426
rgetcal2 096 202406 510
rgetcal2 097 202406 505
rgetcal2 098 202406 027
rgetcal2 103 202406 514
rgetcal2 104 202406 512
rgetcal2 105 202406 513
rgetcal2 106 202406 506
