rgetcal2 013 202402 412
rgetcal2 014 202402 411
rgetcal2 015 202402 317
rgetcal2 016 202402 409
rgetcal2 021 202402 315
rgetcal2 022 202402 316
rgetcal2 023 202402 313
rgetcal2 024 202402 410
rgetcal2 025 202402 303
rgetcal2 026 202402 318
rgetcal2 027 202402 314
rgetcal2 028 202402 413
rgetcal2 030 202402 420
rgetcal2 031 202402 408
rgetcal2 032 202402 320
rgetcal2 033 202402 310
rgetcal2 034 202402 305
rgetcal2 035 202402 202
rgetcal2 036 202402 302
rgetcal2 037 202402 306
rgetcal2 038 202402 414
rgetcal2 039 202402 424
rgetcal2 040 202402 419
rgetcal2 041 202402 407
rgetcal2 042 202402 321
rgetcal2 043 202402 323
rgetcal2 044 202402 304
rgetcal2 045 202402 312
rgetcal2 046 202402 309
rgetcal2 047 202402 308
rgetcal2 048 202402 415
rgetcal2 049 202402 425
rgetcal2 050 202402 504
rgetcal2 051 202402 503
rgetcal2 052 202402 301
rgetcal2 053 202402 311
rgetcal2 057 202402 418
rgetcal2 058 202402 416
rgetcal2 059 202402 508
rgetcal2 060 202402 206
rgetcal2 061 202402 427
rgetcal2 062 202402 319
rgetcal2 063 202402 511
rgetcal2 067 202402 025
rgetcal2 068 202402 417
rgetcal2 069 202402 421
rgetcal2 070 202402 502
rgetcal2 071 202402 406
rgetcal2 072 202402 405
rgetcal2 073 202402 404
rgetcal2 074 202402 403
rgetcal2 075 202402 324
rgetcal2 076 202402 325
rgetcal2 077 202402 402
rgetcal2 078 202402 422
rgetcal2 079 202402 401
rgetcal2 080 202402 501
rgetcal2 081 202402 327
rgetcal2 082 202402 326
rgetcal2 083 202402 328
rgetcal2 084 202402 322
rgetcal2 085 202402 307
rgetcal2 086 202402 203
rgetcal2 087 202402 204
rgetcal2 088 202402 329
rgetcal2 089 202402 423
rgetcal2 091 202402 205
rgetcal2 092 202402 330
rgetcal2 093 202402 507
rgetcal2 094 202402 509
rgetcal2 095 202402 426
rgetcal2 096 202402 510
rgetcal2 097 202402 505
rgetcal2 098 202402 027
rgetcal2 103 202402 514
rgetcal2 104 202402 512
rgetcal2 105 202402 513
rgetcal2 106 202402 506
