rgetcal2 013 202310 412
rgetcal2 014 202310 411
rgetcal2 015 202310 317
rgetcal2 016 202310 409
rgetcal2 021 202310 315
rgetcal2 022 202310 316
rgetcal2 023 202310 313
rgetcal2 024 202310 410
rgetcal2 025 202310 303
rgetcal2 026 202310 318
rgetcal2 027 202310 314
rgetcal2 028 202310 413
rgetcal2 030 202310 420
rgetcal2 031 202310 408
rgetcal2 032 202310 320
rgetcal2 033 202310 310
rgetcal2 034 202310 305
rgetcal2 035 202310 202
rgetcal2 036 202310 302
rgetcal2 037 202310 306
rgetcal2 038 202310 414
rgetcal2 039 202310 424
rgetcal2 040 202310 419
rgetcal2 041 202310 407
rgetcal2 042 202310 321
rgetcal2 043 202310 323
rgetcal2 044 202310 304
rgetcal2 045 202310 312
rgetcal2 046 202310 309
rgetcal2 047 202310 308
rgetcal2 048 202310 415
rgetcal2 049 202310 425
rgetcal2 050 202310 504
rgetcal2 051 202310 503
rgetcal2 052 202310 301
rgetcal2 053 202310 311
rgetcal2 057 202310 418
rgetcal2 058 202310 416
rgetcal2 059 202310 508
rgetcal2 060 202310 206
rgetcal2 061 202310 427
rgetcal2 062 202310 319
rgetcal2 063 202310 511
rgetcal2 067 202310 025
rgetcal2 068 202310 417
rgetcal2 069 202310 421
rgetcal2 070 202310 502
rgetcal2 071 202310 406
rgetcal2 072 202310 405
rgetcal2 073 202310 404
rgetcal2 074 202310 403
rgetcal2 075 202310 324
rgetcal2 076 202310 325
rgetcal2 077 202310 402
rgetcal2 078 202310 422
rgetcal2 079 202310 401
rgetcal2 080 202310 501
rgetcal2 081 202310 327
rgetcal2 082 202310 326
rgetcal2 083 202310 328
rgetcal2 084 202310 322
rgetcal2 085 202310 307
rgetcal2 086 202310 203
rgetcal2 087 202310 204
rgetcal2 088 202310 329
rgetcal2 089 202310 423
rgetcal2 091 202310 205
rgetcal2 092 202310 330
rgetcal2 093 202310 507
rgetcal2 094 202310 509
rgetcal2 095 202310 426
rgetcal2 096 202310 510
rgetcal2 097 202310 505
rgetcal2 098 202310 027
rgetcal2 103 202310 514
rgetcal2 104 202310 512
rgetcal2 105 202310 513
rgetcal2 106 202310 506
