rgetcal2 013 202405 412
rgetcal2 014 202405 411
rgetcal2 015 202405 317
rgetcal2 016 202405 409
rgetcal2 021 202405 315
rgetcal2 022 202405 316
rgetcal2 023 202405 313
rgetcal2 024 202405 410
rgetcal2 025 202405 303
rgetcal2 026 202405 318
rgetcal2 027 202405 314
rgetcal2 028 202405 413
rgetcal2 030 202405 420
rgetcal2 031 202405 408
rgetcal2 032 202405 320
rgetcal2 033 202405 310
rgetcal2 034 202405 305
rgetcal2 035 202405 202
rgetcal2 036 202405 302
rgetcal2 037 202405 306
rgetcal2 038 202405 414
rgetcal2 039 202405 424
rgetcal2 040 202405 419
rgetcal2 041 202405 407
rgetcal2 042 202405 321
rgetcal2 043 202405 323
rgetcal2 044 202405 304
rgetcal2 045 202405 312
rgetcal2 046 202405 309
rgetcal2 047 202405 308
rgetcal2 048 202405 415
rgetcal2 049 202405 425
rgetcal2 050 202405 504
rgetcal2 051 202405 503
rgetcal2 052 202405 301
rgetcal2 053 202405 311
rgetcal2 057 202405 418
rgetcal2 058 202405 416
rgetcal2 059 202405 508
rgetcal2 060 202405 206
rgetcal2 061 202405 427
rgetcal2 062 202405 319
rgetcal2 063 202405 511
rgetcal2 067 202405 025
rgetcal2 068 202405 417
rgetcal2 069 202405 421
rgetcal2 070 202405 502
rgetcal2 071 202405 406
rgetcal2 072 202405 405
rgetcal2 073 202405 404
rgetcal2 074 202405 403
rgetcal2 075 202405 324
rgetcal2 076 202405 325
rgetcal2 077 202405 402
rgetcal2 078 202405 422
rgetcal2 079 202405 401
rgetcal2 080 202405 501
rgetcal2 081 202405 327
rgetcal2 082 202405 326
rgetcal2 083 202405 328
rgetcal2 084 202405 322
rgetcal2 085 202405 307
rgetcal2 086 202405 203
rgetcal2 087 202405 204
rgetcal2 088 202405 329
rgetcal2 089 202405 423
rgetcal2 091 202405 205
rgetcal2 092 202405 330
rgetcal2 093 202405 507
rgetcal2 094 202405 509
rgetcal2 095 202405 426
rgetcal2 096 202405 510
rgetcal2 097 202405 505
rgetcal2 098 202405 027
rgetcal2 103 202405 514
rgetcal2 104 202405 512
rgetcal2 105 202405 513
rgetcal2 106 202405 506
