rgetcal2 013 202404 412
rgetcal2 014 202404 411
rgetcal2 015 202404 317
rgetcal2 016 202404 409
rgetcal2 021 202404 315
rgetcal2 022 202404 316
rgetcal2 023 202404 313
rgetcal2 024 202404 410
rgetcal2 025 202404 303
rgetcal2 026 202404 318
rgetcal2 027 202404 314
rgetcal2 028 202404 413
rgetcal2 030 202404 420
rgetcal2 031 202404 408
rgetcal2 032 202404 320
rgetcal2 033 202404 310
rgetcal2 034 202404 305
rgetcal2 035 202404 202
rgetcal2 036 202404 302
rgetcal2 037 202404 306
rgetcal2 038 202404 414
rgetcal2 039 202404 424
rgetcal2 040 202404 419
rgetcal2 041 202404 407
rgetcal2 042 202404 321
rgetcal2 043 202404 323
rgetcal2 044 202404 304
rgetcal2 045 202404 312
rgetcal2 046 202404 309
rgetcal2 047 202404 308
rgetcal2 048 202404 415
rgetcal2 049 202404 425
rgetcal2 050 202404 504
rgetcal2 051 202404 503
rgetcal2 052 202404 301
rgetcal2 053 202404 311
rgetcal2 057 202404 418
rgetcal2 058 202404 416
rgetcal2 059 202404 508
rgetcal2 060 202404 206
rgetcal2 061 202404 427
rgetcal2 062 202404 319
rgetcal2 063 202404 511
rgetcal2 067 202404 025
rgetcal2 068 202404 417
rgetcal2 069 202404 421
rgetcal2 070 202404 502
rgetcal2 071 202404 406
rgetcal2 072 202404 405
rgetcal2 073 202404 404
rgetcal2 074 202404 403
rgetcal2 075 202404 324
rgetcal2 076 202404 325
rgetcal2 077 202404 402
rgetcal2 078 202404 422
rgetcal2 079 202404 401
rgetcal2 080 202404 501
rgetcal2 081 202404 327
rgetcal2 082 202404 326
rgetcal2 083 202404 328
rgetcal2 084 202404 322
rgetcal2 085 202404 307
rgetcal2 086 202404 203
rgetcal2 087 202404 204
rgetcal2 088 202404 329
rgetcal2 089 202404 423
rgetcal2 091 202404 205
rgetcal2 092 202404 330
rgetcal2 093 202404 507
rgetcal2 094 202404 509
rgetcal2 095 202404 426
rgetcal2 096 202404 510
rgetcal2 097 202404 505
rgetcal2 098 202404 027
rgetcal2 103 202404 514
rgetcal2 104 202404 512
rgetcal2 105 202404 513
rgetcal2 106 202404 506
