rgetcal2 013 202401 412
rgetcal2 014 202401 411
rgetcal2 015 202401 317
rgetcal2 016 202401 409
rgetcal2 021 202401 315
rgetcal2 022 202401 316
rgetcal2 023 202401 313
rgetcal2 024 202401 410
rgetcal2 025 202401 303
rgetcal2 026 202401 318
rgetcal2 027 202401 314
rgetcal2 028 202401 413
rgetcal2 030 202401 420
rgetcal2 031 202401 408
rgetcal2 032 202401 320
rgetcal2 033 202401 310
rgetcal2 034 202401 305
rgetcal2 035 202401 202
rgetcal2 036 202401 302
rgetcal2 037 202401 306
rgetcal2 038 202401 414
rgetcal2 039 202401 424
rgetcal2 040 202401 419
rgetcal2 041 202401 407
rgetcal2 042 202401 321
rgetcal2 043 202401 323
rgetcal2 044 202401 304
rgetcal2 045 202401 312
rgetcal2 046 202401 309
rgetcal2 047 202401 308
rgetcal2 048 202401 415
rgetcal2 049 202401 425
rgetcal2 050 202401 504
rgetcal2 051 202401 503
rgetcal2 052 202401 301
rgetcal2 053 202401 311
rgetcal2 057 202401 418
rgetcal2 058 202401 416
rgetcal2 059 202401 508
rgetcal2 060 202401 206
rgetcal2 061 202401 427
rgetcal2 062 202401 319
rgetcal2 063 202401 511
rgetcal2 067 202401 025
rgetcal2 068 202401 417
rgetcal2 069 202401 421
rgetcal2 070 202401 502
rgetcal2 071 202401 406
rgetcal2 072 202401 405
rgetcal2 073 202401 404
rgetcal2 074 202401 403
rgetcal2 075 202401 324
rgetcal2 076 202401 325
rgetcal2 077 202401 402
rgetcal2 078 202401 422
rgetcal2 079 202401 401
rgetcal2 080 202401 501
rgetcal2 081 202401 327
rgetcal2 082 202401 326
rgetcal2 083 202401 328
rgetcal2 084 202401 322
rgetcal2 085 202401 307
rgetcal2 086 202401 203
rgetcal2 087 202401 204
rgetcal2 088 202401 329
rgetcal2 089 202401 423
rgetcal2 091 202401 205
rgetcal2 092 202401 330
rgetcal2 093 202401 507
rgetcal2 094 202401 509
rgetcal2 095 202401 426
rgetcal2 096 202401 510
rgetcal2 097 202401 505
rgetcal2 098 202401 027
rgetcal2 103 202401 514
rgetcal2 104 202401 512
rgetcal2 105 202401 513
rgetcal2 106 202401 506
