rgetcal2 013 202312 412
rgetcal2 014 202312 411
rgetcal2 015 202312 317
rgetcal2 016 202312 409
rgetcal2 021 202312 315
rgetcal2 022 202312 316
rgetcal2 023 202312 313
rgetcal2 024 202312 410
rgetcal2 025 202312 303
rgetcal2 026 202312 318
rgetcal2 027 202312 314
rgetcal2 028 202312 413
rgetcal2 030 202312 420
rgetcal2 031 202312 408
rgetcal2 032 202312 320
rgetcal2 033 202312 310
rgetcal2 034 202312 305
rgetcal2 035 202312 202
rgetcal2 036 202312 302
rgetcal2 037 202312 306
rgetcal2 038 202312 414
rgetcal2 039 202312 424
rgetcal2 040 202312 419
rgetcal2 041 202312 407
rgetcal2 042 202312 321
rgetcal2 043 202312 323
rgetcal2 044 202312 304
rgetcal2 045 202312 312
rgetcal2 046 202312 309
rgetcal2 047 202312 308
rgetcal2 048 202312 415
rgetcal2 049 202312 425
rgetcal2 050 202312 504
rgetcal2 051 202312 503
rgetcal2 052 202312 301
rgetcal2 053 202312 311
rgetcal2 057 202312 418
rgetcal2 058 202312 416
rgetcal2 059 202312 508
rgetcal2 060 202312 206
rgetcal2 061 202312 427
rgetcal2 062 202312 319
rgetcal2 063 202312 511
rgetcal2 067 202312 025
rgetcal2 068 202312 417
rgetcal2 069 202312 421
rgetcal2 070 202312 502
rgetcal2 071 202312 406
rgetcal2 072 202312 405
rgetcal2 073 202312 404
rgetcal2 074 202312 403
rgetcal2 075 202312 324
rgetcal2 076 202312 325
rgetcal2 077 202312 402
rgetcal2 078 202312 422
rgetcal2 079 202312 401
rgetcal2 080 202312 501
rgetcal2 081 202312 327
rgetcal2 082 202312 326
rgetcal2 083 202312 328
rgetcal2 084 202312 322
rgetcal2 085 202312 307
rgetcal2 086 202312 203
rgetcal2 087 202312 204
rgetcal2 088 202312 329
rgetcal2 089 202312 423
rgetcal2 091 202312 205
rgetcal2 092 202312 330
rgetcal2 093 202312 507
rgetcal2 094 202312 509
rgetcal2 095 202312 426
rgetcal2 096 202312 510
rgetcal2 097 202312 505
rgetcal2 098 202312 027
rgetcal2 103 202312 514
rgetcal2 104 202312 512
rgetcal2 105 202312 513
rgetcal2 106 202312 506
