20170603 002 105 20170604 011
20170603 002 074 20170604 011
20170603 002 094 20170604 011
20170603 002 096 20170604 011
20170603 002 085 20170604 011
20170603 002 076 20170604 011
20170603 002 106 20170604 011
20170603 002 086 20170604 011
20170603 002 093 20170604 011
20170603 002 073 20170604 011
20170603 002 084 20170604 011
20170603 002 103 20170604 011
20170603 002 075 20170604 011
20170603 002 104 20170604 011
20170603 002 095 20170604 011
20170603 002 083 20170604 011
20170603 003 073 20170604 011
20170603 003 096 20170604 011
20170603 003 084 20170604 011
20170603 003 095 20170604 011
20170603 003 104 20170604 011
20170603 003 085 20170604 011
20170603 003 094 20170604 011
20170603 003 103 20170604 011
20170603 003 074 20170604 011
20170603 003 076 20170604 011
20170603 003 075 20170604 011
20170603 003 106 20170604 011
20170603 003 086 20170604 011
20170603 003 105 20170604 011
20170603 003 083 20170604 011
20170603 003 093 20170604 011
20170603 007 083 20170604 011
20170603 007 096 20170604 011
20170603 007 074 20170604 011
20170603 007 084 20170604 011
20170603 007 073 20170604 011
20170603 007 093 20170604 011
20170603 007 075 20170604 011
20170603 007 105 20170604 011
20170603 007 106 20170604 011
20170603 007 086 20170604 011
20170603 007 095 20170604 011
20170603 007 103 20170604 011
20170603 007 094 20170604 011
20170603 007 104 20170604 011
20170603 007 085 20170604 011
20170603 007 076 20170604 011
20170603 008 094 20170604 011
20170603 008 096 20170604 011
20170603 008 105 20170604 011
20170603 008 075 20170604 011
20170603 008 103 20170604 011
20170603 008 086 20170604 011
20170603 008 076 20170604 011
20170603 008 074 20170604 011
20170603 008 084 20170604 011
20170603 008 085 20170604 011
20170603 008 106 20170604 011
20170603 008 073 20170604 011
20170603 008 104 20170604 011
20170603 008 083 20170604 011
20170603 008 095 20170604 011
20170603 008 093 20170604 011
20170603 009 085 20170604 011
20170603 009 093 20170604 011
20170603 009 105 20170604 011
20170603 009 103 20170604 011
20170603 009 086 20170604 011
20170603 009 104 20170604 011
20170603 009 076 20170604 011
20170603 009 073 20170604 011
20170603 009 074 20170604 011
20170603 009 084 20170604 011
20170603 009 095 20170604 011
20170603 009 106 20170604 011
20170603 009 075 20170604 011
20170603 009 096 20170604 011
20170603 009 094 20170604 011
20170603 009 083 20170604 011
20170603 010 074 20170604 011
20170603 010 093 20170604 011
20170603 010 083 20170604 011
20170603 010 085 20170604 011
20170603 010 073 20170604 011
20170603 010 105 20170604 011
20170603 010 084 20170604 011
20170603 010 075 20170604 011
20170603 010 096 20170604 011
20170603 010 103 20170604 011
20170603 010 076 20170604 011
20170603 010 095 20170604 011
20170603 010 106 20170604 011
20170603 010 104 20170604 011
20170603 010 094 20170604 011
20170603 010 086 20170604 011
20170603 011 074 20170604 011
20170603 011 084 20170604 011
20170603 011 094 20170604 011
20170603 011 073 20170604 011
20170603 011 103 20170604 011
20170603 011 075 20170604 011
20170603 011 096 20170604 011
20170603 011 104 20170604 011
20170603 011 105 20170604 011
20170603 011 095 20170604 011
20170603 011 106 20170604 011
20170603 011 093 20170604 011
20170603 011 085 20170604 011
20170603 011 083 20170604 011
20170603 011 086 20170604 011
20170603 011 076 20170604 011
20170603 012 093 20170604 011
20170603 012 104 20170604 011
20170603 012 096 20170604 011
20170603 012 106 20170604 011
20170603 012 095 20170604 011
20170603 012 094 20170604 011
20170603 012 076 20170604 011
20170603 012 084 20170604 011
20170603 012 075 20170604 011
20170603 012 073 20170604 011
20170603 012 103 20170604 011
20170603 012 105 20170604 011
20170603 012 085 20170604 011
20170603 012 074 20170604 011
20170603 012 086 20170604 011
20170603 012 083 20170604 011
20170615 002 104 20170615 016
20170615 002 094 20170615 016
20170615 002 093 20170615 016
20170615 002 073 20170615 016
20170615 002 095 20170615 016
20170615 002 086 20170615 016
20170615 002 103 20170615 016
20170615 002 083 20170615 016
20170615 002 085 20170615 016
20170615 002 106 20170615 016
20170615 002 076 20170615 016
20170615 002 105 20170615 016
20170615 002 075 20170615 016
20170615 002 096 20170615 016
20170615 002 074 20170615 016
20170615 002 084 20170615 016
20170615 003 073 20170615 016
20170615 003 074 20170615 016
20170615 003 093 20170615 016
20170615 003 085 20170615 016
20170615 003 076 20170615 016
20170615 003 095 20170615 016
20170615 003 086 20170615 016
20170615 003 104 20170615 016
20170615 003 083 20170615 016
20170615 003 075 20170615 016
20170615 003 084 20170615 016
20170615 003 103 20170615 016
20170615 003 105 20170615 016
20170615 003 094 20170615 016
20170615 003 096 20170615 016
20170615 003 106 20170615 016
20170615 007 104 20170615 016
20170615 007 085 20170615 016
20170615 007 083 20170615 016
20170615 007 074 20170615 016
20170615 007 086 20170615 016
20170615 007 103 20170615 016
20170615 007 095 20170615 016
20170615 007 093 20170615 016
20170615 007 084 20170615 016
20170615 007 076 20170615 016
20170615 007 105 20170615 016
20170615 007 096 20170615 016
20170615 007 075 20170615 016
20170615 007 106 20170615 016
20170615 007 073 20170615 016
20170615 007 094 20170615 016
20170615 008 105 20170615 016
20170615 008 073 20170615 016
20170615 008 085 20170615 016
20170615 008 084 20170615 016
20170615 008 104 20170615 016
20170615 008 096 20170615 016
20170615 008 074 20170615 016
20170615 008 075 20170615 016
20170615 008 094 20170615 016
20170615 008 076 20170615 016
20170615 008 093 20170615 016
20170615 008 103 20170615 016
20170615 008 106 20170615 016
20170615 008 086 20170615 016
20170615 008 083 20170615 016
20170615 008 095 20170615 016
20170615 010 086 20170615 016
20170615 010 084 20170615 016
20170615 010 103 20170615 016
20170615 010 076 20170615 016
20170615 010 075 20170615 016
20170615 010 096 20170615 016
20170615 010 083 20170615 016
20170615 010 074 20170615 016
20170615 010 094 20170615 016
20170615 010 085 20170615 016
20170615 010 093 20170615 016
20170615 010 105 20170615 016
20170615 010 104 20170615 016
20170615 010 095 20170615 016
20170615 010 073 20170615 016
20170615 010 106 20170615 016
20170615 011 083 20170615 016
20170615 011 096 20170615 016
20170615 011 074 20170615 016
20170615 011 094 20170615 016
20170615 011 093 20170615 016
20170615 011 085 20170615 016
20170615 011 073 20170615 016
20170615 011 106 20170615 016
20170615 011 076 20170615 016
20170615 011 104 20170615 016
20170615 011 084 20170615 016
20170615 011 103 20170615 016
20170615 011 086 20170615 016
20170615 011 105 20170615 016
20170615 011 095 20170615 016
20170615 011 075 20170615 016
20170615 012 094 20170615 016
20170615 012 074 20170615 016
20170615 012 084 20170615 016
20170615 012 105 20170615 016
20170615 012 093 20170615 016
20170615 012 104 20170615 016
20170615 012 095 20170615 016
20170615 012 086 20170615 016
20170615 012 103 20170615 016
20170615 012 085 20170615 016
20170615 012 076 20170615 016
20170615 012 083 20170615 016
20170615 012 073 20170615 016
20170615 012 096 20170615 016
20170615 012 106 20170615 016
20170615 012 075 20170615 016
20170615 013 075 20170615 016
20170615 013 076 20170615 016
20170615 013 093 20170615 016
20170615 013 103 20170615 016
20170615 013 074 20170615 016
20170615 013 085 20170615 016
20170615 013 096 20170615 016
20170615 013 073 20170615 016
20170615 013 094 20170615 016
20170615 013 104 20170615 016
20170615 013 084 20170615 016
20170615 013 083 20170615 016
20170615 013 106 20170615 016
20170615 013 105 20170615 016
20170615 013 086 20170615 016
20170615 013 095 20170615 016
20170615 014 096 20170615 016
20170615 014 093 20170615 016
20170615 014 103 20170615 016
20170615 014 084 20170615 016
20170615 014 105 20170615 016
20170615 014 073 20170615 016
20170615 014 095 20170615 016
20170615 014 086 20170615 016
20170615 014 094 20170615 016
20170615 014 076 20170615 016
20170615 014 104 20170615 016
20170615 014 074 20170615 016
20170615 014 083 20170615 016
20170615 014 085 20170615 016
20170615 014 075 20170615 016
20170615 014 106 20170615 016
20170615 015 093 20170615 016
20170615 015 104 20170615 016
20170615 015 076 20170615 016
20170615 015 073 20170615 016
20170615 015 075 20170615 016
20170615 015 083 20170615 016
20170615 015 096 20170615 016
20170615 015 086 20170615 016
20170615 015 105 20170615 016
20170615 015 085 20170615 016
20170615 015 074 20170615 016
20170615 015 103 20170615 016
20170615 015 095 20170615 016
20170615 015 084 20170615 016
20170615 015 094 20170615 016
20170615 015 106 20170615 016
20170617 006 084 20170617 005
20170617 006 073 20170617 005
20170617 006 074 20170617 005
20170617 006 076 20170617 005
20170617 006 083 20170617 005
20170617 006 086 20170617 005
20170617 006 093 20170617 005
20170617 006 106 20170617 005
20170617 006 075 20170617 005
20170617 006 094 20170617 005
20170617 006 095 20170617 005
20170617 006 096 20170617 005
20170617 006 104 20170617 005
20170617 006 085 20170617 005
20170617 006 105 20170617 005
20170617 006 103 20170617 005
20170617 007 086 20170617 005
20170617 007 084 20170617 005
20170617 007 085 20170617 005
20170617 007 095 20170617 005
20170617 007 076 20170617 005
20170617 007 105 20170617 005
20170617 007 096 20170617 005
20170617 007 093 20170617 005
20170617 007 094 20170617 005
20170617 007 106 20170617 005
20170617 007 073 20170617 005
20170617 007 083 20170617 005
20170617 007 075 20170617 005
20170617 007 104 20170617 005
20170617 007 074 20170617 005
20170617 007 103 20170617 005
20170617 010 104 20170617 005
20170617 010 105 20170617 005
20170617 010 084 20170617 005
20170617 010 086 20170617 005
20170617 010 074 20170617 005
20170617 010 083 20170617 005
20170617 010 096 20170617 005
20170617 010 094 20170617 005
20170617 010 095 20170617 005
20170617 010 085 20170617 005
20170617 010 076 20170617 005
20170617 010 106 20170617 005
20170617 010 093 20170617 005
20170617 010 103 20170617 005
20170617 010 075 20170617 005
20170617 010 073 20170617 005
20170617 011 094 20170617 005
20170617 011 074 20170617 005
20170617 011 095 20170617 005
20170617 011 076 20170617 005
20170617 011 084 20170617 005
20170617 011 105 20170617 005
20170617 011 104 20170617 005
20170617 011 073 20170617 005
20170617 011 083 20170617 005
20170617 011 093 20170617 005
20170617 011 086 20170617 005
20170617 011 103 20170617 005
20170617 011 075 20170617 005
20170617 011 096 20170617 005
20170617 011 085 20170617 005
20170617 011 106 20170617 005
20170617 012 106 20170617 005
20170617 012 076 20170617 005
20170617 012 084 20170617 005
20170617 012 105 20170617 005
20170617 012 085 20170617 005
20170617 012 074 20170617 005
20170617 012 094 20170617 005
20170617 012 096 20170617 005
20170617 012 104 20170617 005
20170617 012 083 20170617 005
20170617 012 103 20170617 005
20170617 012 075 20170617 005
20170617 012 093 20170617 005
20170617 012 073 20170617 005
20170617 012 095 20170617 005
20170617 012 086 20170617 005
20170617 013 074 20170617 005
20170617 013 086 20170617 005
20170617 013 084 20170617 005
20170617 013 075 20170617 005
20170617 013 104 20170617 005
20170617 013 095 20170617 005
20170617 013 093 20170617 005
20170617 013 085 20170617 005
20170617 013 073 20170617 005
20170617 013 083 20170617 005
20170617 013 094 20170617 005
20170617 013 106 20170617 005
20170617 013 103 20170617 005
20170617 013 076 20170617 005
20170617 013 105 20170617 005
20170617 013 096 20170617 005
20170621 006 085 20170621 005
20170621 006 094 20170621 005
20170621 006 084 20170621 005
20170621 006 095 20170621 005
20170621 006 086 20170621 005
20170621 006 096 20170621 005
20170621 006 093 20170621 005
20170621 006 104 20170621 005
20170621 006 083 20170621 005
20170621 006 075 20170621 005
20170621 006 074 20170621 005
20170621 006 106 20170621 005
20170621 006 105 20170621 005
20170621 006 073 20170621 005
20170621 006 076 20170621 005
20170621 006 103 20170621 005
20170621 009 085 20170621 005
20170621 009 106 20170621 005
20170621 009 105 20170621 005
20170621 009 103 20170621 005
20170621 009 075 20170621 005
20170621 009 086 20170621 005
20170621 009 074 20170621 005
20170621 009 073 20170621 005
20170621 009 083 20170621 005
20170621 009 084 20170621 005
20170621 009 096 20170621 005
20170621 009 104 20170621 005
20170621 009 093 20170621 005
20170621 009 095 20170621 005
20170621 009 094 20170621 005
20170621 009 076 20170621 005
20170621 010 075 20170621 005
20170621 010 084 20170621 005
20170621 010 074 20170621 005
20170621 010 103 20170621 005
20170621 010 085 20170621 005
20170621 010 105 20170621 005
20170621 010 104 20170621 005
20170621 010 093 20170621 005
20170621 010 086 20170621 005
20170621 010 096 20170621 005
20170621 010 073 20170621 005
20170621 010 095 20170621 005
20170621 010 106 20170621 005
20170621 010 094 20170621 005
20170621 010 083 20170621 005
20170621 010 076 20170621 005
20170621 011 096 20170621 005
20170621 011 083 20170621 005
20170621 011 095 20170621 005
20170621 011 093 20170621 005
20170621 011 105 20170621 005
20170621 011 075 20170621 005
20170621 011 086 20170621 005
20170621 011 074 20170621 005
20170621 011 076 20170621 005
20170621 011 085 20170621 005
20170621 011 094 20170621 005
20170621 011 103 20170621 005
20170621 011 084 20170621 005
20170621 011 106 20170621 005
20170621 011 104 20170621 005
20170621 011 073 20170621 005
