run_shifts.sh 20240201 008 2.333452 59.325944 1
run_shifts.sh 20240201 009 7.835701 30.02814 0
run_shifts.sh 20240201 010 7.953101 8.015461 0
run_shifts.sh 20240201 011 4.117577 45.297388 1
run_shifts.sh 20240201 012 10.01322 31.919065 0
run_shifts.sh 20240201 013 10.325977 19.861059 0
run_shifts.sh 20240201 014 11.000481 22.821903 0
run_shifts.sh 20240201 015 11.325117 46.682378 0
run_shifts.sh 20240201 016 6.913343 33.276849 1
run_shifts.sh 20240201 017 11.795197 0.793614 0
run_shifts.sh 20240201 018 9.001217 13.282829 1
run_shifts.sh 20240201 019 9.594097 35.819614 1
run_shifts.sh 20240201 020 11.862628 -3.239725 1
run_shifts.sh 20240201 021 11.87016 2.602201 1
run_shifts.sh 20240201 022 11.089753 43.535483 1
run_shifts.sh 20240202 011 2.333452 59.325944 1
run_shifts.sh 20240202 012 7.835701 30.02814 0
run_shifts.sh 20240202 013 5.671818 -9.194729 1
run_shifts.sh 20240202 014 3.629394 17.31413 1
run_shifts.sh 20240202 015 9.325534 13.563381 0
run_shifts.sh 20240202 016 11.064569 47.893658 0
run_shifts.sh 20240202 017 11.121061 47.828406 0
run_shifts.sh 20240202 018 5.881865 39.204247 1
run_shifts.sh 20240202 019 11.848333 48.359496 0
run_shifts.sh 20240202 020 12.104185 12.503259 0
run_shifts.sh 20240202 021 12.267103 13.101609 0
run_shifts.sh 20240202 022 8.710971 19.423561 1
run_shifts.sh 20240202 023 14.066891 38.61027 0
run_shifts.sh 20240202 024 14.615437 58.334757 0
run_shifts.sh 20240202 025 10.408992 47.61449 1
run_shifts.sh 20240202 026 13.939999 66.942043 0
run_shifts.sh 20240202 027 16.587077 37.011723 0
run_shifts.sh 20240202 028 11.325967 46.698153 1
run_shifts.sh 20240202 029 15.733096 2.510605 0
run_shifts.sh 20240203 011 10.489774 45.06628 0
run_shifts.sh 20240203 012 11.054981 35.927211 0
run_shifts.sh 20240203 013 11.552675 52.553214 0
run_shifts.sh 20240203 014 12.380774 42.862225 0
run_shifts.sh 20240205 003 7.290737 31.474577 0
run_shifts.sh 20240205 004 5.573468 -4.962854 1
run_shifts.sh 20240205 005 6.211758 -6.703956 1
run_shifts.sh 20240205 006 9.324406 13.540965 0
run_shifts.sh 20240205 007 11.0278 49.391769 0
run_shifts.sh 20240205 008 11.056917 49.362506 0
run_shifts.sh 20240205 009 11.507544 48.926236 0
run_shifts.sh 20240205 010 11.878394 48.794961 0
run_shifts.sh 20240205 011 12.009389 49.937894 0
run_shifts.sh 20240205 013 13.767597 49.223658 0
run_shifts.sh 20240205 014 10.326367 19.880984 1
run_shifts.sh 20240205 015 10.50273 45.117495 1
run_shifts.sh 20240205 016 10.829276 35.548911 1
run_shifts.sh 20240205 017 11.055482 35.949169 1
run_shifts.sh 20240205 018 11.848923 48.380751 1
run_shifts.sh 20240205 019 12.394712 26.99134 1
run_shifts.sh 20240206 008 4.25423 -7.675485 1
run_shifts.sh 20240206 009 3.306994 41.545834 1
run_shifts.sh 20240206 010 4.117577 45.297388 1
run_shifts.sh 20240206 011 11.034644 49.871994 0
run_shifts.sh 20240206 012 11.530461 49.870978 0
run_shifts.sh 20240206 013 11.987094 49.749911 0
run_shifts.sh 20240206 014 12.696179 8.64201 0
run_shifts.sh 20240206 015 15.987084 47.540426 0
run_shifts.sh 20240206 016 12.236961 0.630094 1
run_shifts.sh 20240206 017 15.363379 3.598729 0
run_shifts.sh 20240208 008 6.609661 6.319913 0
run_shifts.sh 20240208 009 5.573468 -4.962854 1
run_shifts.sh 20240208 010 8.796397 13.421654 0
run_shifts.sh 20240208 011 9.809892 46.008969 0
run_shifts.sh 20240208 012 11.038917 49.137386 0
run_shifts.sh 20240208 013 11.230717 49.150272 0
run_shifts.sh 20240208 014 12.003475 50.208911 0
run_shifts.sh 20240208 016 13.748933 49.673719 0
run_shifts.sh 20240208 018 8.856974 11.90837 1
run_shifts.sh 20240208 019 11.847978 -3.3195 0
run_shifts.sh 20240208 020 14.327328 52.890611 0
run_shifts.sh 20240208 021 15.290747 50.080258 0
run_shifts.sh 20240208 022 15.721492 49.838992 0
run_shifts.sh 20240208 023 16.1069 50.039014 0
run_shifts.sh 20240208 024 11.629489 50.160539 1
run_shifts.sh 20240208 025 16.978883 34.247764 0
run_shifts.sh 20240208 026 17.344032 32.450314 0
run_shifts.sh 20240208 027 18.159954 38.443617 0
run_shifts.sh 20240209 008 6.273481 12.266415 0
run_shifts.sh 20240209 009 2.884979 16.866944 1
run_shifts.sh 20240209 010 3.187111 22.4264 1
run_shifts.sh 20240209 011 8.796397 13.421654 0
run_shifts.sh 20240209 012 5.407001 17.394616 1
run_shifts.sh 20240210 003 15.612492 4.666288 0
run_shifts.sh 20240210 004 17.325122 48.977883 0
run_shifts.sh 20240212 003 15.874028 51.218494 0
run_shifts.sh 20240212 004 16.042106 51.326439 0
run_shifts.sh 20240212 005 11.579825 50.018125 1
run_shifts.sh 20240212 006 11.902108 49.990556 1
run_shifts.sh 20240212 007 16.881218 63.070401 0
run_shifts.sh 20240213 008 7.835701 30.028139 0
run_shifts.sh 20240213 009 8.315475 23.556092 0
run_shifts.sh 20240213 010 8.844173 19.643059 0
run_shifts.sh 20240213 011 8.975443 5.264995 0
run_shifts.sh 20240213 013 11.049919 48.882769 0
run_shifts.sh 20240213 014 11.107506 48.819667 0
run_shifts.sh 20240213 015 11.535894 48.868939 0
run_shifts.sh 20240213 016 12.380995 42.834524 0
run_shifts.sh 20240213 017 13.265411 43.455557 0
run_shifts.sh 20240213 018 9.709301 12.29295 1
run_shifts.sh 20240213 019 15.240081 49.093075 0
run_shifts.sh 20240213 020 15.619231 49.140297 0
run_shifts.sh 20240213 021 16.0119 49.161194 0
run_shifts.sh 20240213 022 16.148678 49.746161 0
run_shifts.sh 20240213 023 11.924156 50.182106 1
run_shifts.sh 20240213 024 14.051285 -1.473136 1
run_shifts.sh 20240214 006 8.116046 48.721099 0
run_shifts.sh 20240214 007 5.642318 -8.941651 1
run_shifts.sh 20240214 008 8.710402 19.409043 0
run_shifts.sh 20240214 009 8.976892 5.282449 0
run_shifts.sh 20240214 010 5.096771 52.886007 1
run_shifts.sh 20240214 011 11.060811 48.627911 0
run_shifts.sh 20240214 012 11.573923 49.045968 0
run_shifts.sh 20240214 013 12.749382 39.268753 0
run_shifts.sh 20240214 014 13.147576 29.590725 0
run_shifts.sh 20240214 016 8.355049 47.040863 1
run_shifts.sh 20240214 017 14.328022 52.876917 0
run_shifts.sh 20240214 018 15.172017 50.028836 0
run_shifts.sh 20240214 019 10.829276 35.548911 1
run_shifts.sh 20240214 020 15.733096 2.510605 0
run_shifts.sh 20240214 021 12.331735 14.29557 1
run_shifts.sh 20240214 022 12.96412 16.865375 1
run_shifts.sh 20240214 023 13.280949 17.026511 1
run_shifts.sh 20240215 008 5.584339 -5.859186 1
run_shifts.sh 20240215 009 11.848333 48.359496 0
run_shifts.sh 20240215 010 12.394273 26.970096 0
run_shifts.sh 20240215 011 13.242815 43.621024 0
run_shifts.sh 20240215 012 12.236764 0.619421 0
run_shifts.sh 20240217 008 5.343823 -5.783591 1
run_shifts.sh 20240217 009 4.026065 60.931651 1
run_shifts.sh 20240217 010 8.845073 19.66779 0
run_shifts.sh 20240217 011 6.870699 -5.170692 1
run_shifts.sh 20240217 012 9.807219 15.617541 0
run_shifts.sh 20240217 013 11.054981 35.927143 0
run_shifts.sh 20240217 014 6.354769 53.303572 1
run_shifts.sh 20240217 015 8.804728 13.098929 1
run_shifts.sh 20240217 016 14.386897 50.693194 0
run_shifts.sh 20240217 017 14.732394 50.32285 0
run_shifts.sh 20240217 018 15.172017 50.028836 0
run_shifts.sh 20240218 006 12.96412 16.865375 1
run_shifts.sh 20240218 007 16.605399 -2.327214 0
run_shifts.sh 20240219 011 2.855124 30.289854 1
run_shifts.sh 20240219 012 6.846432 -0.544058 0
run_shifts.sh 20240219 013 3.787033 23.725383 1
run_shifts.sh 20240219 014 4.240774 27.896901 1
run_shifts.sh 20240219 015 10.275737 27.853771 0
run_shifts.sh 20240219 016 6.686818 9.467837 1
run_shifts.sh 20240219 017 6.991617 19.354119 1
run_shifts.sh 20240219 018 12.394273 26.970096 0
run_shifts.sh 20240219 019 13.265228 43.498841 0
run_shifts.sh 20240219 020 8.853227 11.889061 1
run_shifts.sh 20240219 021 13.966627 31.688288 0
run_shifts.sh 20240219 022 14.390935 50.953701 0
run_shifts.sh 20240219 023 14.615437 58.334757 0
run_shifts.sh 20240219 024 15.748039 29.187345 0
run_shifts.sh 20240219 025 11.41835 52.300906 1
run_shifts.sh 20240219 026 12.692111 8.663826 1
run_shifts.sh 20240219 027 16.881218 63.070401 0
run_shifts.sh 20240220 008 2.855123 30.289851 1
run_shifts.sh 20240220 009 3.641881 16.878527 1
run_shifts.sh 20240220 010 4.240774 27.896901 1
run_shifts.sh 20240220 011 4.877295 40.71021 1
run_shifts.sh 20240220 012 5.881865 39.204245 1
run_shifts.sh 20240220 013 11.84833 48.359474 0
run_shifts.sh 20240220 014 13.418566 38.911234 0
run_shifts.sh 20240220 015 8.861468 11.867002 1
run_shifts.sh 20240220 016 12.938457 6.887005 0
run_shifts.sh 20240220 017 10.328678 19.480732 1
run_shifts.sh 20240220 018 14.051063 -1.479159 0
run_shifts.sh 20240220 019 11.325968 46.69814 1
run_shifts.sh 20240220 020 15.733096 2.510602 0
run_shifts.sh 20240220 021 12.021017 49.395511 1
run_shifts.sh 20240220 022 12.96412 16.865374 1
run_shifts.sh 20240220 023 17.254911 4.957173 0
run_shifts.sh 20240221 011 3.150051 10.028912 1
run_shifts.sh 20240221 012 3.641881 16.878527 1
run_shifts.sh 20240221 013 4.013444 18.204996 1
run_shifts.sh 20240221 014 4.240774 27.896901 1
run_shifts.sh 20240221 015 6.020924 59.597001 1
run_shifts.sh 20240221 016 11.325118 46.682365 0
run_shifts.sh 20240221 017 11.84833 48.359474 0
run_shifts.sh 20240221 018 8.19966 8.747855 1
run_shifts.sh 20240221 019 13.418566 38.911234 0
run_shifts.sh 20240221 020 11.149777 -10.183774 1
run_shifts.sh 20240221 021 14.395085 14.439719 0
run_shifts.sh 20240221 022 10.013914 31.935021 1
run_shifts.sh 20240221 023 11.000891 22.842452 1
run_shifts.sh 20240221 024 16.774793 34.571805 0
run_shifts.sh 20240221 025 16.765722 60.940478 0
run_shifts.sh 20240221 026 17.254911 4.957173 0
run_shifts.sh 20240222 008 8.689846 59.491719 1
run_shifts.sh 20240222 009 14.395085 14.439719 0
run_shifts.sh 20240222 010 10.847003 6.812436 1
run_shifts.sh 20240222 011 12.236959 0.630088 1
run_shifts.sh 20240222 012 11.325968 46.698139 1
run_shifts.sh 20240222 013 16.881218 63.070404 0
run_shifts.sh 20240222 014 18.935836 42.665315 0
run_shifts.sh 20240223 011 2.738037 25.53237 1
run_shifts.sh 20240223 012 3.787033 23.725383 1
run_shifts.sh 20240223 013 9.456765 39.41781 0
run_shifts.sh 20240223 014 4.647556 23.161003 1
run_shifts.sh 20240223 015 11.325118 46.682365 0
run_shifts.sh 20240223 016 9.666901 -10.972613 1
run_shifts.sh 20240223 017 8.334397 27.226626 1
run_shifts.sh 20240223 018 15.018406 22.827595 0
run_shifts.sh 20240223 019 13.939998 66.942044 0
run_shifts.sh 20240223 020 12.394712 26.99134 1
run_shifts.sh 20240223 021 17.926365 58.403937 0
run_shifts.sh 20240224 008 5.343823 -5.783591 1
run_shifts.sh 20240224 009 4.522222 58.96976 1
run_shifts.sh 20240224 010 3.781534 23.594631 1
run_shifts.sh 20240224 011 7.063317 66.742448 0
run_shifts.sh 20240224 012 6.020924 59.597001 1
run_shifts.sh 20240224 013 11.325118 46.682365 0
run_shifts.sh 20240224 014 11.84833 48.359474 0
run_shifts.sh 20240224 015 7.291428 31.490516 1
run_shifts.sh 20240224 016 8.855943 11.886322 1
run_shifts.sh 20240224 017 8.853912 11.853648 1
run_shifts.sh 20240224 018 8.295698 39.082608 1
run_shifts.sh 20240224 019 14.447398 56.594595 0
run_shifts.sh 20240224 020 10.276391 27.869413 1
run_shifts.sh 20240224 021 11.089744 43.535505 1
run_shifts.sh 20240224 022 16.774793 34.571805 0
run_shifts.sh 20240224 023 17.926365 58.403937 0
run_shifts.sh 20240225 008 2.855123 30.289851 1
run_shifts.sh 20240225 009 3.931691 47.852955 1
run_shifts.sh 20240225 010 4.49192 26.682679 1
run_shifts.sh 20240225 011 5.172303 27.238605 1
run_shifts.sh 20240225 012 5.881865 39.204245 1
run_shifts.sh 20240225 013 11.84833 48.359474 0
run_shifts.sh 20240225 014 6.991618 19.354098 1
run_shifts.sh 20240225 015 7.291428 31.490516 1
run_shifts.sh 20240225 016 8.846818 11.596358 1
run_shifts.sh 20240225 017 13.966627 31.688289 0
run_shifts.sh 20240225 018 14.606355 57.550405 0
run_shifts.sh 20240225 019 16.774793 34.571805 0
run_shifts.sh 20240225 020 15.733096 2.510602 0
run_shifts.sh 20240226 011 3.920689 9.851969 1
run_shifts.sh 20240226 012 6.716192 -2.889162 0
run_shifts.sh 20240226 013 3.77012 23.13959 1
run_shifts.sh 20240226 014 4.24081 27.896884 1
run_shifts.sh 20240226 015 5.013473 15.460751 1
run_shifts.sh 20240226 016 11.088927 43.519475 0
run_shifts.sh 20240226 017 5.881865 39.204244 1
run_shifts.sh 20240226 018 11.848329 48.35947 0
run_shifts.sh 20240226 019 12.394273 26.970096 0
run_shifts.sh 20240226 021 13.255046 29.980869 0
run_shifts.sh 20240226 022 8.861462 11.846057 1
run_shifts.sh 20240226 023 8.85445 11.815078 1
run_shifts.sh 20240226 025 10.013914 31.935021 1
run_shifts.sh 20240226 026 13.939998 66.942044 0
run_shifts.sh 20240226 027 11.000891 22.842452 1
run_shifts.sh 20240226 028 15.733096 2.510602 0
run_shifts.sh 20240226 029 17.926365 58.403937 0
run_shifts.sh 20240226 030 13.255722 29.996702 1
run_shifts.sh 20240227 011 2.855123 30.289851 1
run_shifts.sh 20240227 012 3.66137 23.301968 1
run_shifts.sh 20240227 013 4.522222 58.969758 1
run_shifts.sh 20240227 014 7.061728 71.755466 0
run_shifts.sh 20240229 006 12.394722 26.979944 0
