run_shifts.sh 20230901 006 16.017432 33.309775 1
run_shifts.sh 20230901 007 18.52414 64.902241 1
run_shifts.sh 20230901 008 16.944673 37.791432 1
run_shifts.sh 20230901 009 18.713125 59.648139 1
run_shifts.sh 20230901 010 19.078568 50.24398 1
run_shifts.sh 20230901 011 19.292629 44.193481 1
run_shifts.sh 20230901 012 19.48034 42.751527 1
run_shifts.sh 20230901 013 19.764548 43.633227 1
run_shifts.sh 20230901 014 19.814119 48.319249 1
run_shifts.sh 20230901 015 21.665449 1.301297 1
run_shifts.sh 20230901 016 21.686498 9.608025 1
run_shifts.sh 20230901 017 2.854446 30.274014 0
run_shifts.sh 20230901 018 2.604356 6.875745 0
run_shifts.sh 20230901 019 3.291844 7.68443 0
run_shifts.sh 20230901 020 4.491482 26.661486 0
run_shifts.sh 20230901 021 2.155043 71.547399 0
run_shifts.sh 20230901 022 4.521596 58.95331 0
run_shifts.sh 20230901 023 5.806288 53.482641 0
run_shifts.sh 20230901 027 9 50 0
run_shifts.sh 20230901 028 9 50 0
run_shifts.sh 20230902 006 21.772622 38.206251 0
run_shifts.sh 20230902 007 17.962676 4.770832 1
run_shifts.sh 20230902 008 17.868439 56.612389 1
run_shifts.sh 20230902 009 23.698562 44.155657 0
run_shifts.sh 20230902 010 0.191654 59.127732 0
run_shifts.sh 20230902 011 23.585975 -2.392796 0
run_shifts.sh 20230902 012 21.686498 9.608024 1
run_shifts.sh 20230902 013 23.586159 -2.387814 1
run_shifts.sh 20230902 014 21.773139 38.22832 1
run_shifts.sh 20230902 015 22.467499 24.947043 1
run_shifts.sh 20230902 016 23.525023 59.172557 1
run_shifts.sh 20230902 017 0.192531 59.139906 1
run_shifts.sh 20230902 018 23.699123 44.177485 1
run_shifts.sh 20230902 019 2.874826 63.41189 1
run_shifts.sh 20230903 007 18.444416 -11.353853 1
run_shifts.sh 20230903 008 18.555561 -5.908876 1
run_shifts.sh 20230903 009 21.846151 13.249328 0
run_shifts.sh 20230903 010 21.84729 13.271611 0
run_shifts.sh 20230903 011 21.665168 1.292893 0
run_shifts.sh 20230903 012 18.713125 59.64814 1
run_shifts.sh 20230903 013 21.787752 -4.740122 1
run_shifts.sh 20230903 014 20.743847 15.301208 1
run_shifts.sh 20230903 015 21.686498 9.608024 1
run_shifts.sh 20230903 016 3.118355 40.138828 0
run_shifts.sh 20230903 017 3.51344 54.222724 0
run_shifts.sh 20230903 018 4.02873 60.882492 0
run_shifts.sh 20230903 019 23.699123 44.177483 1
run_shifts.sh 20230903 020 5.79802 41.933598 0
run_shifts.sh 20230904 011 16.154522 47.294861 1
run_shifts.sh 20230904 012 16.159028 47.777883 1
run_shifts.sh 20230904 013 16.159028 47.777883 1
run_shifts.sh 20230904 014 18.713125 59.648139 1
run_shifts.sh 20230904 015 18.594085 33.001807 1
run_shifts.sh 20230904 016 0.191654 59.127732 0
run_shifts.sh 20230904 017 20.002006 30.97607 1
run_shifts.sh 20230904 018 20.463777 31.923863 1
run_shifts.sh 20230904 019 23.703149 -5.77842 1
run_shifts.sh 20230904 020 0.1109 -7.547413 1
run_shifts.sh 20230904 021 22.467499 24.947043 1
run_shifts.sh 20230904 022 23.525023 59.172557 1
run_shifts.sh 20230904 023 1.625851 -6.758014 1
run_shifts.sh 20230904 024 0.192531 59.139906 1
run_shifts.sh 20230904 025 2.236547 -3.957662 1
run_shifts.sh 20230904 026 1.478712 53.691239 1
run_shifts.sh 20230905 011 16.147189 48.037142 1
run_shifts.sh 20230905 012 21.686043 9.595897 0
run_shifts.sh 20230905 013 18.048689 60.682005 1
run_shifts.sh 20230905 014 18.713125 59.64814 1
run_shifts.sh 20230905 015 22.805906 12.532302 0
run_shifts.sh 20230905 016 0.341625 33.072036 0
run_shifts.sh 20230905 017 19.091311 44.391415 1
run_shifts.sh 20230905 018 19.320878 45.22771 1
run_shifts.sh 20230905 019 19.623355 41.465163 1
run_shifts.sh 20230905 020 23.264738 -6.458709 1
run_shifts.sh 20230905 021 22.259638 16.294395 1
run_shifts.sh 20230905 022 4.039747 53.793221 0
run_shifts.sh 20230905 023 4.02873 60.882494 0
run_shifts.sh 20230905 024 4.865253 9.866168 0
run_shifts.sh 20230905 025 0.680872 40.193669 1
run_shifts.sh 20230905 026 1.478712 53.691239 1
run_shifts.sh 20230906 011 17.842222 64.84 1
run_shifts.sh 20230906 012 22.259102 16.280487 0
run_shifts.sh 20230906 013 18.713125 59.64814 1
run_shifts.sh 20230906 014 18.594085 33.001806 1
run_shifts.sh 20230906 015 19.338879 46.799755 1
run_shifts.sh 20230906 016 19.321812 43.226219 1
run_shifts.sh 20230906 017 1.015567 54.076484 0
run_shifts.sh 20230906 018 21.665449 1.301297 1
run_shifts.sh 20230906 019 2.003482 13.033148 0
run_shifts.sh 20230906 020 22.259618 16.294554 1
run_shifts.sh 20230906 021 3.149587 10.01674 0
run_shifts.sh 20230906 022 1.850836 -6.11532 1
run_shifts.sh 20230906 023 4.521596 58.95331 0
run_shifts.sh 20230906 024 2.874826 63.41189 1
run_shifts.sh 20230906 025 2.686731 -0.689098 1
run_shifts.sh 20230907 006 18.150564 69.385663 0
run_shifts.sh 20230907 008 16.484166 39.55302 1
run_shifts.sh 20230907 009 16.944673 37.791432 1
run_shifts.sh 20230907 010 23.004705 20.025859 0
run_shifts.sh 20230907 011 23.843361 27.157483 0
run_shifts.sh 20230907 012 0.341625 33.072036 0
run_shifts.sh 20230907 013 19.725179 40.289632 1
run_shifts.sh 20230907 014 20.136538 41.949375 1
run_shifts.sh 20230907 015 1.98934 24.570038 0
run_shifts.sh 20230907 016 2.525371 26.475238 0
run_shifts.sh 20230907 017 1.754824 -0.500784 0
run_shifts.sh 20230907 018 3.745082 24.221499 0
run_shifts.sh 20230907 019 4.028755 60.882263 0
run_shifts.sh 20230907 020 1.363361 -0.248556 1
run_shifts.sh 20230907 021 3.921592 -1.730904 0
run_shifts.sh 20230907 022 7.066158 52.684453 0
run_shifts.sh 20230908 006 16.484166 39.55302 1
run_shifts.sh 20230908 007 18.209511 63.438659 1
run_shifts.sh 20230908 008 20.897687 64.623221 0
run_shifts.sh 20230908 009 20.294428 66.852599 0
run_shifts.sh 20230908 010 22.963611 13.157163 0
run_shifts.sh 20230908 011 23.843361 27.157483 0
run_shifts.sh 20230908 012 0.691839 25.805605 0
run_shifts.sh 20230908 013 2.55998 27.299735 0
run_shifts.sh 20230908 014 22.259618 16.294554 1
run_shifts.sh 20230908 015 3.865321 23.892296 0
run_shifts.sh 20230908 016 2.236471 -3.959702 0
run_shifts.sh 20230908 017 1.341512 0.664444 1
run_shifts.sh 20230908 018 0.950812 14.73588 1
run_shifts.sh 20230908 019 1.478713 53.691241 1
run_shifts.sh 20230908 020 6.778838 43.567153 0
run_shifts.sh 20230909 009 16.110669 47.104444 1
run_shifts.sh 20230909 010 21.686043 9.595897 0
run_shifts.sh 20230909 011 21.665143 1.293011 0
run_shifts.sh 20230909 012 22.964166 13.168476 0
run_shifts.sh 20230909 013 0.341625 33.072036 0
run_shifts.sh 20230909 014 19.282237 40.67111 1
run_shifts.sh 20230909 015 1.477808 53.676744 0
run_shifts.sh 20230909 016 21.355337 19.111119 1
run_shifts.sh 20230909 017 1.693829 0.294816 0
run_shifts.sh 20230909 018 3.765682 27.549159 0
run_shifts.sh 20230909 019 4.02873 60.882492 0
run_shifts.sh 20230909 020 23.699123 44.177485 1
run_shifts.sh 20230909 021 3.921592 -1.730904 0
run_shifts.sh 20230909 022 2.874826 63.41189 1
run_shifts.sh 20230909 023 5.869688 15.912723 0
run_shifts.sh 20230910 010 17.804719 64.84 1
run_shifts.sh 20230910 011 18.103422 3.080453 1
run_shifts.sh 20230910 012 20.897687 64.623221 0
run_shifts.sh 20230910 013 18.713125 59.64814 1
run_shifts.sh 20230910 014 18.594085 33.001806 1
run_shifts.sh 20230910 015 19.200598 42.346549 1
run_shifts.sh 20230910 016 1.43529 28.771323 0
run_shifts.sh 20230910 017 0.666825 -0.971039 0
run_shifts.sh 20230910 018 1.403252 3.860721 0
run_shifts.sh 20230910 019 1.699839 2.357803 0
run_shifts.sh 20230910 020 2.604356 6.875745 0
run_shifts.sh 20230910 021 3.836312 24.523181 0
run_shifts.sh 20230910 022 4.028755 60.882263 0
run_shifts.sh 20230910 023 1.550293 -0.554621 1
run_shifts.sh 20230910 024 1.478692 53.691039 1
run_shifts.sh 20230910 025 6.778838 43.567158 0
run_shifts.sh 20230911 011 17.804719 64.84 1
run_shifts.sh 20230911 012 16.944673 37.791432 1
run_shifts.sh 20230911 013 18.713125 59.64814 1
run_shifts.sh 20230911 014 21.194806 68.397585 0
run_shifts.sh 20230911 015 20.893262 64.633524 1
run_shifts.sh 20230911 016 19.307466 46.127795 1
run_shifts.sh 20230911 017 19.470938 41.917924 1
run_shifts.sh 20230911 018 20.72748 7.067454 1
run_shifts.sh 20230911 019 1.402709 3.87196 0
run_shifts.sh 20230911 020 1.583233 1.665978 0
run_shifts.sh 20230911 021 1.883433 1.6618 0
run_shifts.sh 20230911 022 2.083433 -1.110564 0
run_shifts.sh 20230914 006 1.43529 28.771323 0
run_shifts.sh 20230914 007 0.883272 0.555342 0
run_shifts.sh 20230914 008 1.401956 3.863856 0
run_shifts.sh 20230914 009 1.433414 -0.694136 0
run_shifts.sh 20230914 010 1.833333 -0.414956 0
run_shifts.sh 20230914 011 2.016819 -1.109975 0
run_shifts.sh 20230914 012 0.983181 -0.832458 1
run_shifts.sh 20230914 013 1.333492 -0.693583 1
run_shifts.sh 20230914 014 1.799928 -0.968972 1
run_shifts.sh 20230914 015 2.116728 -1.110733 1
run_shifts.sh 20230914 016 6.020336 59.580928 0
run_shifts.sh 20230914 017 7.066158 52.684453 0
run_shifts.sh 20230914 018 3.669095 62.339817 1
run_shifts.sh 20230914 025 16 50 0
run_shifts.sh 20230915 006 18.233729 64.398886 1
run_shifts.sh 20230915 007 21.686043 9.595897 0
run_shifts.sh 20230915 008 18.80466 7.70082 1
run_shifts.sh 20230915 009 23.728479 32.480181 0
run_shifts.sh 20230915 010 19.070516 44.33892 1
run_shifts.sh 20230915 011 19.263696 39.963622 1
run_shifts.sh 20230915 012 19.468514 38.902498 1
run_shifts.sh 20230915 013 20.002006 30.97607 1
run_shifts.sh 20230915 014 0.966525 1.248944 0
run_shifts.sh 20230915 015 1.149961 1.383825 0
run_shifts.sh 20230915 016 1.383464 0.832711 0
run_shifts.sh 20230915 017 1.766544 0.692556 0
run_shifts.sh 20230915 019 0.666825 -2.358792 1
run_shifts.sh 20230915 020 1.066517 -2.356639 1
run_shifts.sh 20230915 021 2.000158 -1.803569 1
run_shifts.sh 20230915 022 2.299858 -2.081867 1
run_shifts.sh 20230915 023 5.059368 2.78448 0
run_shifts.sh 20230915 024 5.05886 2.796059 0
run_shifts.sh 20230915 025 5.060144 2.792078 0
run_shifts.sh 20230915 026 5.059636 2.80366 0
run_shifts.sh 20230915 027 7.290737 31.47458 0
run_shifts.sh 20230916 004 19.282186 5.150131 1
run_shifts.sh 20230916 005 0.341626 33.072035 0
run_shifts.sh 20230916 006 19.335736 48.249939 1
run_shifts.sh 20230916 007 20.72748 7.067454 1
run_shifts.sh 20230916 008 20.060792 29.90478 1
run_shifts.sh 20230916 009 2.040476 20.024937 0
run_shifts.sh 20230918 009 16.944673 37.791432 1
run_shifts.sh 20230918 014 18.80466 7.70082 1
run_shifts.sh 20230918 015 0.341626 33.072035 0
run_shifts.sh 20230918 016 19.13525 42.660397 1
run_shifts.sh 20230918 017 20.72748 7.067454 1
run_shifts.sh 20230918 018 19.591493 41.59346 1
run_shifts.sh 20230918 019 2.040476 20.024937 0
run_shifts.sh 20230918 020 1.300161 -1.247994 0
run_shifts.sh 20230918 021 1.599883 -1.249275 0
run_shifts.sh 20230918 022 2.000158 -1.248517 0
run_shifts.sh 20230918 023 2.050131 -1.665597 0
run_shifts.sh 20230918 024 1.066517 -1.801925 1
run_shifts.sh 20230918 025 1.400114 -1.804667 1
run_shifts.sh 20230918 026 1.799928 -1.799728 1
run_shifts.sh 20230918 027 2.166667 -2.083131 1
run_shifts.sh 20230918 028 1.950158 2.218511 1
run_shifts.sh 20230918 029 6.020336 59.580928 0
run_shifts.sh 20230918 030 6.92137 25.366288 0
run_shifts.sh 20230919 001 18.909565 39.925202 1
run_shifts.sh 20230919 002 19.138387 39.427139 1
run_shifts.sh 20230919 003 19.55254 45.104846 1
run_shifts.sh 20230919 004 1.477807 53.676742 0
run_shifts.sh 20230919 005 2.031106 19.650319 0
run_shifts.sh 20230919 006 1.533292 0.694214 0
run_shifts.sh 20230919 008 2.033475 -1.804186 0
run_shifts.sh 20230919 009 2.26655 -2.082419 0
run_shifts.sh 20230919 010 1.049842 -1.386358 1
run_shifts.sh 20230919 011 1.400114 -1.249275 1
run_shifts.sh 20230919 012 1.816628 -1.383825 1
run_shifts.sh 20230919 013 2.100081 -1.249514 1
run_shifts.sh 20230919 014 2.874826 63.41189 1
run_shifts.sh 20230919 015 7.054642 52.507069 0
run_shifts.sh 20230919 016 7.263911 47.227313 0
run_shifts.sh 20230920 006 21.665143 1.293011 0
run_shifts.sh 20230920 007 23.724895 32.544272 0
run_shifts.sh 20230920 008 18.659439 29.878622 1
run_shifts.sh 20230920 009 19.354536 45.440501 1
run_shifts.sh 20230920 010 19.533181 46.385963 1
run_shifts.sh 20230920 011 19.445914 37.674905 1
run_shifts.sh 20230920 012 20.002006 30.97607 1
run_shifts.sh 20230920 013 20.545059 41.252245 1
run_shifts.sh 20230920 014 20.234909 36.616006 1
run_shifts.sh 20230920 015 2.574602 27.620481 0
run_shifts.sh 20230920 016 1.64985 -1.665092 0
run_shifts.sh 20230920 017 2.000158 -1.526025 0
run_shifts.sh 20230920 018 2.083433 -1.943739 0
run_shifts.sh 20230920 019 1.166667 -2.352058 1
run_shifts.sh 20230920 020 1.533292 -2.360942 1
run_shifts.sh 20230920 021 1.900122 -2.355292 1
run_shifts.sh 20230920 022 2.2499 -2.221547 1
run_shifts.sh 20230920 023 1.478692 53.691039 1
run_shifts.sh 20230920 024 5.729318 3.341981 0
run_shifts.sh 20230920 025 3.231844 56.995048 1
run_shifts.sh 20230922 009 18.097399 64.402803 1
run_shifts.sh 20230922 010 16.944673 37.791432 1
run_shifts.sh 20230922 011 23.658919 28.101834 0
run_shifts.sh 20230922 012 23.659486 28.128612 0
run_shifts.sh 20230922 016 1.183372 -1.107019 1
run_shifts.sh 20230922 017 1.516644 -1.110817 1
run_shifts.sh 20230922 018 1.916806 -1.108456 1
run_shifts.sh 20230922 019 1.916806 1.94005 1
run_shifts.sh 20230922 020 3.334589 -3.456098 1
run_shifts.sh 20230922 021 3.334806 -3.442471 1
run_shifts.sh 20230922 022 3.335491 -3.459295 1
run_shifts.sh 20230922 023 3.335707 -3.44569 1
run_shifts.sh 20230922 024 6.991222 19.334437 0
run_shifts.sh 20230922 025 5.013113 -5.757876 1
run_shifts.sh 20230923 006 18.481369 0.265947 1
run_shifts.sh 20230923 007 18.049318 60.760115 1
run_shifts.sh 20230923 008 21.194806 68.397585 0
run_shifts.sh 20230923 009 19.533114 46.687678 1
run_shifts.sh 20230923 010 22.652065 -5.044252 1
run_shifts.sh 20230923 011 1.745787 34.236485 0
run_shifts.sh 20230923 012 2.376219 50.54818 0
run_shifts.sh 20230923 013 2.629151 28.171992 0
run_shifts.sh 20230923 014 1.816628 0.376739 0
run_shifts.sh 20230923 015 2.066781 -0.138797 0
run_shifts.sh 20230923 016 0.60015 -2.079256 1
run_shifts.sh 20230923 017 0.933217 -2.082419 1
run_shifts.sh 20230923 018 1.333492 -2.081156 1
run_shifts.sh 20230923 019 1.766544 -2.078069 1
run_shifts.sh 20230923 020 2.133375 -2.083053 1
run_shifts.sh 20230923 021 4.850936 2.525852 0
run_shifts.sh 20230923 022 4.850437 2.537514 0
run_shifts.sh 20230923 023 4.851717 2.53332 0
run_shifts.sh 20230923 024 4.851217 2.544985 0
run_shifts.sh 20230923 025 6.020336 59.580928 0
run_shifts.sh 20230923 026 6.609661 6.319863 0
run_shifts.sh 20230924 004 21.533402 0.237568 0
run_shifts.sh 20230924 005 21.194806 68.397585 0
run_shifts.sh 20230924 006 21.787752 -4.740122 1
run_shifts.sh 20230924 007 19.705491 48.494627 1
run_shifts.sh 20230924 008 22.653923 -5.044945 1
run_shifts.sh 20230924 009 2.451847 33.562723 0
run_shifts.sh 20230924 010 2.452168 33.59024 0
run_shifts.sh 20230924 011 1.64985 -1.109975 0
run_shifts.sh 20230924 012 3.765682 27.549159 0
run_shifts.sh 20230924 013 0.766747 -1.805008 1
run_shifts.sh 20230924 014 1.099878 -1.800894 1
run_shifts.sh 20230924 015 1.900122 -1.800894 1
run_shifts.sh 20230924 016 1.900122 1.800894 1
run_shifts.sh 20230924 017 6.020336 59.580928 0
run_shifts.sh 20230924 018 7.290737 31.47458 0
run_shifts.sh 20230924 019 3.349944 7.944173 1
run_shifts.sh 20230925 006 21.686043 9.595898 0
run_shifts.sh 20230925 007 21.665143 1.293011 0
run_shifts.sh 20230925 008 23.728479 32.480181 0
run_shifts.sh 20230925 009 0.148704 49.307916 0
run_shifts.sh 20230925 010 19.494923 46.192232 1
run_shifts.sh 20230925 011 19.43158 40.241879 1
run_shifts.sh 20230925 012 20.002006 30.97607 1
run_shifts.sh 20230925 013 20.234909 36.616006 1
run_shifts.sh 20230925 014 20.545059 41.252245 1
run_shifts.sh 20230925 015 2.579513 27.282956 0
run_shifts.sh 20230925 016 2.884585 16.848207 0
run_shifts.sh 20230925 017 2.874376 63.400954 0
run_shifts.sh 20230925 018 3.905523 24.066001 0
run_shifts.sh 20230925 019 1.083194 -1.662814 1
run_shifts.sh 20230925 020 1.383464 -1.665597 1
run_shifts.sh 20230925 021 1.816628 -1.660661 1
run_shifts.sh 20230925 025 3.601609 -4.388302 1
run_shifts.sh 20230925 026 3.601632 -4.374418 0
run_shifts.sh 20230925 027 3.602537 -4.388648 0
run_shifts.sh 20230925 028 3.602561 -4.374763 0
run_shifts.sh 20230925 029 2.042603 19.109288 1
run_shifts.sh 20230925 030 2.612152 22.682877 1
run_shifts.sh 20230926 006 16.944673 37.791431 1
run_shifts.sh 20230926 007 18.108509 15.809534 1
run_shifts.sh 20230926 008 18.625594 20.519009 1
run_shifts.sh 20230926 009 19.063035 45.618584 1
run_shifts.sh 20230926 010 19.44308 38.131964 1
run_shifts.sh 20230926 011 19.813778 46.925585 1
run_shifts.sh 20230926 012 19.741643 41.065588 1
run_shifts.sh 20230926 013 21.665449 1.301298 1
run_shifts.sh 20230926 014 3.118355 40.13883 0
run_shifts.sh 20230926 015 3.747814 23.911638 0
run_shifts.sh 20230926 016 4.02873 60.882494 0
run_shifts.sh 20230927 005 4.794545 26.140001 0
run_shifts.sh 20230927 006 2.572376 -10.885338 1
run_shifts.sh 20230927 007 4.865253 9.866168 0
run_shifts.sh 20230927 008 6.020336 59.580928 0
run_shifts.sh 20230927 009 7.054642 52.507069 0
run_shifts.sh 20230927 010 3.292135 7.700068 1
run_shifts.sh 20230928 006 16.944673 37.791431 1
run_shifts.sh 20230928 007 0.107942 35.168271 0
run_shifts.sh 20230928 008 0.108183 35.195922 0
run_shifts.sh 20230928 009 22.102201 -7.390187 1
run_shifts.sh 20230928 010 1.477787 53.676542 0
run_shifts.sh 20230928 011 20.971913 43.902724 1
run_shifts.sh 20230928 012 22.259618 16.294554 1
run_shifts.sh 20230928 013 3.683864 23.411539 0
run_shifts.sh 20230928 014 3.816833 23.24289 0
run_shifts.sh 20230928 015 4.491482 26.661486 0
run_shifts.sh 20230928 016 4.02873 60.882494 0
run_shifts.sh 20230928 017 4.865253 9.866168 0
run_shifts.sh 20230928 018 5.79802 41.933598 0
run_shifts.sh 20230928 019 6.020336 59.580928 0
run_shifts.sh 20230928 020 4.029558 60.893388 1
run_shifts.sh 20230929 007 21.686041 9.595783 0
run_shifts.sh 20230929 008 21.194806 68.397585 0
run_shifts.sh 20230929 009 23.524433 59.155968 0
run_shifts.sh 20230929 010 0.68033 40.171601 0
run_shifts.sh 20230929 011 21.686495 9.607909 1
run_shifts.sh 20230929 012 3.236478 28.665921 0
run_shifts.sh 20230929 013 3.723599 24.984505 0
run_shifts.sh 20230929 014 4.143328 38.027432 0
run_shifts.sh 20230929 015 4.241876 23.56534 0
run_shifts.sh 20230929 016 4.307026 14.962359 0
run_shifts.sh 20230929 017 3.849399 -0.881432 0
run_shifts.sh 20230929 018 2.874826 63.41189 1
run_shifts.sh 20230929 019 5.689216 53.466367 0
run_shifts.sh 20230929 020 6.020336 59.580928 0
run_shifts.sh 20230929 021 6.991222 19.334437 0
run_shifts.sh 20230929 022 8.295173 39.06056 0
run_shifts.sh 20230930 006 23.278715 53.200642 0
run_shifts.sh 20230930 007 18.723177 40.684293 1
run_shifts.sh 20230930 008 19.296524 41.421487 1
run_shifts.sh 20230930 009 19.50052 37.303691 1
run_shifts.sh 20230930 010 20.002006 30.97607 1
run_shifts.sh 20230930 011 21.686495 9.607909 1
