run_shifts.sh 20240101 007 0.766747 -2.082814 1
run_shifts.sh 20240101 008 1.149961 -1.937536 1
run_shifts.sh 20240101 009 1.599883 -2.082419 1
run_shifts.sh 20240101 010 1.950158 -1.941083 1
run_shifts.sh 20240101 011 1.733183 2.356639 1
run_shifts.sh 20240101 012 1.562183 30.86905 1
run_shifts.sh 20240101 013 2.212726 10.556765 1
run_shifts.sh 20240101 014 2.884973 16.867037 1
run_shifts.sh 20240101 015 3.237143 28.681561 1
run_shifts.sh 20240101 016 4.522215 58.969847 1
run_shifts.sh 20240101 017 7.063318 66.742449 0
run_shifts.sh 20240101 018 4.637232 39.465813 1
run_shifts.sh 20240101 019 11.088944 43.519434 0
run_shifts.sh 20240101 020 12.104185 12.503258 0
run_shifts.sh 20240101 021 12.236766 0.61943 0
run_shifts.sh 20240101 022 9.006368 21.839943 1
run_shifts.sh 20240101 023 11.962069 -8.272741 1
run_shifts.sh 20240101 024 9.892056 35.581361 1
run_shifts.sh 20240102 007 0.849978 -1.666356 1
run_shifts.sh 20240102 008 1.366808 -1.526547 1
run_shifts.sh 20240102 009 2.738034 25.532386 1
run_shifts.sh 20240102 010 3.237143 28.681561 1
run_shifts.sh 20240102 011 3.955873 41.136107 1
run_shifts.sh 20240102 012 4.847859 22.128997 1
run_shifts.sh 20240102 013 6.020925 59.597049 1
run_shifts.sh 20240103 007 4.261425 29.1596 0
run_shifts.sh 20240103 008 1.099878 -0.9696 1
run_shifts.sh 20240103 009 1.516644 -0.833092 1
run_shifts.sh 20240103 010 1.933483 -0.69295 1
run_shifts.sh 20240103 011 0.680866 40.193621 1
run_shifts.sh 20240103 012 2.03741 10.344394 1
run_shifts.sh 20240103 013 3.982338 -3.303685 1
run_shifts.sh 20240103 014 3.982571 -3.29013 1
run_shifts.sh 20240103 015 3.983236 -3.307132 1
run_shifts.sh 20240103 016 3.983468 -3.293597 1
run_shifts.sh 20240103 017 5.591278 -5.31251 1
run_shifts.sh 20240103 018 3.920688 9.851969 1
run_shifts.sh 20240103 019 3.758328 23.769328 1
run_shifts.sh 20240103 020 7.063318 66.742449 0
run_shifts.sh 20240103 021 10.325978 19.86106 0
run_shifts.sh 20240103 022 11.325116 46.682391 0
run_shifts.sh 20240103 023 7.291428 31.490516 1
run_shifts.sh 20240103 024 7.758473 31.696034 1
run_shifts.sh 20240103 025 9.249022 1.399431 1
run_shifts.sh 20240103 026 8.853912 11.853649 1
run_shifts.sh 20240103 027 14.119548 28.429748 0
run_shifts.sh 20240103 028 14.1201 28.456583 0
run_shifts.sh 20240103 029 13.393492 2.720906 0
run_shifts.sh 20240103 030 13.773545 62.387621 0
run_shifts.sh 20240103 031 10.22565 19.957287 1
run_shifts.sh 20240104 008 0.800042 -0.971922 1
run_shifts.sh 20240104 009 1.300161 -0.970633 1
run_shifts.sh 20240104 010 1.749861 -1.385619 1
run_shifts.sh 20240104 011 2.050131 -0.277561 1
run_shifts.sh 20240104 012 6.139773 15.974483 0
run_shifts.sh 20240104 013 5.031632 -6.946721 1
run_shifts.sh 20240104 014 3.845865 6.35 1
run_shifts.sh 20240104 015 3.846513 6.36001 1
run_shifts.sh 20240104 016 3.846535 6.340351 1
run_shifts.sh 20240104 017 3.847182 6.350361 1
run_shifts.sh 20240104 018 3.924785 9.865901 1
run_shifts.sh 20240104 019 3.727044 24.402786 1
run_shifts.sh 20240104 020 4.262092 29.175367 1
run_shifts.sh 20240104 021 4.847859 22.128997 1
run_shifts.sh 20240104 022 11.088948 43.519426 0
run_shifts.sh 20240104 023 10.237013 0.074183 0
run_shifts.sh 20240104 024 9.18503 -4.534052 1
run_shifts.sh 20240104 025 9.185054 -4.520168 1
run_shifts.sh 20240104 026 9.185959 -4.534398 1
run_shifts.sh 20240104 027 6.921798 25.387293 1
run_shifts.sh 20240104 028 12.749384 39.268748 0
run_shifts.sh 20240104 029 11.795196 0.793644 0
run_shifts.sh 20240104 030 8.861462 11.846057 1
run_shifts.sh 20240104 031 9.710401 12.270298 1
run_shifts.sh 20240104 032 10.013917 31.935048 1
run_shifts.sh 20240105 006 23.736119 32.568177 1
run_shifts.sh 20240105 007 1.350153 1.665092 1
run_shifts.sh 20240105 008 7.421738 22.509082 0
run_shifts.sh 20240105 009 7.420817 22.514556 0
run_shifts.sh 20240105 010 7.422134 22.521833 0
run_shifts.sh 20240105 011 7.421213 22.527304 0
run_shifts.sh 20240105 012 7.605546 12.461757 0
run_shifts.sh 20240105 013 7.604799 12.470299 0
run_shifts.sh 20240106 010 0.916569 -0.138811 1
run_shifts.sh 20240106 011 1.333492 -0.138714 1
run_shifts.sh 20240106 012 1.766544 -0.138508 1
run_shifts.sh 20240106 013 4.615841 0.043894 0
run_shifts.sh 20240106 015 7.435949 33.584112 0
run_shifts.sh 20240106 016 7.434849 33.586113 0
run_shifts.sh 20240106 017 7.436111 33.597849 0
run_shifts.sh 20240106 018 7.43501 33.599845 0
run_shifts.sh 20240106 019 2.921066 17.90277 1
run_shifts.sh 20240106 020 2.643403 26.249937 1
run_shifts.sh 20240106 021 3.629394 17.314129 1
run_shifts.sh 20240106 022 5.100942 52.836938 1
run_shifts.sh 20240106 023 4.647555 23.161007 1
run_shifts.sh 20240106 028 8.254717 -3.086688 1
run_shifts.sh 20240106 029 8.254971 -3.07323 1
run_shifts.sh 20240106 030 11.848339 48.359533 0
run_shifts.sh 20240106 031 12.226467 32.939909 0
run_shifts.sh 20240106 032 12.265957 13.079405 0
run_shifts.sh 20240106 033 12.267103 13.101609 0
run_shifts.sh 20240106 034 8.83811 11.933142 1
run_shifts.sh 20240106 035 11.149794 -10.18381 1
run_shifts.sh 20240106 036 13.393492 2.720882 0
run_shifts.sh 20240106 037 11.862628 -3.239726 1
run_shifts.sh 20240107 007 1.033172 -0.693292 1
run_shifts.sh 20240107 008 1.566586 -0.694136 1
run_shifts.sh 20240107 009 1.950158 -0.277244 1
run_shifts.sh 20240107 010 4.615841 0.043894 0
run_shifts.sh 20240107 011 4.61544 0.056355 0
run_shifts.sh 20240107 012 4.616676 0.049905 0
run_shifts.sh 20240107 013 4.616273 0.062372 0
run_shifts.sh 20240107 014 6.881781 47.123974 0
run_shifts.sh 20240107 015 1.886544 36.181591 1
run_shifts.sh 20240107 016 4.132339 2.692605 1
run_shifts.sh 20240107 017 3.709406 29.579444 1
run_shifts.sh 20240107 018 4.63176 18.970849 1
run_shifts.sh 20240107 019 5.099608 52.811982 1
run_shifts.sh 20240107 020 11.092267 45.91525 0
run_shifts.sh 20240107 021 11.199181 46.504756 0
run_shifts.sh 20240107 022 11.924156 50.182106 0
run_shifts.sh 20240107 023 12.267103 13.101609 0
run_shifts.sh 20240107 024 8.974164 5.056211 1
run_shifts.sh 20240107 025 14.579317 43.877083 0
run_shifts.sh 20240107 026 10.154804 17.095853 1
run_shifts.sh 20240107 027 10.15566 17.102381 1
run_shifts.sh 20240107 028 10.155258 17.083589 1
run_shifts.sh 20240107 029 10.156113 17.09012 1
run_shifts.sh 20240107 030 16.016948 33.287817 0
run_shifts.sh 20240108 007 3.917387 9.805824 0
run_shifts.sh 20240108 008 0.966525 0.693819 1
run_shifts.sh 20240108 009 4.694277 9.859491 0
run_shifts.sh 20240108 010 4.693583 9.868837 0
run_shifts.sh 20240108 012 3.850113 6.315451 1
run_shifts.sh 20240108 013 3.850761 6.325473 1
run_shifts.sh 20240108 014 3.850784 6.305814 1
run_shifts.sh 20240108 015 3.851431 6.315836 1
run_shifts.sh 20240108 016 8.861894 11.789221 0
run_shifts.sh 20240108 017 9.424448 53.316278 0
run_shifts.sh 20240108 018 8.291696 -1.21808 0
run_shifts.sh 20240108 019 8.291696 -1.21808 0
run_shifts.sh 20240108 020 8.291357 -1.205214 0
run_shifts.sh 20240108 021 8.292558 -1.213025 0
run_shifts.sh 20240108 022 11.078667 46.904533 0
run_shifts.sh 20240108 023 8.691161 -3.1967 0
run_shifts.sh 20240109 001 12.394273 26.970097 0
run_shifts.sh 20240109 002 11.897507 6.990652 0
run_shifts.sh 20240109 003 11.869824 2.593108 0
run_shifts.sh 20240109 004 12.236767 0.619433 0
run_shifts.sh 20240109 005 14.120103 28.456669 0
run_shifts.sh 20240109 006 14.272641 2.290888 0
run_shifts.sh 20240110 007 1.036506 0.435969 1
run_shifts.sh 20240110 008 1.633192 0.416286 1
run_shifts.sh 20240110 009 6.020335 59.580832 0
run_shifts.sh 20240110 010 2.03741 10.344394 1
run_shifts.sh 20240110 011 3.237143 28.681568 1
run_shifts.sh 20240110 012 3.727082 23.547077 1
run_shifts.sh 20240110 013 4.262092 29.175367 1
run_shifts.sh 20240110 014 10.013222 31.919082 0
run_shifts.sh 20240110 015 12.031872 50.124831 0
run_shifts.sh 20240110 016 12.387138 11.503828 0
run_shifts.sh 20240110 017 13.699075 51.559283 0
run_shifts.sh 20240110 018 14.495797 50.664925 0
run_shifts.sh 20240110 019 15.172017 50.028836 0
run_shifts.sh 20240110 020 11.913882 -1.446556 1
run_shifts.sh 20240110 021 16.231803 33.762152 0
run_shifts.sh 20240111 003 1.350153 1.665092 1
run_shifts.sh 20240111 004 1.733183 2.079256 1
run_shifts.sh 20240111 005 1.016474 54.090854 1
run_shifts.sh 20240111 006 2.03741 10.344394 1
run_shifts.sh 20240111 007 4.834664 71.159788 0
run_shifts.sh 20240111 008 7.872835 16.197188 0
run_shifts.sh 20240111 009 8.199214 8.736277 0
run_shifts.sh 20240111 010 9.593599 35.797603 0
run_shifts.sh 20240111 011 4.647555 23.161007 1
run_shifts.sh 20240111 012 4.916103 19.496449 1
run_shifts.sh 20240111 013 11.005219 49.899828 0
run_shifts.sh 20240111 014 11.848339 48.359533 0
run_shifts.sh 20240111 015 12.054444 49.039036 0
run_shifts.sh 20240111 017 11.683501 5.752235 0
run_shifts.sh 20240111 018 13.148078 29.617748 0
run_shifts.sh 20240111 019 14.326553 52.872194 0
run_shifts.sh 20240111 020 13.660471 70.267847 0
run_shifts.sh 20240111 021 10.328679 19.480745 1
run_shifts.sh 20240113 007 23.731243 32.616739 1
run_shifts.sh 20240113 008 1.350153 1.942706 1
run_shifts.sh 20240113 009 1.64985 1.942706 1
run_shifts.sh 20240113 010 6.139773 15.974483 0
run_shifts.sh 20240113 011 2.27511 13.593176 1
run_shifts.sh 20240113 012 2.643403 26.249937 1
run_shifts.sh 20240113 013 5.57161 -4.962161 1
run_shifts.sh 20240113 014 3.796629 23.229176 1
run_shifts.sh 20240113 015 3.72617 23.773014 1
run_shifts.sh 20240113 016 4.63176 18.970849 1
run_shifts.sh 20240113 017 11.043033 48.403172 0
run_shifts.sh 20240113 018 11.250678 48.631828 0
run_shifts.sh 20240113 019 12.037608 49.853556 0
run_shifts.sh 20240113 020 7.20605 23.254544 1
run_shifts.sh 20240113 021 9.071902 55.611322 1
run_shifts.sh 20240113 022 9.303242 51.662709 1
run_shifts.sh 20240114 011 0.192517 59.139767 1
run_shifts.sh 20240114 012 5.447195 51.941137 0
run_shifts.sh 20240114 013 6.139773 15.974483 0
run_shifts.sh 20240114 014 1.886477 36.195412 1
run_shifts.sh 20240114 015 5.343823 -5.783588 1
run_shifts.sh 20240114 016 4.132339 2.692605 1
run_shifts.sh 20240114 017 8.828202 20.2369 0
run_shifts.sh 20240114 018 4.117576 45.297388 1
run_shifts.sh 20240114 019 4.647555 23.161007 1
run_shifts.sh 20240114 020 5.100942 52.836938 1
run_shifts.sh 20240114 021 11.078667 46.904533 0
run_shifts.sh 20240114 022 6.134868 16.000066 1
run_shifts.sh 20240114 023 11.801803 49.752778 0
run_shifts.sh 20240114 024 12.037608 49.853556 0
run_shifts.sh 20240114 025 12.394273 26.970097 0
run_shifts.sh 20240114 026 12.778237 10.315619 0
run_shifts.sh 20240114 027 14.291608 50.2314 0
run_shifts.sh 20240114 028 14.781044 50.145778 0
run_shifts.sh 20240114 029 9.810465 46.030597 1
run_shifts.sh 20240114 030 10.013917 31.935048 1
run_shifts.sh 20240114 031 11.000893 22.842467 1
run_shifts.sh 20240115 007 0.192517 59.139767 1
run_shifts.sh 20240115 008 2.90424 71.300863 0
run_shifts.sh 20240115 009 5.870846 15.836044 0
run_shifts.sh 20240115 010 6.020335 59.580832 0
run_shifts.sh 20240115 011 5.031632 -6.946715 1
run_shifts.sh 20240115 012 5.671818 -9.194729 1
run_shifts.sh 20240115 013 8.79753 13.444016 0
run_shifts.sh 20240115 014 9.897967 20.943379 0
run_shifts.sh 20240115 015 11.053856 48.148539 0
run_shifts.sh 20240115 016 10.846725 6.79731 0
run_shifts.sh 20240115 019 7.836377 30.043976 1
run_shifts.sh 20240115 020 8.280158 34.582187 1
run_shifts.sh 20240115 021 14.327958 52.877972 0
run_shifts.sh 20240115 022 15.426044 49.872808 0
run_shifts.sh 20240115 023 10.513352 31.028752 1
run_shifts.sh 20240115 024 14.466244 63.956834 0
run_shifts.sh 20240115 025 16.298595 32.382639 0
run_shifts.sh 20240115 026 14.329165 65.108601 0
run_shifts.sh 20240116 008 0.192518 59.139776 1
run_shifts.sh 20240116 009 2.90424 71.300863 0
run_shifts.sh 20240116 010 5.870846 15.836044 0
run_shifts.sh 20240117 006 2.90424 71.300863 0
run_shifts.sh 20240117 007 5.093208 52.76032 0
run_shifts.sh 20240117 008 6.912863 33.254973 0
run_shifts.sh 20240117 009 2.965668 5.967246 1
run_shifts.sh 20240117 010 5.031632 -6.946721 1
run_shifts.sh 20240117 011 2.855124 30.289859 1
run_shifts.sh 20240117 012 8.710402 19.409044 0
run_shifts.sh 20240117 013 7.063318 66.742449 0
run_shifts.sh 20240117 014 4.647555 23.161007 1
run_shifts.sh 20240117 016 11.053856 48.148539 0
run_shifts.sh 20240117 017 11.157008 48.271414 0
run_shifts.sh 20240117 018 11.608389 48.217106 0
run_shifts.sh 20240117 019 12.010533 48.6652 0
run_shifts.sh 20240117 020 7.291428 31.490516 1
run_shifts.sh 20240117 021 13.693675 49.476097 0
run_shifts.sh 20240117 022 10.024283 2.186156 1
run_shifts.sh 20240117 023 14.507311 50.192164 0
run_shifts.sh 20240117 024 15.467261 50.602783 0
run_shifts.sh 20240117 025 10.829278 35.548949 1
run_shifts.sh 20240120 006 6.088321 8.365002 0
run_shifts.sh 20240120 008 6.444386 -9.741983 1
run_shifts.sh 20240120 010 9.898552 20.95815 1
run_shifts.sh 20240122 003 14.606356 57.550404 0
run_shifts.sh 20240122 004 15.855528 29.505323 0
run_shifts.sh 20240122 005 16.774794 34.571813 0
run_shifts.sh 20240124 004 11.089753 43.535483 1
run_shifts.sh 20240124 005 15.733096 2.510605 0
run_shifts.sh 20240125 010 1.630881 7.990515 1
run_shifts.sh 20240125 011 4.25423 -7.675485 1
run_shifts.sh 20240125 012 5.259413 -9.511328 1
run_shifts.sh 20240125 013 5.80898 -4.094183 0
run_shifts.sh 20240125 014 3.237144 28.681546 1
run_shifts.sh 20240125 015 3.931691 47.852957 1
run_shifts.sh 20240125 016 7.061728 71.755464 0
run_shifts.sh 20240125 017 5.488322 12.168592 1
run_shifts.sh 20240125 018 11.054981 35.927211 0
run_shifts.sh 20240125 019 12.394273 26.970096 0
run_shifts.sh 20240125 020 12.749382 39.268753 0
run_shifts.sh 20240125 021 13.255046 29.980871 0
run_shifts.sh 20240125 022 12.963578 16.851347 0
run_shifts.sh 20240125 023 11.862491 -3.243435 0
run_shifts.sh 20240125 024 10.295348 62.523508 1
run_shifts.sh 20240125 025 14.615437 58.334757 0
run_shifts.sh 20240126 006 2.037419 10.344397 1
run_shifts.sh 20240126 007 2.855124 30.289854 1
run_shifts.sh 20240126 008 4.288186 8.830431 1
run_shifts.sh 20240126 009 4.240774 27.896901 1
run_shifts.sh 20240126 010 4.877293 40.710234 1
run_shifts.sh 20240126 011 11.325117 46.682379 0
run_shifts.sh 20240126 012 5.881865 39.204247 1
run_shifts.sh 20240126 013 6.709515 29.192635 1
run_shifts.sh 20240126 014 11.897508 6.990626 0
run_shifts.sh 20240126 015 12.963578 16.851347 0
run_shifts.sh 20240126 016 13.280579 17.007317 0
run_shifts.sh 20240126 017 9.095996 55.311735 1
run_shifts.sh 20240126 018 11.862628 -3.239725 1
run_shifts.sh 20240126 019 10.408992 47.61449 1
run_shifts.sh 20240126 020 11.089753 43.535483 1
run_shifts.sh 20240126 021 15.733096 2.510605 0
run_shifts.sh 20240127 011 1.016474 54.09085 1
run_shifts.sh 20240127 012 0.893912 39.483378 1
run_shifts.sh 20240127 013 2.003831 13.050846 1
run_shifts.sh 20240127 014 3.15005 10.028925 1
run_shifts.sh 20240128 009 1.296018 11.377476 1
run_shifts.sh 20240128 010 2.275111 13.593158 1
run_shifts.sh 20240128 011 4.979415 -8.724794 1
run_shifts.sh 20240128 012 2.672449 35.418742 1
run_shifts.sh 20240128 013 3.520772 20.778069 1
run_shifts.sh 20240128 014 4.522218 58.969805 1
run_shifts.sh 20240128 015 6.870699 -5.170692 1
run_shifts.sh 20240128 016 4.647555 23.161005 1
run_shifts.sh 20240128 017 5.172303 27.238619 1
run_shifts.sh 20240128 018 11.054981 35.927143 0
run_shifts.sh 20240128 019 11.325117 46.682378 0
run_shifts.sh 20240128 020 8.655029 65.021563 1
run_shifts.sh 20240128 021 12.104185 12.503259 0
run_shifts.sh 20240128 022 9.001217 13.282829 1
run_shifts.sh 20240128 023 14.492532 39.779254 0
run_shifts.sh 20240128 024 11.862628 -3.239725 1
run_shifts.sh 20240128 025 10.511301 55.988084 1
run_shifts.sh 20240128 026 15.855528 29.505323 0
run_shifts.sh 20240128 027 16.616542 35.584643 0
run_shifts.sh 20240128 028 15.733096 2.510605 0
run_shifts.sh 20240128 029 11.885484 37.690898 1
run_shifts.sh 20240129 011 1.296018 11.377476 1
run_shifts.sh 20240129 012 4.222436 -10.777195 1
run_shifts.sh 20240129 013 2.738035 25.532378 1
run_shifts.sh 20240129 014 3.514247 20.888703 1
run_shifts.sh 20240129 015 8.85536 11.761508 0
run_shifts.sh 20240129 016 7.061728 71.755464 0
run_shifts.sh 20240129 017 4.79498 26.161107 1
run_shifts.sh 20240129 018 6.020925 59.597022 1
run_shifts.sh 20240129 019 11.325117 46.682379 0
run_shifts.sh 20240129 020 6.709515 29.192635 1
run_shifts.sh 20240129 021 12.394273 26.970096 0
run_shifts.sh 20240129 022 8.846818 11.596358 1
run_shifts.sh 20240129 023 9.095996 55.311735 1
run_shifts.sh 20240129 024 14.492532 39.779254 0
run_shifts.sh 20240129 025 9.898551 20.958166 1
run_shifts.sh 20240129 026 15.855528 29.505323 0
run_shifts.sh 20240129 027 16.616542 35.584643 0
run_shifts.sh 20240129 028 11.40153 38.14733 1
run_shifts.sh 20240130 009 2.037419 10.344397 1
run_shifts.sh 20240130 010 7.211654 23.226607 0
run_shifts.sh 20240130 011 2.738035 25.532378 1
run_shifts.sh 20240130 012 3.920084 9.772422 1
run_shifts.sh 20240130 013 3.920084 9.772422 1
run_shifts.sh 20240130 014 8.871196 11.73379 0
run_shifts.sh 20240130 015 7.061728 71.755464 0
run_shifts.sh 20240130 016 5.566939 11.351565 1
run_shifts.sh 20240130 017 6.610067 6.330829 1
run_shifts.sh 20240130 018 5.881865 39.204247 1
run_shifts.sh 20240130 019 6.709515 29.192635 1
run_shifts.sh 20240130 020 8.510854 4.370994 1
run_shifts.sh 20240130 021 8.316086 23.571252 1
run_shifts.sh 20240130 022 14.066891 38.61027 0
run_shifts.sh 20240130 023 10.295348 62.523508 1
run_shifts.sh 20240130 024 14.615437 58.334757 0
run_shifts.sh 20240130 025 10.276391 27.869421 1
run_shifts.sh 20240131 008 2.037419 10.344397 1
run_shifts.sh 20240131 009 6.99123 19.334319 0
run_shifts.sh 20240131 010 8.861139 11.849511 0
run_shifts.sh 20240131 011 9.311614 51.686561 0
run_shifts.sh 20240131 012 4.647555 23.161005 1
run_shifts.sh 20240131 013 10.328291 19.460906 0
run_shifts.sh 20240131 014 5.109377 26.506681 1
run_shifts.sh 20240131 015 11.000481 22.821903 0
run_shifts.sh 20240131 016 6.991617 19.354119 1
run_shifts.sh 20240131 017 8.1079 48.696407 1
run_shifts.sh 20240131 018 8.853912 11.853648 1
run_shifts.sh 20240131 019 8.355049 47.040863 1
