run_shifts.sh 20240501 006 12.947557 21.972899 0
run_shifts.sh 20240501 007 13.868056 49.047706 0
run_shifts.sh 20240501 008 14.327392 52.889556 0
run_shifts.sh 20240501 009 15.100861 49.742194 0
run_shifts.sh 20240501 010 15.457825 49.392683 0
run_shifts.sh 20240501 011 15.809797 49.798333 0
run_shifts.sh 20240501 012 16.060836 49.844394 0
run_shifts.sh 20240501 013 11.542272 50.342917 1
run_shifts.sh 20240501 014 11.758664 50.361472 1
run_shifts.sh 20240501 015 13.418422 4.014331 1
run_shifts.sh 20240501 016 13.419008 4.02514 1
run_shifts.sh 20240501 017 13.419142 4.005578 1
run_shifts.sh 20240501 018 13.419728 4.016386 1
run_shifts.sh 20240501 019 13.280951 17.026497 1
run_shifts.sh 20240501 020 15.063083 -2.748322 1
run_shifts.sh 20240501 021 15.063367 -2.735009 1
run_shifts.sh 20240501 022 15.063966 -2.752533 1
run_shifts.sh 20240501 023 15.064249 -2.739236 1
run_shifts.sh 20240501 024 19.347777 37.799812 0
run_shifts.sh 20240501 025 18.804374 7.685228 0
run_shifts.sh 20240501 026 19.281792 5.139477 0
run_shifts.sh 20240501 027 15.855984 29.526861 1
run_shifts.sh 20240501 028 21.62104 48.943456 0
run_shifts.sh 20240502 006 13.890431 48.864658 0
run_shifts.sh 20240502 007 14.326619 52.871139 0
run_shifts.sh 20240502 008 15.147617 49.52985 0
run_shifts.sh 20240502 009 15.589311 49.629964 0
run_shifts.sh 20240502 011 16.031481 49.873794 0
run_shifts.sh 20240502 012 11.394469 49.876539 1
run_shifts.sh 20240502 013 11.752061 49.626711 1
run_shifts.sh 20240502 014 12.504138 16.341332 1
run_shifts.sh 20240502 015 12.504981 16.348098 1
run_shifts.sh 20240502 016 12.504606 16.329197 1
run_shifts.sh 20240502 017 12.505449 16.335966 1
run_shifts.sh 20240502 018 18.234567 28.211851 0
run_shifts.sh 20240502 020 19.14125 22.759057 0
run_shifts.sh 20240502 021 16.300397 0.049467 1
run_shifts.sh 20240503 006 13.895644 49.13675 0
run_shifts.sh 20240503 007 14.326619 52.871139 0
run_shifts.sh 20240503 008 15.106444 49.260681 0
run_shifts.sh 20240503 009 15.502639 49.152497 0
run_shifts.sh 20240503 010 15.866794 49.277614 0
run_shifts.sh 20240503 011 16.11095 48.813364 0
run_shifts.sh 20240503 012 11.780744 48.552272 1
run_shifts.sh 20240503 013 12.232896 33.012994 1
run_shifts.sh 20240503 014 18.234567 28.211851 0
run_shifts.sh 20240503 015 13.922583 50.495481 1
run_shifts.sh 20240503 016 13.973928 50.395994 1
run_shifts.sh 20240503 017 14.456714 26.540502 1
run_shifts.sh 20240503 018 17.608797 68.327545 0
run_shifts.sh 20240503 019 20.743326 15.287491 0
run_shifts.sh 20240503 020 21.535996 47.717223 0
run_shifts.sh 20240503 021 21.088119 58.755002 0
run_shifts.sh 20240504 006 8.411189 21.292601 1
run_shifts.sh 20240504 007 14.325983 52.883806 0
run_shifts.sh 20240504 008 15.210928 49.07915 0
run_shifts.sh 20240504 009 15.560956 49.149394 0
run_shifts.sh 20240504 010 15.880369 49.025139 0
run_shifts.sh 20240504 011 16.094589 48.5878 0
run_shifts.sh 20240504 012 11.645519 49.627283 1
run_shifts.sh 20240504 013 13.393723 2.733438 1
run_shifts.sh 20240504 014 12.237758 32.963857 1
run_shifts.sh 20240504 015 15.492785 -4.728691 1
run_shifts.sh 20240504 016 15.492808 -4.714807 1
run_shifts.sh 20240504 017 15.493713 -4.729037 1
run_shifts.sh 20240504 018 18.936771 41.568313 0
run_shifts.sh 20240504 019 18.233381 64.390507 0
run_shifts.sh 20240505 011 -999999.9 -999999.9 1
run_shifts.sh 20240506 011 14.031175 50.562161 0
run_shifts.sh 20240506 012 14.437081 50.549222 0
run_shifts.sh 20240506 013 14.917614 50.066794 0
run_shifts.sh 20240506 014 15.450925 50.843719 0
run_shifts.sh 20240506 015 15.886203 50.480897 0
run_shifts.sh 20240506 016 16.038497 50.842289 0
run_shifts.sh 20240506 017 11.731011 49.427889 1
run_shifts.sh 20240506 018 13.280951 17.026497 1
run_shifts.sh 20240506 019 15.066578 -2.760084 1
run_shifts.sh 20240506 020 15.066861 -2.746767 1
run_shifts.sh 20240506 021 15.067461 -2.764281 1
run_shifts.sh 20240506 022 15.067743 -2.750979 1
run_shifts.sh 20240506 023 13.906242 49.680572 1
run_shifts.sh 20240506 026 15.629842 38.947881 1
run_shifts.sh 20240506 027 18.102387 64.473774 1
run_shifts.sh 20240507 006 14.183694 50.217711 0
run_shifts.sh 20240507 007 14.390935 50.953701 0
run_shifts.sh 20240507 008 11.726068 -0.538576 1
run_shifts.sh 20240507 009 15.808603 49.312694 0
run_shifts.sh 20240507 010 16.053481 48.876164 0
run_shifts.sh 20240507 011 11.504203 50.664925 1
run_shifts.sh 20240507 012 11.550853 50.077772 1
run_shifts.sh 20240507 013 12.492208 23.964831 1
run_shifts.sh 20240507 014 12.913554 49.175945 1
run_shifts.sh 20240507 015 13.917944 48.952542 1
run_shifts.sh 20240507 016 13.945556 49.039036 1
run_shifts.sh 20240507 017 14.367111 49.157631 1
run_shifts.sh 20240507 018 14.903194 49.075689 1
run_shifts.sh 20240507 019 17.855597 65.463473 1
run_shifts.sh 20240507 020 16.33543 55.621768 1
run_shifts.sh 20240508 006 14.233983 50.093119 0
run_shifts.sh 20240508 007 14.585728 50.088614 0
run_shifts.sh 20240508 008 15.053739 49.950097 0
run_shifts.sh 20240508 009 15.544522 49.87685 0
run_shifts.sh 20240508 010 15.929694 50.206008 0
run_shifts.sh 20240508 011 16.0085 50.870422 0
run_shifts.sh 20240508 012 11.61255 48.954014 1
run_shifts.sh 20240508 013 11.766556 49.089794 1
run_shifts.sh 20240508 014 17.294842 11.663475 0
run_shifts.sh 20240508 015 13.934267 49.767783 1
run_shifts.sh 20240508 016 14.012906 49.749911 1
run_shifts.sh 20240508 017 14.456714 26.540502 1
run_shifts.sh 20240508 018 17.839078 65.5 0
run_shifts.sh 20240508 019 15.872665 57.123197 1
run_shifts.sh 20240508 020 15.981439 51.381372 1
run_shifts.sh 20240508 021 16.31811 33.695769 1
run_shifts.sh 20240508 022 15.990477 47.674169 1
run_shifts.sh 20240509 006 8.676345 19.19814 1
run_shifts.sh 20240509 007 14.427619 48.544386 0
run_shifts.sh 20240509 008 14.899892 48.340725 0
run_shifts.sh 20240509 009 15.667123 42.312387 0
run_shifts.sh 20240509 010 16.078372 48.361689 0
run_shifts.sh 20240509 011 16.102756 47.846103 0
run_shifts.sh 20240509 012 11.759347 49.358328 1
run_shifts.sh 20240509 013 11.760058 48.354408 1
run_shifts.sh 20240509 014 13.859163 4.288145 1
run_shifts.sh 20240509 015 13.859757 4.298859 1
run_shifts.sh 20240509 016 13.859877 4.279277 1
run_shifts.sh 20240509 017 13.86047 4.28999 1
run_shifts.sh 20240509 018 13.394216 36.203088 1
run_shifts.sh 20240509 019 13.928767 49.496156 1
run_shifts.sh 20240509 020 13.956719 49.582172 1
run_shifts.sh 20240509 021 19.632721 33.882997 0
run_shifts.sh 20240509 022 14.456814 26.540888 1
run_shifts.sh 20240509 023 17.8368 65.514167 0
run_shifts.sh 20240509 024 18.019936 65.514167 0
run_shifts.sh 20240509 025 18.191036 65.604167 0
run_shifts.sh 20240509 026 21.802389 23.106345 0
run_shifts.sh 20240509 027 18.23374 64.398901 1
run_shifts.sh 20240510 006 9.006365 21.839895 1
run_shifts.sh 20240510 007 15.118306 49.511342 0
run_shifts.sh 20240510 008 15.516461 49.394267 0
run_shifts.sh 20240510 009 15.853075 49.529733 0
run_shifts.sh 20240510 010 16.024694 48.905097 0
run_shifts.sh 20240510 011 11.738389 49.159756 1
run_shifts.sh 20240510 012 12.23752 32.991424 1
run_shifts.sh 20240510 013 17.254913 4.957134 0
run_shifts.sh 20240510 014 13.985728 50.938017 1
run_shifts.sh 20240510 015 14.456814 26.540888 1
run_shifts.sh 20240510 016 17.981486 65.5 0
run_shifts.sh 20240510 017 15.872665 57.123197 1
run_shifts.sh 20240510 018 17.813172 65.294167 1
run_shifts.sh 20240510 019 21.772624 38.206229 0
run_shifts.sh 20240512 011 14.575729 35.812062 0
run_shifts.sh 20240512 012 10.326364 19.880981 1
run_shifts.sh 20240512 013 11.055479 35.94889 1
run_shifts.sh 20240512 014 16.975011 34.309902 0
run_shifts.sh 20240512 015 11.745686 48.891467 1
run_shifts.sh 20240512 016 15.492785 -4.728691 1
run_shifts.sh 20240512 017 15.492808 -4.714807 1
run_shifts.sh 20240512 018 15.493713 -4.729037 1
run_shifts.sh 20240512 019 15.493737 -4.715152 1
run_shifts.sh 20240512 020 13.985728 50.938017 1
run_shifts.sh 20240512 021 16.925547 -8.396036 1
run_shifts.sh 20240512 022 14.82935 49.964089 1
run_shifts.sh 20240512 023 15.369844 49.379106 1
run_shifts.sh 20240512 024 15.962053 50.667097 1
run_shifts.sh 20240512 025 16.31811 33.695769 1
run_shifts.sh 20240512 026 21.802389 23.106345 0
run_shifts.sh 20240513 012 14.425775 25.661614 0
run_shifts.sh 20240513 013 9.89855 20.958187 1
run_shifts.sh 20240513 014 11.795399 0.804369 1
run_shifts.sh 20240513 015 11.089732 43.535534 1
run_shifts.sh 20240513 016 11.852065 35.284967 1
run_shifts.sh 20240513 017 12.48449 41.73661 1
run_shifts.sh 20240513 018 13.985728 50.938017 1
run_shifts.sh 20240513 019 14.111061 50.530392 1
run_shifts.sh 20240513 020 14.536497 50.246883 1
run_shifts.sh 20240513 021 17.842458 65.734167 0
run_shifts.sh 20240513 022 18.237025 66.394167 0
run_shifts.sh 20240513 023 16.317871 33.695429 1
run_shifts.sh 20240513 024 16.617275 35.600744 1
run_shifts.sh 20240514 006 9.061982 34.813125 1
run_shifts.sh 20240514 007 14.615442 58.334701 0
run_shifts.sh 20240514 008 11.00089 22.842444 1
run_shifts.sh 20240514 009 16.774791 34.571785 0
run_shifts.sh 20240514 010 17.235376 60.779414 0
run_shifts.sh 20240514 011 13.280951 17.026497 1
run_shifts.sh 20240514 012 18.159952 38.443592 0
run_shifts.sh 20240514 013 16.6054 -2.32723 0
run_shifts.sh 20240514 014 13.979794 50.667053 1
run_shifts.sh 20240514 015 14.133128 50.337444 1
run_shifts.sh 20240514 016 14.547508 49.773267 1
run_shifts.sh 20240514 017 14.935967 49.842383 1
run_shifts.sh 20240514 018 15.434394 51.084097 1
run_shifts.sh 20240514 019 15.813353 51.254475 1
run_shifts.sh 20240514 020 15.991944 50.641606 1
run_shifts.sh 20240514 021 21.802389 23.106345 0
run_shifts.sh 20240515 006 14.467086 13.929539 0
run_shifts.sh 20240515 007 10.27639 27.8694 1
run_shifts.sh 20240515 008 12.236957 0.630079 1
run_shifts.sh 20240515 009 16.774791 34.571785 0
run_shifts.sh 20240515 010 21.772624 38.206229 0
run_shifts.sh 20240515 011 22.220944 49.443008 0
run_shifts.sh 20240516 006 9.89855 20.958187 1
run_shifts.sh 20240516 007 11.795399 0.804369 1
run_shifts.sh 20240516 008 17.158659 43.670852 0
run_shifts.sh 20240516 009 16.765722 60.940459 0
run_shifts.sh 20240516 010 16.925547 -8.396036 1
run_shifts.sh 20240516 011 17.87525 65.514167 0
run_shifts.sh 20240516 012 18.082147 65.604167 0
run_shifts.sh 20240516 013 18.193322 65.604167 0
run_shifts.sh 20240517 001 14.751653 50.105194 0
run_shifts.sh 20240517 002 14.954161 49.617369 0
run_shifts.sh 20240517 003 15.152764 49.048075 0
run_shifts.sh 20240517 004 19.686218 40.1839 0
run_shifts.sh 20240517 005 15.155221 54.53833 1
run_shifts.sh 20240517 006 15.153639 54.51417 1
run_shifts.sh 20240517 007 15.509006 47.215461 1
run_shifts.sh 20240517 008 15.844847 47.102681 1
run_shifts.sh 20240517 009 16.082878 47.136489 1
run_shifts.sh 20240517 010 18.101402 64.412644 1
run_shifts.sh 20240518 006 9.805194 51.252689 1
run_shifts.sh 20240518 007 10.328678 19.480726 1
run_shifts.sh 20240518 008 11.106101 11.364548 1
run_shifts.sh 20240518 009 11.107239 11.342334 1
run_shifts.sh 20240518 010 16.774791 34.571785 0
run_shifts.sh 20240518 011 15.733096 2.510598 0
run_shifts.sh 20240518 012 12.199937 25.985434 1
run_shifts.sh 20240518 013 12.394712 26.991339 1
run_shifts.sh 20240518 014 12.968291 27.140201 1
run_shifts.sh 20240518 015 17.962409 4.75875 0
run_shifts.sh 20240518 016 19.692665 40.285533 0
run_shifts.sh 20240518 017 18.233381 64.390507 0
run_shifts.sh 20240518 018 17.417983 67.303698 0
run_shifts.sh 20240518 019 18.187556 66.174167 0
run_shifts.sh 20240518 020 18.246 66.614167 0
run_shifts.sh 20240518 021 16.317871 33.695429 1
run_shifts.sh 20240518 022 16.775515 34.587888 1
run_shifts.sh 20240519 011 14.606355 57.550407 0
run_shifts.sh 20240519 012 10.326364 19.880981 1
run_shifts.sh 20240519 013 11.055479 35.94889 1
run_shifts.sh 20240519 014 14.454847 -7.543099 1
run_shifts.sh 20240519 015 12.394712 26.991339 1
run_shifts.sh 20240519 016 12.981719 28.81689 1
run_shifts.sh 20240519 017 12.982154 28.789677 1
run_shifts.sh 20240519 018 19.116285 45.14998 0
run_shifts.sh 20240519 019 16.925547 -8.396036 1
run_shifts.sh 20240519 020 20.463081 31.907888 0
run_shifts.sh 20240519 021 15.659589 42.286794 1
run_shifts.sh 20240519 022 15.991684 25.931694 1
run_shifts.sh 20240519 023 16.074569 47.877778 1
run_shifts.sh 20240519 024 21.252948 59.839383 0
run_shifts.sh 20240519 025 22.466878 24.931713 0
run_shifts.sh 20240519 026 17.344509 32.472096 1
run_shifts.sh 20240520 010 14.833539 13.865064 0
run_shifts.sh 20240520 011 14.834655 13.887625 0
run_shifts.sh 20240520 012 12.236957 0.630079 1
run_shifts.sh 20240520 013 11.325969 46.698121 1
run_shifts.sh 20240520 014 12.034195 27.052747 1
run_shifts.sh 20240520 015 17.294841 11.663462 0
run_shifts.sh 20240520 016 13.280951 17.026497 1
run_shifts.sh 20240520 017 16.182329 -6.522473 1
run_shifts.sh 20240520 018 18.712499 59.632341 0
run_shifts.sh 20240520 019 18.233381 64.390507 0
run_shifts.sh 20240520 020 17.125762 64.624682 1
run_shifts.sh 20240520 021 19.340136 -1.310814 0
run_shifts.sh 20240520 022 20.891655 10.607716 0
run_shifts.sh 20240520 023 16.775515 34.587888 1
run_shifts.sh 20240521 006 9.810467 46.030588 1
run_shifts.sh 20240521 007 10.755605 9.385807 1
run_shifts.sh 20240521 008 11.02571 55.365545 1
run_shifts.sh 20240521 009 11.055479 35.94889 1
run_shifts.sh 20240521 010 16.765722 60.940461 0
run_shifts.sh 20240521 011 17.926366 58.403963 0
run_shifts.sh 20240521 012 17.926366 58.403963 0
run_shifts.sh 20240521 013 18.71188 13.899633 0
run_shifts.sh 20240522 006 10.847001 6.812411 1
run_shifts.sh 20240522 007 11.089732 43.535534 1
run_shifts.sh 20240522 008 12.315611 11.13793 1
run_shifts.sh 20240522 009 12.394712 26.991339 1
run_shifts.sh 20240522 010 17.378727 60.132008 0
run_shifts.sh 20240522 011 19.837259 47.461969 0
run_shifts.sh 20240522 012 18.233381 64.390507 0
run_shifts.sh 20240522 013 16.109399 40.915012 1
run_shifts.sh 20240522 014 21.802389 23.106345 0
run_shifts.sh 20240522 015 22.220944 49.443008 0
run_shifts.sh 20240523 006 10.847001 6.812411 1
run_shifts.sh 20240523 007 15.86177 52.294957 0
run_shifts.sh 20240523 008 10.829137 35.551659 1
run_shifts.sh 20240523 009 11.325969 46.698121 1
run_shifts.sh 20240523 010 13.939997 66.942048 0
run_shifts.sh 20240523 011 12.394712 26.991339 1
run_shifts.sh 20240523 012 13.280951 17.026497 1
run_shifts.sh 20240523 013 16.673485 67.599288 0
run_shifts.sh 20240523 014 14.067656 38.626439 1
run_shifts.sh 20240523 015 20.028445 44.742305 0
run_shifts.sh 20240523 016 18.164083 63.523187 0
run_shifts.sh 20240523 017 19.340136 -1.310814 0
run_shifts.sh 20240523 018 22.151111 55.720835 0
run_shifts.sh 20240523 019 21.824467 60.030077 0
run_shifts.sh 20240524 006 9.810467 46.030588 1
run_shifts.sh 20240524 007 11.795399 0.804369 1
run_shifts.sh 20240524 008 11.089732 43.535534 1
run_shifts.sh 20240524 009 14.454847 -7.543099 1
run_shifts.sh 20240524 010 17.294842 11.663475 0
run_shifts.sh 20240524 011 17.770231 60.399105 0
run_shifts.sh 20240524 012 17.770231 60.399105 0
run_shifts.sh 20240524 013 19.374751 37.995038 0
run_shifts.sh 20240524 014 18.233381 64.390507 0
run_shifts.sh 20240524 015 19.281792 5.139477 0
run_shifts.sh 20240524 016 19.340136 -1.310814 0
run_shifts.sh 20240524 017 15.991684 25.931694 1
run_shifts.sh 20240524 018 20.891655 10.607716 0
run_shifts.sh 20240524 019 22.151111 55.720835 0
run_shifts.sh 20240524 020 18.23374 64.398901 1
run_shifts.sh 20240525 005 10.847001 6.812411 1
run_shifts.sh 20240525 006 11.055479 35.94889 1
run_shifts.sh 20240525 007 14.454847 -7.543099 1
run_shifts.sh 20240525 008 12.394712 26.991339 1
run_shifts.sh 20240525 009 17.926366 58.403963 0
run_shifts.sh 20240525 010 13.419088 38.9333 1
run_shifts.sh 20240525 011 18.712499 59.632341 0
run_shifts.sh 20240525 012 14.558969 34.304749 1
run_shifts.sh 20240525 013 20.743326 15.287491 0
run_shifts.sh 20240525 014 21.559739 25.312683 0
run_shifts.sh 20240525 015 18.164732 63.531006 1
run_shifts.sh 20240525 016 22.259084 16.280639 0
run_shifts.sh 20240526 007 17.125762 64.624687 1
run_shifts.sh 20240526 008 19.340136 -1.310814 0
run_shifts.sh 20240526 009 21.447145 48.519302 0
run_shifts.sh 20240526 010 21.802389 23.106345 0
run_shifts.sh 20240526 011 22.259084 16.280639 0
run_shifts.sh 20240527 011 9.810467 46.030588 1
run_shifts.sh 20240527 012 10.328678 19.480726 1
run_shifts.sh 20240527 013 15.779481 49.327786 0
run_shifts.sh 20240527 014 16.049892 48.392006 0
run_shifts.sh 20240527 015 11.37415 48.926511 1
run_shifts.sh 20240527 016 11.745686 48.891467 1
run_shifts.sh 20240527 017 12.394712 26.991339 1
run_shifts.sh 20240527 018 12.96412 16.865369 1
run_shifts.sh 20240527 019 17.770231 60.399105 0
run_shifts.sh 20240527 020 14.395602 14.45317 1
run_shifts.sh 20240527 021 20.001326 30.960422 0
run_shifts.sh 20240527 022 17.979744 66.822424 0
run_shifts.sh 20240527 023 19.340136 -1.310814 0
run_shifts.sh 20240527 024 16.109396 40.915019 1
run_shifts.sh 20240527 025 18.23374 64.398901 1
run_shifts.sh 20240527 026 22.259084 16.280639 0
run_shifts.sh 20240528 011 11.711872 48.224272 1
run_shifts.sh 20240528 013 14.067656 38.626439 1
run_shifts.sh 20240528 014 14.493059 39.801311 1
run_shifts.sh 20240528 015 17.550441 71.006917 0
run_shifts.sh 20240528 016 17.125762 64.624687 1
run_shifts.sh 20240528 017 16.315925 19.185078 1
run_shifts.sh 20240528 018 18.164732 63.531006 1
run_shifts.sh 20240528 019 22.217266 24.788349 0
run_shifts.sh 20240529 006 11.096806 49.075689 1
run_shifts.sh 20240529 007 11.450644 49.036008 1
run_shifts.sh 20240529 008 11.732306 48.424067 1
run_shifts.sh 20240529 009 12.444718 24.618673 1
run_shifts.sh 20240529 010 14.460673 63.945581 1
run_shifts.sh 20240529 011 13.923328 49.224408 1
run_shifts.sh 20240529 012 18.712496 59.632378 0
run_shifts.sh 20240529 013 21.772625 38.206224 0
run_shifts.sh 20240529 014 17.317088 49.006495 1
run_shifts.sh 20240529 015 21.800228 58.474024 0
run_shifts.sh 20240529 016 19.340292 -1.302359 1
run_shifts.sh 20240530 011 16.070825 47.393861 0
run_shifts.sh 20240530 012 11.100108 48.340725 1
run_shifts.sh 20240530 013 11.532881 48.131667 1
run_shifts.sh 20240530 014 11.724994 48.692272 1
run_shifts.sh 20240530 015 12.394712 26.991339 1
run_shifts.sh 20240530 016 12.22883 32.951513 1
run_shifts.sh 20240530 017 12.22883 32.951513 1
run_shifts.sh 20240530 018 12.95435 22.094354 1
run_shifts.sh 20240530 019 13.996525 50.208911 1
run_shifts.sh 20240530 020 13.962392 49.853556 1
run_shifts.sh 20240530 021 19.596288 48.056293 0
run_shifts.sh 20240530 022 17.608794 68.327492 0
run_shifts.sh 20240530 023 19.340136 -1.310814 0
run_shifts.sh 20240530 024 15.991684 25.931694 1
run_shifts.sh 20240530 025 21.772625 38.206224 0
run_shifts.sh 20240530 026 21.377187 60.633307 0
run_shifts.sh 20240530 027 22.259084 16.280639 0
run_shifts.sh 20240530 028 20.673872 67.685614 0
run_shifts.sh 20240531 014 15.948403 50.921583 0
run_shifts.sh 20240531 015 11.234844 46.941525 1
run_shifts.sh 20240531 016 11.636203 48.154142 1
run_shifts.sh 20240531 017 11.711872 48.224272 1
run_shifts.sh 20240531 018 12.394712 26.991339 1
run_shifts.sh 20240531 019 16.23973 -2.845595 0
run_shifts.sh 20240531 020 13.978983 49.395511 1
run_shifts.sh 20240531 021 14.050769 49.100208 1
run_shifts.sh 20240531 022 14.310556 49.027628 1
run_shifts.sh 20240531 023 19.381876 1.512498 0
run_shifts.sh 20240531 024 21.772624 38.206229 0
run_shifts.sh 20240531 025 22.259084 16.280639 0
run_shifts.sh 20240531 026 19.340292 -1.302359 1
