run_shifts.sh 20231201 010 1.419926 3.569652 0
run_shifts.sh 20231201 011 2.604365 6.87585 0
run_shifts.sh 20231201 012 3.768976 23.330419 0
run_shifts.sh 20231201 013 4.013065 18.185487 0
run_shifts.sh 20231201 014 1.141986 -0.278273 1
run_shifts.sh 20231201 015 5.881341 39.182187 0
run_shifts.sh 20231201 016 0.680863 40.193632 1
run_shifts.sh 20231201 017 1.23111 35.097269 1
run_shifts.sh 20231201 018 6.609661 6.31989 0
run_shifts.sh 20231201 019 3.514345 54.237059 1
run_shifts.sh 20231201 020 10.016201 31.910409 0
run_shifts.sh 20231201 021 10.141011 51.85107 0
run_shifts.sh 20231201 022 10.139939 51.877046 0
run_shifts.sh 20231201 023 11.325115 46.682415 0
run_shifts.sh 20231201 024 6.991613 19.354172 1
run_shifts.sh 20231201 025 13.213695 36.546341 0
run_shifts.sh 20231201 026 13.23937 41.079804 0
run_shifts.sh 20231202 007 20.136539 41.949382 1
run_shifts.sh 20231202 008 0.983181 1.109975 0
run_shifts.sh 20231202 009 1.049842 1.109047 0
run_shifts.sh 20231202 010 1.599883 1.526953 0
run_shifts.sh 20231202 011 1.749861 0.554203 0
run_shifts.sh 20231202 012 1.950158 0.554497 0
run_shifts.sh 20231202 013 4.148066 29.18023 0
run_shifts.sh 20231202 014 4.305599 17.413099 0
run_shifts.sh 20231202 015 4.326371 12.6171 0
run_shifts.sh 20231202 016 5.013115 15.442021 0
run_shifts.sh 20231202 019 -999999.9 -999999.9 1
run_shifts.sh 20231202 020 -999999.9 -999999.9 1
run_shifts.sh 20231202 021 7.061728 71.755462 0
run_shifts.sh 20231202 022 5.566939 11.351566 1
run_shifts.sh 20231202 023 11.088952 43.519415 0
run_shifts.sh 20231202 024 11.564012 12.447324 0
run_shifts.sh 20231202 025 12.749384 39.268748 0
run_shifts.sh 20231202 026 7.499604 49.681459 1
run_shifts.sh 20231203 007 20.136539 41.949382 1
run_shifts.sh 20231203 008 0.999842 1.248517 0
run_shifts.sh 20231203 009 1.183372 1.383825 0
run_shifts.sh 20231203 010 1.583233 1.388256 0
run_shifts.sh 20231203 011 1.900122 -0.9696 0
run_shifts.sh 20231203 012 2.066781 -1.249275 0
run_shifts.sh 20231203 013 0.716797 -1.110311 1
run_shifts.sh 20231203 014 1.116567 -1.107781 1
run_shifts.sh 20231203 015 4.812564 9.667895 0
run_shifts.sh 20231203 016 5.48799 12.150986 0
run_shifts.sh 20231203 017 1.016474 54.090854 1
run_shifts.sh 20231203 018 6.020335 59.580842 0
run_shifts.sh 20231203 019 5.031632 -6.946715 1
run_shifts.sh 20231203 020 5.642318 -8.94165 1
run_shifts.sh 20231203 021 6.716192 -2.889157 0
run_shifts.sh 20231203 022 3.674997 23.559983 1
run_shifts.sh 20231203 023 3.989785 22.580227 1
run_shifts.sh 20231203 024 4.491919 26.682682 1
run_shifts.sh 20231203 025 4.637232 39.465813 1
run_shifts.sh 20231203 026 6.067823 55.024716 1
run_shifts.sh 20231203 027 11.401013 38.125261 0
run_shifts.sh 20231203 028 11.564012 12.447324 0
run_shifts.sh 20231203 029 12.780136 31.795985 0
run_shifts.sh 20231204 009 1.066517 1.524633 0
run_shifts.sh 20231204 010 1.599883 1.804667 0
run_shifts.sh 20231204 011 1.800731 0.9759 0
run_shifts.sh 20231204 012 2.016819 -2.220367 0
run_shifts.sh 20231204 013 0.700142 -1.248944 1
run_shifts.sh 20231204 014 1.200072 -1.245858 1
run_shifts.sh 20231204 015 1.766544 -1.246667 1
run_shifts.sh 20231204 016 5.566614 11.334276 0
run_shifts.sh 20231204 017 6.066915 55.010634 0
run_shifts.sh 20231204 018 7.394883 20.405993 0
run_shifts.sh 20231204 019 2.672449 35.418743 1
run_shifts.sh 20231204 020 3.66137 23.301971 1
run_shifts.sh 20231204 021 3.717443 24.68087 1
run_shifts.sh 20231204 022 4.14852 29.201755 1
run_shifts.sh 20231204 023 5.013473 15.460754 1
run_shifts.sh 20231204 024 5.703199 12.489589 1
run_shifts.sh 20231204 025 6.020925 59.597059 1
run_shifts.sh 20231204 026 11.848339 48.359533 0
run_shifts.sh 20231204 027 12.514991 31.858943 0
run_shifts.sh 20231204 028 11.734819 64.958138 0
run_shifts.sh 20231205 010 0.933217 0.694006 0
run_shifts.sh 20231205 011 1.200072 0.415258 0
run_shifts.sh 20231205 012 1.583233 0.277625 0
run_shifts.sh 20231205 013 1.966828 0.415969 0
run_shifts.sh 20231205 014 2.033475 -2.359597 0
run_shifts.sh 20231205 015 0.800042 -1.527417 1
run_shifts.sh 20231205 016 1.149961 -1.383825 1
run_shifts.sh 20231205 017 1.516644 -1.666356 1
run_shifts.sh 20231205 018 1.916806 -1.662814 1
run_shifts.sh 20231205 019 0.342341 33.087984 1
run_shifts.sh 20231205 020 1.567075 30.822933 1
run_shifts.sh 20231205 022 2.88497 16.867092 1
run_shifts.sh 20231205 023 8.315476 23.556108 0
run_shifts.sh 20231205 024 3.77012 23.139593 1
run_shifts.sh 20231205 025 4.812873 9.684481 1
run_shifts.sh 20231205 026 6.7163 -2.883299 1
run_shifts.sh 20231205 027 10.275737 27.853792 0
run_shifts.sh 20231205 028 6.067823 55.024716 1
run_shifts.sh 20231205 029 6.990313 9.386415 1
run_shifts.sh 20231205 030 6.913345 33.276865 1
run_shifts.sh 20231205 031 7.87337 16.211079 1
run_shifts.sh 20231205 036 17 50 1
run_shifts.sh 20231206 011 20.136539 41.949382 1
run_shifts.sh 20231206 012 1.033172 1.525389 0
run_shifts.sh 20231206 013 1.300161 1.525389 0
run_shifts.sh 20231206 014 1.64985 1.665092 0
run_shifts.sh 20231206 015 1.799467 0.981011 0
run_shifts.sh 20231206 016 2.000158 -2.081156 0
run_shifts.sh 20231206 017 0.849978 -2.222053 1
run_shifts.sh 20231206 018 1.183372 -2.214456 1
run_shifts.sh 20231206 019 1.64985 -2.220367 1
run_shifts.sh 20231206 020 1.983494 -2.219522 1
run_shifts.sh 20231206 021 1.766544 2.355292 1
run_shifts.sh 20231206 022 1.568139 30.825147 1
run_shifts.sh 20231206 023 1.567969 30.838858 1
run_shifts.sh 20231206 024 7.226837 16.461992 0
run_shifts.sh 20231206 025 5.642318 -8.94165 1
run_shifts.sh 20231206 026 4.143178 8.410468 1
run_shifts.sh 20231206 027 4.143874 8.419789 1
run_shifts.sh 20231206 028 4.143805 8.400156 1
run_shifts.sh 20231206 029 4.1445 8.409478 1
run_shifts.sh 20231206 030 4.305971 17.432404 1
run_shifts.sh 20231206 031 6.8707 -5.170692 1
run_shifts.sh 20231206 032 5.096771 52.886012 1
run_shifts.sh 20231206 033 9.809892 46.008973 0
run_shifts.sh 20231206 034 10.325978 19.861061 0
run_shifts.sh 20231206 035 11.253068 39.350632 0
run_shifts.sh 20231206 036 11.848339 48.359533 0
run_shifts.sh 20231206 037 12.780136 31.795985 0
run_shifts.sh 20231206 038 7.499604 49.681459 1
run_shifts.sh 20231206 039 12.963578 16.851349 0
run_shifts.sh 20231207 010 21 30 1
run_shifts.sh 20231207 011 23.586164 -2.387892 1
run_shifts.sh 20231207 012 2.218525 -0.540725 0
run_shifts.sh 20231207 013 0.700142 -2.081867 1
run_shifts.sh 20231207 014 23.454109 15.377196 1
run_shifts.sh 20231207 015 3.924293 9.749915 0
run_shifts.sh 20231207 016 3.924293 9.749915 0
run_shifts.sh 20231207 017 3.435371 0.102144 0
run_shifts.sh 20231207 018 1.566903 30.836644 1
run_shifts.sh 20231207 019 7.341212 48.507854 0
run_shifts.sh 20231207 020 5.57161 -4.962161 1
run_shifts.sh 20231207 021 7.935674 5.083027 0
run_shifts.sh 20231207 022 7.935097 5.093872 0
run_shifts.sh 20231207 023 7.936403 5.091651 0
run_shifts.sh 20231207 024 7.936403 5.091651 0
run_shifts.sh 20231207 025 7.935824 5.102498 0
run_shifts.sh 20231207 026 5.093685 6.932074 1
run_shifts.sh 20231207 027 5.094347 6.941888 1
run_shifts.sh 20231207 028 5.094343 6.922227 1
run_shifts.sh 20231207 029 5.095004 6.932041 1
run_shifts.sh 20231207 030 5.100942 52.836938 1
run_shifts.sh 20231207 031 11.054983 35.927396 0
run_shifts.sh 20231207 032 11.848339 48.359533 0
run_shifts.sh 20231207 033 6.804523 41.08359 1
run_shifts.sh 20231207 034 7.264493 47.248736 1
run_shifts.sh 20231207 035 12.749384 39.268748 0
run_shifts.sh 20231207 036 12.963578 16.851349 0
run_shifts.sh 20231207 037 13.280577 17.007328 0
run_shifts.sh 20231207 038 8.83811 11.933142 1
run_shifts.sh 20231208 009 1.099878 1.523764 0
run_shifts.sh 20231208 010 1.616536 1.943297 0
run_shifts.sh 20231208 011 1.64985 -1.942706 0
run_shifts.sh 20231208 012 0.633494 -2.357803 1
run_shifts.sh 20231208 013 0.949869 -2.221042 1
run_shifts.sh 20231208 014 1.566586 -2.082814 1
run_shifts.sh 20231208 015 1.966828 -2.080286 1
run_shifts.sh 20231208 020 1.564031 30.452431 1
run_shifts.sh 20231208 021 7.211654 23.22661 0
run_shifts.sh 20231208 022 4.132339 2.692605 1
run_shifts.sh 20231208 023 4.175705 9.188034 1
run_shifts.sh 20231208 024 4.176418 9.197099 1
run_shifts.sh 20231208 025 4.176316 9.177497 1
run_shifts.sh 20231208 026 4.177028 9.186563 1
run_shifts.sh 20231208 027 9.147075 33.870834 0
run_shifts.sh 20231208 029 9.593599 35.797603 0
run_shifts.sh 20231208 030 9.897968 20.943374 0
run_shifts.sh 20231208 031 10.489387 45.093702 0
run_shifts.sh 20231208 032 8.445425 -4.009476 0
run_shifts.sh 20231208 033 8.445336 -3.995863 0
run_shifts.sh 20231208 034 8.446349 -4.008236 0
run_shifts.sh 20231208 035 8.44626 -3.994581 0
run_shifts.sh 20231208 036 5.881865 39.204251 1
run_shifts.sh 20231208 037 11.564012 12.447324 0
run_shifts.sh 20231208 038 11.869824 2.593108 0
run_shifts.sh 20231208 039 8.856033 11.811079 1
run_shifts.sh 20231209 010 1.283492 1.6637 0
run_shifts.sh 20231209 011 1.683172 1.941969 0
run_shifts.sh 20231209 012 2.033475 -0.138761 0
run_shifts.sh 20231209 014 3.769707 23.118981 0
run_shifts.sh 20231209 015 4.093858 17.929233 0
run_shifts.sh 20231209 016 4.63696 18.944171 0
run_shifts.sh 20231209 017 5.447195 51.941137 0
run_shifts.sh 20231209 018 6.139773 15.974483 0
run_shifts.sh 20231209 021 10.075883 -1.655482 0
run_shifts.sh 20231209 022 10.07557 -1.642477 0
run_shifts.sh 20231209 023 10.076755 -1.650812 0
run_shifts.sh 20231209 024 10.076442 -1.637796 0
run_shifts.sh 20231209 025 12.226115 32.912538 0
run_shifts.sh 20231209 026 11.795195 0.793662 0
run_shifts.sh 20231210 008 1.569725 -8.733639 1
run_shifts.sh 20231210 009 2.874581 0.694919 0
run_shifts.sh 20231210 010 3.321938 1.691286 0
run_shifts.sh 20231210 011 3.321469 1.703216 0
run_shifts.sh 20231210 012 3.322737 1.698311 0
run_shifts.sh 20231210 013 3.322267 1.710245 0
run_shifts.sh 20231210 014 0.950776 14.736073 1
run_shifts.sh 20231210 015 4.748071 -0.146688 0
run_shifts.sh 20231210 016 3.32305 1.76446 1
run_shifts.sh 20231210 017 3.323564 1.776061 1
run_shifts.sh 20231210 018 3.323822 1.756775 1
run_shifts.sh 20231210 019 4.048315 7.250714 1
run_shifts.sh 20231210 020 4.048985 7.260421 1
run_shifts.sh 20231210 021 4.048966 7.240762 1
run_shifts.sh 20231210 022 4.049635 7.25047 1
run_shifts.sh 20231210 023 4.507194 10.970873 1
run_shifts.sh 20231210 024 4.507942 10.979356 1
run_shifts.sh 20231210 025 4.507768 10.959864 1
run_shifts.sh 20231210 026 8.287051 -4.043277 0
run_shifts.sh 20231210 027 8.286969 -4.02967 0
run_shifts.sh 20231210 028 7.976981 5.237514 1
run_shifts.sh 20231210 029 7.977601 5.247902 1
run_shifts.sh 20231210 030 7.977675 5.22827 1
run_shifts.sh 20231210 031 7.978294 5.238657 1
run_shifts.sh 20231210 032 11.795195 0.793662 0
run_shifts.sh 20231210 033 13.391304 36.065328 0
run_shifts.sh 20231211 007 20.136539 41.949382 1
run_shifts.sh 20231211 009 1.366808 -1.248944 0
run_shifts.sh 20231211 010 1.799928 -1.245858 0
run_shifts.sh 20231211 011 2.066781 -1.526953 0
run_shifts.sh 20231211 012 0.966525 -1.804186 1
run_shifts.sh 20231211 013 1.366808 -1.804186 1
run_shifts.sh 20231211 014 1.766544 -1.800894 1
run_shifts.sh 20231211 015 2.016819 -1.942706 1
run_shifts.sh 20231211 016 5.870846 15.836044 0
run_shifts.sh 20231211 017 1.565089 30.454706 1
run_shifts.sh 20231211 018 1.564914 30.468408 1
run_shifts.sh 20231211 019 4.132339 2.692605 1
run_shifts.sh 20231211 020 3.738992 24.783962 1
run_shifts.sh 20231211 021 4.326706 12.634882 1
run_shifts.sh 20231211 022 8.670489 2.350192 0
run_shifts.sh 20231211 023 11.047017 47.669306 0
run_shifts.sh 20231211 024 10.002328 2.047539 0
run_shifts.sh 20231211 025 11.608725 49.956858 0
run_shifts.sh 20231211 026 11.930528 49.911822 0
run_shifts.sh 20231211 027 12.048861 50.582 0
run_shifts.sh 20231211 028 7.87337 16.211079 1
run_shifts.sh 20231212 010 2.036945 10.332032 0
run_shifts.sh 20231212 011 1.916806 0.554203 0
run_shifts.sh 20231212 018 1.577498 68.945858 0
run_shifts.sh 20231212 019 1.630881 7.990516 1
run_shifts.sh 20231212 020 1.563853 30.466133 1
run_shifts.sh 20231212 021 1.556533 30.617831 1
run_shifts.sh 20231212 022 4.270805 -2.100343 1
run_shifts.sh 20231212 023 4.271136 -2.087295 1
run_shifts.sh 20231212 024 4.271671 -2.105271 1
run_shifts.sh 20231212 025 4.272001 -2.092235 1
run_shifts.sh 20231212 026 8.315476 23.556108 0
run_shifts.sh 20231212 027 3.727044 24.402786 1
run_shifts.sh 20231212 028 8.853428 11.840837 0
run_shifts.sh 20231212 029 5.096771 52.886012 1
run_shifts.sh 20231212 030 11.057667 47.414636 0
run_shifts.sh 20231212 031 9.798458 7.401315 0
run_shifts.sh 20231212 032 9.647818 0.924319 0
run_shifts.sh 20231212 033 6.990313 9.386415 1
run_shifts.sh 20231212 034 7.20605 23.254544 1
run_shifts.sh 20231213 008 1.883433 -1.6618 0
run_shifts.sh 20231213 009 1.950158 -1.941083 0
run_shifts.sh 20231213 010 2.8315 71.74996 0
run_shifts.sh 20231213 011 5.689216 53.466319 0
run_shifts.sh 20231213 012 5.870846 15.836044 0
run_shifts.sh 20231213 013 1.557594 30.620117 1
run_shifts.sh 20231213 014 8.861133 11.828574 0
run_shifts.sh 20231213 015 6.7163 -2.883299 1
run_shifts.sh 20231213 016 11.057667 47.414636 0
run_shifts.sh 20231213 017 8.904063 -5.431209 1
run_shifts.sh 20231213 018 11.958856 49.8316 0
run_shifts.sh 20231213 019 12.026072 50.395994 0
run_shifts.sh 20231213 020 12.956833 20.059434 0
run_shifts.sh 20231213 021 12.955953 20.065655 0
run_shifts.sh 20231213 022 12.957276 20.071836 0
run_shifts.sh 20231213 023 12.956395 20.078054 0
run_shifts.sh 20231213 024 13.280577 17.007328 0
run_shifts.sh 20231213 025 13.966627 31.688287 0
run_shifts.sh 20231215 009 20.824458 33.619974 1
run_shifts.sh 20231215 012 1.900122 -0.692556 0
run_shifts.sh 20231215 013 1.950158 -2.218511 0
run_shifts.sh 20231215 014 0.766747 -1.527242 1
run_shifts.sh 20231215 015 1.099878 -1.523764 1
run_shifts.sh 20231215 016 1.566586 -1.249514 1
run_shifts.sh 20231215 017 2.033475 -1.248944 1
run_shifts.sh 20231215 018 1.557594 30.620117 1
run_shifts.sh 20231215 019 1.557417 30.633817 1
run_shifts.sh 20231215 020 2.775908 16.424955 1
run_shifts.sh 20231215 021 3.237143 28.681576 1
run_shifts.sh 20231215 022 3.781534 23.594634 1
run_shifts.sh 20231215 024 11.071761 46.426031 0
run_shifts.sh 20231215 027 12.204021 12.498615 0
run_shifts.sh 20231215 028 12.749384 39.268748 0
run_shifts.sh 20231215 029 12.315295 11.12071 0
run_shifts.sh 20231215 030 9.466224 4.221608 1
run_shifts.sh 20231216 007 20.824458 33.619974 1
run_shifts.sh 20231216 010 3.730659 24.835087 0
run_shifts.sh 20231216 011 3.738568 24.763057 0
run_shifts.sh 20231216 012 1.166667 -2.075217 1
run_shifts.sh 20231216 013 1.5 -2.083131 1
run_shifts.sh 20231216 014 1.933483 -2.079256 1
run_shifts.sh 20231216 015 5.702867 12.471843 0
run_shifts.sh 20231216 016 1.556356 30.631531 1
run_shifts.sh 20231216 017 3.15005 10.028942 1
run_shifts.sh 20231216 018 3.237143 28.681576 1
run_shifts.sh 20231216 019 4.094235 17.948677 1
run_shifts.sh 20231216 020 8.510601 4.357305 0
run_shifts.sh 20231216 021 4.647555 23.161007 1
run_shifts.sh 20231216 022 11.057667 47.414636 0
run_shifts.sh 20231216 023 11.113672 47.349972 0
run_shifts.sh 20231216 024 11.541156 47.866431 0
run_shifts.sh 20231216 025 11.912444 48.447097 0
run_shifts.sh 20231216 026 8.199656 8.748114 1
run_shifts.sh 20231216 027 13.650356 50.090444 0
run_shifts.sh 20231216 028 13.280577 17.007328 0
run_shifts.sh 20231216 029 8.866236 11.928593 1
run_shifts.sh 20231217 007 20.824458 33.619974 1
run_shifts.sh 20231217 008 2.604369 6.875895 0
run_shifts.sh 20231217 009 3.857816 23.892841 0
run_shifts.sh 20231217 010 23.328071 42.262974 1
run_shifts.sh 20231217 011 23.504008 31.716325 1
run_shifts.sh 20231217 012 3.00681 -7.291696 1
run_shifts.sh 20231217 015 0.680866 40.193621 1
run_shifts.sh 20231217 016 1.562361 30.855344 1
run_shifts.sh 20231217 017 1.563425 30.857597 1
run_shifts.sh 20231217 018 6.989861 9.374361 0
run_shifts.sh 20231217 019 8.315476 23.556108 0
run_shifts.sh 20231217 020 3.709406 29.579444 1
run_shifts.sh 20231217 021 6.796383 71.00825 0
run_shifts.sh 20231217 022 11.071761 46.426031 0
run_shifts.sh 20231217 023 11.171708 46.543311 0
run_shifts.sh 20231217 024 11.400583 47.402133 0
run_shifts.sh 20231217 025 12.076672 49.224408 0
run_shifts.sh 20231217 026 12.780136 31.795985 0
run_shifts.sh 20231217 027 13.666214 49.373342 0
run_shifts.sh 20231217 028 9.006368 21.839943 1
run_shifts.sh 20231218 005 20.824458 33.619974 1
run_shifts.sh 20231218 007 22.614777 34.4196 1
run_shifts.sh 20231218 008 3.924293 9.749915 0
run_shifts.sh 20231218 009 23.699124 44.177336 1
run_shifts.sh 20231218 010 0.342342 33.087975 1
run_shifts.sh 20231218 011 4.892595 0.659312 0
run_shifts.sh 20231218 012 4.892167 0.671575 0
run_shifts.sh 20231218 013 4.893416 0.665726 0
run_shifts.sh 20231218 014 4.892987 0.677995 0
run_shifts.sh 20231218 015 1.56325 30.871303 1
run_shifts.sh 20231218 016 7.211654 23.22661 0
run_shifts.sh 20231218 017 5.590778 -5.272886 1
run_shifts.sh 20231218 018 4.180268 8.778319 1
run_shifts.sh 20231218 019 4.491919 26.682682 1
run_shifts.sh 20231218 020 5.096771 52.886012 1
run_shifts.sh 20231218 021 11.068217 47.159711 0
run_shifts.sh 20231218 022 11.252889 47.15905 0
run_shifts.sh 20231218 023 11.711872 48.224272 0
run_shifts.sh 20231218 024 12.031872 50.124831 0
run_shifts.sh 20231218 025 11.508085 0.943025 0
run_shifts.sh 20231218 026 13.670161 49.646883 0
run_shifts.sh 20231218 027 9.095996 55.311737 1
run_shifts.sh 20231220 006 0.655724 21.259354 1
run_shifts.sh 20231220 007 0.680863 40.193619 1
run_shifts.sh 20231220 008 6.609661 6.319902 0
run_shifts.sh 20231220 009 8.710402 19.409044 0
run_shifts.sh 20231220 010 6.796383 71.00825 0
run_shifts.sh 20231220 011 10.707407 19.084309 0
run_shifts.sh 20231220 012 10.708328 19.108861 0
run_shifts.sh 20231220 013 11.751228 50.629689 0
run_shifts.sh 20231220 014 11.968825 50.562161 0
run_shifts.sh 20231220 015 7.457431 31.228629 1
run_shifts.sh 20231220 016 7.458501 31.230706 1
run_shifts.sh 20231220 017 7.457591 31.214898 1
run_shifts.sh 20231220 018 7.458661 31.21698 1
run_shifts.sh 20231220 019 13.689606 49.202853 0
run_shifts.sh 20231220 020 13.386931 36.097686 0
run_shifts.sh 20231220 021 9.095996 55.311737 1
run_shifts.sh 20231220 022 9.594099 35.819624 1
run_shifts.sh 20231221 006 14.183558 50.241846 0
run_shifts.sh 20231221 007 13.393492 2.720906 0
run_shifts.sh 20231222 007 23.586164 -2.387892 1
run_shifts.sh 20231222 008 3.762082 25.585896 0
run_shifts.sh 20231222 009 3.834239 24.117518 0
run_shifts.sh 20231222 010 4.794546 26.139988 0
run_shifts.sh 20231222 011 23.699124 44.177336 1
run_shifts.sh 20231222 012 5.702867 12.471843 0
run_shifts.sh 20231222 013 4.254236 -7.675349 1
run_shifts.sh 20231222 014 6.991228 19.334355 0
run_shifts.sh 20231222 015 5.343823 -5.783588 1
run_shifts.sh 20231222 016 8.315476 23.556108 0
run_shifts.sh 20231222 017 3.748232 23.932391 1
run_shifts.sh 20231222 018 3.777402 24.970759 1
run_shifts.sh 20231222 019 4.491919 26.682682 1
run_shifts.sh 20231222 020 9.809892 46.008973 0
run_shifts.sh 20231222 021 10.275737 27.853792 0
run_shifts.sh 20231222 022 10.328292 19.460915 0
run_shifts.sh 20231222 023 5.87294 15.95402 1
run_shifts.sh 20231222 024 5.881865 39.204251 1
run_shifts.sh 20231222 025 11.573923 49.045968 0
run_shifts.sh 20231222 026 12.148362 11.873606 0
run_shifts.sh 20231222 027 13.654267 50.364094 0
run_shifts.sh 20231222 028 13.814228 50.4072 0
run_shifts.sh 20231222 029 8.876393 28.340712 1
run_shifts.sh 20231222 030 13.393492 2.720882 0
run_shifts.sh 20231222 031 13.959788 61.484892 0
run_shifts.sh 20231223 005 23.586164 -2.387892 1
run_shifts.sh 20231223 006 3.664479 26.70694 0
run_shifts.sh 20231223 007 3.867536 18.126357 0
run_shifts.sh 20231223 008 4.093858 17.929233 0
run_shifts.sh 20231223 009 4.305599 17.413099 0
run_shifts.sh 20231223 010 0.379398 22.954666 1
run_shifts.sh 20231223 011 1.798069 63.853099 1
run_shifts.sh 20231223 012 4.254236 -7.675349 1
run_shifts.sh 20231223 013 5.031632 -6.946715 1
run_shifts.sh 20231223 014 5.591278 -5.31251 1
run_shifts.sh 20231223 015 6.8707 -5.170692 1
run_shifts.sh 20231223 016 4.647555 23.161007 1
run_shifts.sh 20231223 017 10.275737 27.853792 0
run_shifts.sh 20231223 018 8.225768 -5.880892 1
run_shifts.sh 20231223 019 11.253068 39.350632 0
run_shifts.sh 20231223 020 5.881865 39.204251 1
run_shifts.sh 20231224 002 0.379398 22.954666 1
run_shifts.sh 20231224 003 6.020335 59.580842 0
run_shifts.sh 20231224 004 6.991228 19.334355 0
run_shifts.sh 20231224 005 5.589726 -5.502812 1
run_shifts.sh 20231224 006 3.554299 46.266363 1
run_shifts.sh 20231224 007 5.109377 26.506682 1
run_shifts.sh 20231224 008 10.328292 19.460915 0
run_shifts.sh 20231224 009 11.253068 39.350632 0
run_shifts.sh 20231224 010 12.315295 11.12071 0
run_shifts.sh 20231224 011 11.72846 -0.527593 0
run_shifts.sh 20231225 007 22.259619 16.29455 1
run_shifts.sh 20231225 008 1.577498 68.945858 0
run_shifts.sh 20231225 009 2.236475 -3.959718 0
run_shifts.sh 20231225 010 2.686958 -4.535625 1
run_shifts.sh 20231225 011 5.258954 59.17246 0
run_shifts.sh 20231225 012 6.020335 59.580832 0
run_shifts.sh 20231225 013 6.609661 6.319902 0
run_shifts.sh 20231225 014 5.587418 -5.426061 1
run_shifts.sh 20231225 015 4.262092 29.175367 1
run_shifts.sh 20231225 016 10.401297 48.239219 0
run_shifts.sh 20231225 017 11.088948 43.519426 0
run_shifts.sh 20231225 018 6.990313 9.386415 1
run_shifts.sh 20231225 019 6.913344 33.276861 1
run_shifts.sh 20231225 020 12.315295 11.12071 0
run_shifts.sh 20231225 021 12.236767 0.619433 0
run_shifts.sh 20231225 022 9.414132 30.70388 1
run_shifts.sh 20231226 007 2.60437 6.875907 0
run_shifts.sh 20231226 008 2.236475 -3.95972 0
run_shifts.sh 20231226 009 4.521615 58.953082 0
run_shifts.sh 20231226 010 4.151802 0.17668 0
run_shifts.sh 20231226 011 1.630881 7.990516 1
run_shifts.sh 20231226 012 2.03741 10.344394 1
run_shifts.sh 20231226 013 6.609661 6.319902 0
run_shifts.sh 20231226 014 5.343823 -5.783588 1
run_shifts.sh 20231226 015 4.522211 58.969887 1
run_shifts.sh 20231226 016 4.491919 26.682682 1
run_shifts.sh 20231226 017 10.401297 48.239219 0
run_shifts.sh 20231226 018 11.088944 43.519434 0
run_shifts.sh 20231226 019 10.846725 6.79731 0
run_shifts.sh 20231226 020 9.666902 -10.972614 1
run_shifts.sh 20231226 021 11.869824 2.593108 0
run_shifts.sh 20231226 022 13.280577 17.007328 0
run_shifts.sh 20231226 023 9.095996 55.311737 1
run_shifts.sh 20231226 024 14.395084 14.439746 0
run_shifts.sh 20231227 010 3.726666 23.526389 0
run_shifts.sh 20231227 011 3.768976 23.330418 0
run_shifts.sh 20231227 012 4.876755 40.68823 0
run_shifts.sh 20231227 013 4.521615 58.953082 0
run_shifts.sh 20231227 014 0.680866 40.193621 1
run_shifts.sh 20231227 015 0.680863 40.193619 1
run_shifts.sh 20231227 016 6.114493 61.589072 0
run_shifts.sh 20231227 017 2.738034 25.532386 1
run_shifts.sh 20231227 018 3.237143 28.681561 1
run_shifts.sh 20231227 019 9.095088 55.297754 0
run_shifts.sh 20231227 020 9.897967 20.943382 0
run_shifts.sh 20231227 021 6.020925 59.597049 1
run_shifts.sh 20231227 022 11.325116 46.682391 0
run_shifts.sh 20231227 023 10.167863 -2.95127 0
run_shifts.sh 20231227 024 10.076287 -11.726812 1
run_shifts.sh 20231227 025 11.869824 2.593108 0
run_shifts.sh 20231227 026 11.149777 -10.183774 1
run_shifts.sh 20231227 027 13.393492 2.720882 0
run_shifts.sh 20231227 028 14.395084 14.439746 0
run_shifts.sh 20231228 010 3.734207 24.265801 0
run_shifts.sh 20231228 011 3.756733 23.420665 0
run_shifts.sh 20231228 012 3.865445 23.329859 0
run_shifts.sh 20231228 013 4.67984 23.799961 0
run_shifts.sh 20231228 014 23.699124 44.177336 1
run_shifts.sh 20231228 015 0.342342 33.087975 1
run_shifts.sh 20231228 016 2.333452 59.325948 1
run_shifts.sh 20231228 017 2.27511 13.593176 1
run_shifts.sh 20231228 018 5.013116 -5.757989 1
run_shifts.sh 20231228 019 5.591278 -5.31251 1
run_shifts.sh 20231228 020 4.262092 29.175367 1
run_shifts.sh 20231228 021 10.275737 27.853792 0
run_shifts.sh 20231228 022 11.253068 39.350632 0
run_shifts.sh 20231228 023 5.881865 39.204251 1
run_shifts.sh 20231228 024 6.991614 19.354154 1
run_shifts.sh 20231228 025 11.897507 6.990652 0
run_shifts.sh 20231228 026 14.066892 38.610269 0
run_shifts.sh 20231228 027 13.393492 2.720906 0
run_shifts.sh 20231228 028 14.395084 14.439746 0
run_shifts.sh 20231228 029 15.121306 24.858614 0
run_shifts.sh 20231229 007 23.699124 44.177336 1
run_shifts.sh 20231229 008 4.521612 58.953122 0
run_shifts.sh 20231229 009 3.161039 -9.577285 1
run_shifts.sh 20231229 010 6.778838 43.567177 0
run_shifts.sh 20231229 011 2.230268 12.180865 1
run_shifts.sh 20231229 012 2.230268 12.180865 1
run_shifts.sh 20231229 013 4.979414 -8.724793 1
run_shifts.sh 20231229 014 5.589726 -5.502812 1
run_shifts.sh 20231229 015 3.774748 24.767759 1
run_shifts.sh 20231229 016 4.262092 29.175367 1
run_shifts.sh 20231229 017 5.172303 27.238637 1
run_shifts.sh 20231229 018 11.054983 35.927327 0
run_shifts.sh 20231229 019 11.325116 46.682391 0
run_shifts.sh 20231229 020 6.991614 19.354154 1
run_shifts.sh 20231229 021 12.780136 31.795985 0
run_shifts.sh 20231229 022 12.236766 0.61943 0
run_shifts.sh 20231229 023 9.095996 55.311737 1
run_shifts.sh 20231229 024 9.898552 20.958155 1
run_shifts.sh 20231229 025 9.810465 46.030597 1
run_shifts.sh 20231230 007 3.208903 9.74229 0
run_shifts.sh 20231230 008 0.616825 -2.218511 1
run_shifts.sh 20231230 009 0.999842 -2.358792 1
run_shifts.sh 20231230 010 0.192518 59.139776 1
run_shifts.sh 20231230 011 3.161039 -9.577285 1
run_shifts.sh 20231230 012 4.254236 -7.675349 1
run_shifts.sh 20231230 013 7.394883 20.405993 0
run_shifts.sh 20231230 014 5.259413 -9.511327 1
run_shifts.sh 20231230 015 2.706126 38.632842 1
run_shifts.sh 20231230 016 3.187111 22.426406 1
run_shifts.sh 20231230 017 3.776586 23.420568 1
run_shifts.sh 20231230 018 4.262092 29.175367 1
run_shifts.sh 20231230 019 4.637232 39.465813 1
run_shifts.sh 20231230 020 6.020925 59.597049 1
run_shifts.sh 20231230 021 5.881865 39.204251 1
run_shifts.sh 20231230 022 6.990313 9.386415 1
run_shifts.sh 20231230 023 6.913344 33.276861 1
run_shifts.sh 20231230 024 7.87337 16.211079 1
run_shifts.sh 20231230 025 8.295697 39.082615 1
run_shifts.sh 20231230 026 9.095996 55.311737 1
run_shifts.sh 20231230 027 9.892056 35.581361 1
run_shifts.sh 20231231 007 0.950812 14.735881 1
run_shifts.sh 20231231 008 0.680866 40.193621 1
run_shifts.sh 20231231 009 6.991228 19.334355 0
run_shifts.sh 20231231 010 5.587418 -5.426061 1
run_shifts.sh 20231231 011 4.522211 58.969887 1
run_shifts.sh 20231231 012 7.061728 71.755462 0
run_shifts.sh 20231231 013 4.647555 23.161007 1
run_shifts.sh 20231231 014 6.020925 59.597059 1
run_shifts.sh 20231231 015 5.823143 44.544431 1
run_shifts.sh 20231231 016 5.881865 39.204251 1
run_shifts.sh 20231231 017 6.913344 33.276858 1
run_shifts.sh 20231231 018 11.869824 2.593108 0
run_shifts.sh 20231231 019 9.466224 4.221608 1
run_shifts.sh 20231231 020 9.006368 21.839943 1
run_shifts.sh 20231231 021 9.594099 35.819624 1
run_shifts.sh 20231231 022 14.615434 58.334783 0
