run_shifts.sh 20240701 011 12.232896 33.012994 1
run_shifts.sh 20240701 012 12.22883 32.951513 1
run_shifts.sh 20240701 013 12.22883 32.951513 1
run_shifts.sh 20240701 014 17.770233 60.39912 0
run_shifts.sh 20240701 015 14.091417 49.720458 1
run_shifts.sh 20240701 016 14.198197 49.752778 1
run_shifts.sh 20240701 017 14.654164 49.711742 1
run_shifts.sh 20240701 018 15.001356 49.419261 1
run_shifts.sh 20240701 019 15.415119 49.145969 1
run_shifts.sh 20240701 020 15.893794 48.772311 1
run_shifts.sh 20240701 021 15.980011 48.703044 1
run_shifts.sh 20240701 022 16.775515 34.587888 1
run_shifts.sh 20240701 023 21.665144 1.293004 0
run_shifts.sh 20240701 024 18.937567 41.584431 1
run_shifts.sh 20240701 025 19.691281 40.215719 1
run_shifts.sh 20240702 006 12.949906 22.10044 1
run_shifts.sh 20240702 008 13.419088 38.933302 1
run_shifts.sh 20240702 009 14.078672 49.179867 1
run_shifts.sh 20240702 010 14.184228 49.214639 1
run_shifts.sh 20240702 011 14.577903 49.088461 1
run_shifts.sh 20240702 012 15.077306 49.239594 1
run_shifts.sh 20240702 013 15.459933 48.909075 1
run_shifts.sh 20240702 014 15.951294 48.727764 1
run_shifts.sh 20240702 015 16.005542 48.19215 1
run_shifts.sh 20240702 016 19.340292 -1.302359 1
run_shifts.sh 20240702 017 23.278717 53.2006 0
run_shifts.sh 20240702 018 18.937567 41.584431 1
run_shifts.sh 20240702 019 22.102203 -7.390218 1
run_shifts.sh 20240703 014 12.949906 22.10044 1
run_shifts.sh 20240703 015 14.126403 50.067792 1
run_shifts.sh 20240703 016 14.176694 49.948622 1
run_shifts.sh 20240703 017 14.449147 50.077772 1
run_shifts.sh 20240703 018 14.954161 49.617369 1
run_shifts.sh 20240703 020 20.463081 31.907888 0
run_shifts.sh 20240704 007 14.673522 49.497117 1
run_shifts.sh 20240704 008 14.943083 49.362506 1
run_shifts.sh 20240704 009 15.356761 49.134208 1
run_shifts.sh 20240704 011 20.275675 63.785789 1
run_shifts.sh 20240707 011 14.0662 48.638728 1
run_shifts.sh 20240707 012 14.093861 48.717564 1
run_shifts.sh 20240707 013 14.399572 48.483439 1
run_shifts.sh 20240707 014 14.806444 48.712072 1
run_shifts.sh 20240707 015 15.215506 48.597822 1
run_shifts.sh 20240707 016 15.590875 48.661094 1
run_shifts.sh 20240707 017 15.964278 48.473172 1
run_shifts.sh 20240707 018 15.989842 47.963075 1
run_shifts.sh 20240707 019 18.964292 57.382692 1
run_shifts.sh 20240707 020 19.83635 18.626398 1
run_shifts.sh 20240707 021 21.535865 0.224558 1
run_shifts.sh 20240707 022 1.015568 54.076464 0
run_shifts.sh 20240708 011 17.772577 60.447073 0
run_shifts.sh 20240708 012 14.119753 49.798014 1
run_shifts.sh 20240708 013 14.219517 49.556008 1
run_shifts.sh 20240708 014 14.596222 49.614031 1
run_shifts.sh 20240708 015 14.924928 49.587044 1
run_shifts.sh 20240708 016 15.307511 49.844653 1
run_shifts.sh 20240708 017 15.736 49.590325 1
run_shifts.sh 20240708 018 15.836214 48.81035 1
run_shifts.sh 20240708 019 16.844974 32.885921 1
run_shifts.sh 20240708 020 16.845219 32.858286 1
run_shifts.sh 20240708 021 21.538425 0.21067 0
run_shifts.sh 20240708 022 21.538425 0.21067 0
run_shifts.sh 20240708 023 20.843168 -7.067334 1
run_shifts.sh 20240708 024 23.72452 32.516929 0
run_shifts.sh 20240708 025 20.133343 4.021178 1
run_shifts.sh 20240708 026 0.459217 60.249474 0
run_shifts.sh 20240708 027 0.710721 61.677785 0
run_shifts.sh 20240708 028 1.969889 38.055515 0
run_shifts.sh 20240709 006 20.001327 30.960483 0
run_shifts.sh 20240709 007 15.240544 47.399542 1
run_shifts.sh 20240709 008 15.691256 47.42295 1
run_shifts.sh 20240709 009 15.974275 47.733467 1
run_shifts.sh 20240709 010 21.665144 1.293006 0
run_shifts.sh 20240709 011 23.728475 32.480165 0
run_shifts.sh 20240709 012 19.13569 22.78687 1
run_shifts.sh 20240710 006 13.701693 26.405098 1
run_shifts.sh 20240710 007 18.198948 63.426748 0
run_shifts.sh 20240710 008 14.645733 47.238783 1
run_shifts.sh 20240710 009 14.959708 47.190214 1
run_shifts.sh 20240710 010 15.621147 47.201103 1
run_shifts.sh 20240710 011 15.961547 47.988272 1
run_shifts.sh 20240710 012 15.977128 48.218275 1
run_shifts.sh 20240710 013 23.646878 26.980687 0
run_shifts.sh 20240710 014 19.13569 22.78687 1
run_shifts.sh 20240710 015 20.078367 58.133208 1
run_shifts.sh 20240710 016 0.454387 60.607914 0
run_shifts.sh 20240710 017 21.287577 58.482485 1
run_shifts.sh 20240711 006 13.394216 36.203088 1
run_shifts.sh 20240711 007 16.925543 -8.396099 1
run_shifts.sh 20240711 008 14.576465 35.828195 1
run_shifts.sh 20240711 009 17.917714 65.734167 0
run_shifts.sh 20240711 010 18.152781 66.16 0
run_shifts.sh 20240711 011 18.208231 66.6 0
run_shifts.sh 20240711 012 18.208231 66.614167 0
run_shifts.sh 20240711 013 22.962835 13.165093 0
run_shifts.sh 20240711 014 18.937567 41.584431 1
run_shifts.sh 20240711 015 0.191623 59.12743 0
run_shifts.sh 20240711 016 19.822114 41.592029 1
run_shifts.sh 20240711 017 21.145455 59.594384 1
run_shifts.sh 20240711 018 1.916862 36.873278 0
run_shifts.sh 20240711 019 21.337843 58.167034 1
run_shifts.sh 20240712 006 18.936771 41.568313 0
run_shifts.sh 20240712 007 19.690499 40.199565 0
run_shifts.sh 20240712 008 15.07901 20.068643 1
run_shifts.sh 20240712 009 17.955921 70.698056 0
run_shifts.sh 20240712 010 18.019936 65.5 1
run_shifts.sh 20240712 011 17.945314 65.514167 1
run_shifts.sh 20240712 012 18.049314 60.760089 1
run_shifts.sh 20240712 013 17.832898 22.693592 1
run_shifts.sh 20240712 014 22.963379 13.176401 0
run_shifts.sh 20240712 015 18.937567 41.584431 1
run_shifts.sh 20240712 016 23.601231 0.247804 0
run_shifts.sh 20240712 017 20.463776 31.923853 1
run_shifts.sh 20240712 018 21.203784 57.463409 1
run_shifts.sh 20240713 006 19.116285 45.149981 0
run_shifts.sh 20240713 007 16.925543 -8.396099 1
run_shifts.sh 20240713 008 14.49306 39.801311 1
run_shifts.sh 20240713 009 15.862381 52.315232 1
run_shifts.sh 20240713 010 16.315925 19.185078 1
run_shifts.sh 20240713 011 18.193322 65.604167 1
run_shifts.sh 20240713 012 18.049314 60.760089 1
run_shifts.sh 20240714 006 15.862381 52.315232 1
run_shifts.sh 20240714 007 16.315925 19.185078 1
run_shifts.sh 20240714 008 17.250882 57.428798 1
run_shifts.sh 20240714 009 18.049314 60.760089 1
run_shifts.sh 20240714 010 19.340292 -1.302359 1
run_shifts.sh 20240714 011 22.963611 13.157163 0
run_shifts.sh 20240714 012 18.937567 41.584431 1
run_shifts.sh 20240714 013 19.308782 40.716559 1
run_shifts.sh 20240714 014 23.585985 -2.392952 0
run_shifts.sh 20240714 015 1.348143 58.373565 0
run_shifts.sh 20240715 013 22.964166 13.168476 0
run_shifts.sh 20240715 014 23.728475 32.480165 0
run_shifts.sh 20240715 015 19.83635 18.626398 1
run_shifts.sh 20240716 001 23.72452 32.516929 0
run_shifts.sh 20240716 002 18.937567 41.584431 1
run_shifts.sh 20240717 006 23.724891 32.544257 0
run_shifts.sh 20240717 007 0.764025 4.131389 0
run_shifts.sh 20240718 006 19.362327 38.51549 0
run_shifts.sh 20240718 007 19.756514 44.065026 0
run_shifts.sh 20240718 008 14.493059 39.801311 1
run_shifts.sh 20240718 009 17.932564 66.152381 0
run_shifts.sh 20240718 010 17.927754 66.097474 0
run_shifts.sh 20240718 011 15.862381 52.315232 1
run_shifts.sh 20240718 012 21.73885 42.186694 0
run_shifts.sh 20240718 013 18.048686 60.681979 1
run_shifts.sh 20240718 015 2.550558 41.831795 0
run_shifts.sh 20240719 006 17.923172 66.098138 0
run_shifts.sh 20240719 007 19.11712 45.165898 1
run_shifts.sh 20240719 008 19.308782 40.716559 1
run_shifts.sh 20240719 009 21.225092 58.758758 1
run_shifts.sh 20240719 010 2.56158 43.375491 0
run_shifts.sh 20240720 011 19.438468 41.858494 0
run_shifts.sh 20240720 012 14.067664 38.628414 1
run_shifts.sh 20240720 013 14.49306 39.801311 1
run_shifts.sh 20240720 014 19.340136 -1.310814 0
run_shifts.sh 20240720 015 16.287182 21.930996 1
run_shifts.sh 20240720 016 21.172981 59.321105 0
run_shifts.sh 20240720 017 17.771079 60.41041 1
run_shifts.sh 20240720 018 19.11712 45.165898 1
run_shifts.sh 20240720 019 19.61388 38.726983 1
run_shifts.sh 20240721 011 19.362327 38.51549 0
run_shifts.sh 20240721 012 20.028445 44.742305 0
run_shifts.sh 20240721 013 15.629842 38.947881 1
run_shifts.sh 20240721 014 15.991684 25.931694 1
run_shifts.sh 20240721 015 17.127617 7.374794 1
run_shifts.sh 20240721 016 17.767439 60.448023 1
run_shifts.sh 20240721 017 23.728475 32.480165 0
run_shifts.sh 20240724 009 19.597238 44.869518 0
run_shifts.sh 20240724 010 14.576465 35.828192 1
run_shifts.sh 20240724 011 15.862381 52.315232 1
run_shifts.sh 20240724 012 15.629842 38.947881 1
run_shifts.sh 20240724 013 17.127615 7.374773 1
run_shifts.sh 20240724 014 22.514988 39.277621 0
run_shifts.sh 20240724 015 22.515 39.305428 0
run_shifts.sh 20240724 016 19.340292 -1.302359 1
run_shifts.sh 20240724 017 21.538425 0.21067 0
run_shifts.sh 20240724 018 21.538425 0.21067 0
run_shifts.sh 20240724 019 19.11712 45.165898 1
run_shifts.sh 20240724 020 19.472395 37.071032 1
run_shifts.sh 20240724 021 19.61388 38.726983 1
run_shifts.sh 20240724 022 21.050375 58.854836 1
run_shifts.sh 20240724 023 1.977178 38.331387 0
run_shifts.sh 20240724 024 2.56158 43.375491 0
run_shifts.sh 20240724 025 21.707333 54.565389 1
run_shifts.sh 20240725 011 16.259715 -8.369729 1
run_shifts.sh 20240725 012 14.255306 49.894947 1
run_shifts.sh 20240725 013 14.769283 49.150272 1
run_shifts.sh 20240725 014 15.862381 52.315232 1
run_shifts.sh 20240725 015 15.629842 38.947881 1
run_shifts.sh 20240725 016 16.287182 21.930996 1
run_shifts.sh 20240725 017 21.574018 49.322626 0
run_shifts.sh 20240725 018 21.706426 54.551156 0
run_shifts.sh 20240725 019 21.538425 0.21067 0
run_shifts.sh 20240725 020 21.538425 0.21067 0
run_shifts.sh 20240725 021 19.11712 45.165898 1
run_shifts.sh 20240725 022 19.597152 48.071905 1
run_shifts.sh 20240725 023 20.029275 44.758254 1
run_shifts.sh 20240725 024 0.805694 5.275793 0
run_shifts.sh 20240725 025 2.592386 44.069522 0
run_shifts.sh 20240725 026 2.866927 43.388201 0
run_shifts.sh 20240725 027 21.575275 47.694735 1
run_shifts.sh 20240725 028 21.535049 49.361719 1
run_shifts.sh 20240726 006 13.967319 31.704242 1
run_shifts.sh 20240726 007 14.625164 49.663725 1
run_shifts.sh 20240726 008 14.990086 49.165606 1
run_shifts.sh 20240726 009 15.575061 49.389844 1
run_shifts.sh 20240726 010 15.991684 25.931694 1
run_shifts.sh 20240726 011 15.629842 38.947881 1
run_shifts.sh 20240726 012 15.862381 52.315232 1
run_shifts.sh 20240726 013 21.538425 0.21067 0
run_shifts.sh 20240726 014 21.538425 0.21067 0
run_shifts.sh 20240726 015 18.937567 41.584431 1
run_shifts.sh 20240726 016 19.308782 40.716559 1
run_shifts.sh 20240726 017 19.77393 33.735892 1
run_shifts.sh 20240726 018 2.591893 41.890958 0
run_shifts.sh 20240726 019 2.620911 42.982581 0
run_shifts.sh 20240726 020 2.724443 40.932774 0
run_shifts.sh 20240727 011 17.730564 65.514167 0
run_shifts.sh 20240727 012 17.947592 65.514167 0
run_shifts.sh 20240727 013 18.120731 65.604167 0
run_shifts.sh 20240727 014 17.945314 65.5 0
run_shifts.sh 20240727 015 16.318163 33.689604 1
run_shifts.sh 20240727 016 17.538285 7.043016 1
run_shifts.sh 20240727 017 23.728475 32.480165 0
run_shifts.sh 20240728 011 14.576884 57.410081 1
run_shifts.sh 20240728 012 17.686785 65.425883 0
run_shifts.sh 20240728 013 17.766736 65.5 0
run_shifts.sh 20240728 014 17.800631 65.514167 0
run_shifts.sh 20240728 015 17.911422 65.514167 0
run_shifts.sh 20240728 016 15.935689 48.496972 1
run_shifts.sh 20240728 017 15.948686 48.242778 1
run_shifts.sh 20240728 018 16.318876 33.699091 1
run_shifts.sh 20240728 019 17.317088 49.006495 1
run_shifts.sh 20240728 020 18.558593 47.447979 1
run_shifts.sh 20240728 021 18.581071 32.677783 1
run_shifts.sh 20240728 022 21.417868 -8.266611 1
run_shifts.sh 20240728 023 0.527427 46.095672 0
run_shifts.sh 20240729 011 14.615789 49.401594 1
run_shifts.sh 20240729 012 14.932119 49.107414 1
run_shifts.sh 20240729 013 15.327586 49.126119 1
run_shifts.sh 20240729 014 15.750344 49.341244 1
run_shifts.sh 20240729 015 15.878447 48.539706 1
run_shifts.sh 20240729 016 16.317927 33.689304 1
run_shifts.sh 20240729 017 16.318163 33.689604 1
run_shifts.sh 20240729 018 17.699744 18.42503 1
run_shifts.sh 20240729 019 20.843168 -7.067334 1
run_shifts.sh 20240729 020 21.020186 -5.838474 1
run_shifts.sh 20240729 021 23.459034 15.399002 0
run_shifts.sh 20240729 022 22.880036 1.136572 0
run_shifts.sh 20240730 006 17.766736 65.514167 0
run_shifts.sh 20240730 007 18.084433 65.604167 0
run_shifts.sh 20240730 008 18.157025 65.604167 0
run_shifts.sh 20240730 009 16.317927 33.689304 1
run_shifts.sh 20240730 010 16.317871 33.695429 1
run_shifts.sh 20240730 011 23.72452 32.516929 0
run_shifts.sh 20240730 012 22.551611 -8.772306 1
run_shifts.sh 20240730 013 23.079608 -8.727721 1
run_shifts.sh 20240731 006 14.779422 49.409172 1
run_shifts.sh 20240731 007 15.135606 49.279964 1
run_shifts.sh 20240731 008 15.604347 49.385372 1
run_shifts.sh 20240731 009 15.793517 49.07755 1
run_shifts.sh 20240731 010 16.775512 34.587853 1
run_shifts.sh 20240731 011 21.188846 -1.283717 0
