run_shifts.sh 20240401 006 14.40152 59.903347 1
run_shifts.sh 20240402 006 11.275167 52.275083 0
run_shifts.sh 20240402 007 11.357397 53.138044 0
run_shifts.sh 20240402 008 11.964986 49.560897 0
run_shifts.sh 20240402 009 12.235332 32.921904 0
run_shifts.sh 20240402 010 12.235332 32.921904 0
run_shifts.sh 20240402 011 12.603859 7.978955 0
run_shifts.sh 20240402 012 18.936771 41.568313 0
run_shifts.sh 20240402 013 14.067656 38.626439 1
run_shifts.sh 20240402 014 15.733323 2.522947 1
run_shifts.sh 20240402 015 20.060342 29.883088 0
run_shifts.sh 20240403 006 11.054979 35.926896 0
run_shifts.sh 20240403 007 11.326256 52.446917 0
run_shifts.sh 20240403 008 11.955333 48.829406 0
run_shifts.sh 20240403 009 12.235332 32.921904 0
run_shifts.sh 20240403 010 12.235332 32.921904 0
run_shifts.sh 20240403 011 12.749381 39.26876 0
run_shifts.sh 20240403 012 12.947557 21.972899 0
run_shifts.sh 20240403 013 12.603859 7.978955 0
run_shifts.sh 20240403 014 8.334397 27.226615 1
run_shifts.sh 20240403 015 14.327958 52.877972 0
run_shifts.sh 20240403 016 15.252553 49.340283 0
run_shifts.sh 20240403 017 15.895864 49.257617 0
run_shifts.sh 20240403 018 14.329165 65.108601 0
run_shifts.sh 20240403 019 12.504613 8.62724 1
run_shifts.sh 20240403 020 17.859803 24.418205 0
run_shifts.sh 20240403 021 14.833209 -2.811635 1
run_shifts.sh 20240403 022 14.833487 -2.798296 1
run_shifts.sh 20240403 023 14.834093 -2.815768 1
run_shifts.sh 20240403 024 14.834371 -2.802444 1
run_shifts.sh 20240403 025 18.935837 42.665311 0
run_shifts.sh 20240403 026 19.362327 38.51549 0
run_shifts.sh 20240403 027 20.001325 30.960384 0
run_shifts.sh 20240403 028 20.463081 31.907888 0
run_shifts.sh 20240404 006 5.872941 15.954002 1
run_shifts.sh 20240404 007 11.533597 50.607903 0
run_shifts.sh 20240404 008 11.851822 49.874075 0
run_shifts.sh 20240404 009 12.263592 12.545553 0
run_shifts.sh 20240404 010 13.799822 49.590289 0
run_shifts.sh 20240404 011 14.327328 52.890611 0
run_shifts.sh 20240404 012 14.858725 50.000089 0
run_shifts.sh 20240404 013 15.172017 50.028836 0
run_shifts.sh 20240404 014 15.574119 49.874061 0
run_shifts.sh 20240404 015 16.002092 49.901519 0
run_shifts.sh 20240404 016 16.055356 51.069617 0
run_shifts.sh 20240404 017 11.616867 49.690608 1
run_shifts.sh 20240404 018 11.921328 49.179867 1
run_shifts.sh 20240404 019 11.9338 48.638728 1
run_shifts.sh 20240404 021 13.791036 53.660661 1
run_shifts.sh 20240404 022 13.419088 38.933302 1
run_shifts.sh 20240404 023 19.307995 40.700416 0
run_shifts.sh 20240404 024 19.718489 45.295614 0
run_shifts.sh 20240404 025 18.233381 64.390507 0
run_shifts.sh 20240405 006 11.325119 46.682344 0
run_shifts.sh 20240405 007 11.843856 49.140539 0
run_shifts.sh 20240405 008 11.906139 48.717564 0
run_shifts.sh 20240405 009 12.978322 25.105742 0
run_shifts.sh 20240405 010 12.977359 25.11042 0
run_shifts.sh 20240405 011 12.978668 25.118808 0
run_shifts.sh 20240405 012 12.977705 25.123482 0
run_shifts.sh 20240405 013 13.799822 49.590289 0
run_shifts.sh 20240405 014 13.984767 49.666761 0
run_shifts.sh 20240405 015 14.411861 49.752342 0
run_shifts.sh 20240405 016 14.895736 49.554961 0
run_shifts.sh 20240405 017 15.353581 49.616817 0
run_shifts.sh 20240405 018 15.8823 49.510483 0
run_shifts.sh 20240405 019 11.325969 46.698119 1
run_shifts.sh 20240405 020 11.857194 48.601094 1
run_shifts.sh 20240405 021 12.232896 33.012994 1
run_shifts.sh 20240405 022 13.280951 17.026497 1
run_shifts.sh 20240405 023 13.805931 52.939861 1
run_shifts.sh 20240405 024 14.067656 38.626439 1
run_shifts.sh 20240405 025 17.608797 68.327545 0
run_shifts.sh 20240406 006 11.702592 49.495911 0
run_shifts.sh 20240406 007 11.758664 50.361472 0
run_shifts.sh 20240406 008 13.393723 2.733438 1
run_shifts.sh 20240406 009 17.859803 24.418205 0
run_shifts.sh 20240406 010 13.741622 52.476319 1
run_shifts.sh 20240407 007 15.855527 29.5053 0
run_shifts.sh 20240407 008 15.363379 3.598728 0
run_shifts.sh 20240407 010 14.799268 -3.324059 0
run_shifts.sh 20240407 011 14.799085 -3.310556 0
run_shifts.sh 20240407 012 14.800177 -3.321358 0
run_shifts.sh 20240407 013 14.799994 -3.307833 0
run_shifts.sh 20240407 014 16.299324 -0.013346 0
run_shifts.sh 20240407 015 17.859803 24.418205 0
run_shifts.sh 20240407 016 13.741622 52.476319 1
run_shifts.sh 20240407 017 19.116285 45.14998 0
run_shifts.sh 20240407 018 19.718489 45.295614 0
run_shifts.sh 20240407 019 19.281792 5.139477 0
run_shifts.sh 20240408 011 11.325119 46.682344 0
run_shifts.sh 20240408 012 12.230114 32.876247 0
run_shifts.sh 20240408 013 6.99162 19.354071 1
run_shifts.sh 20240408 014 12.441659 14.439974 0
run_shifts.sh 20240408 015 13.786006 50.313717 0
run_shifts.sh 20240408 016 14.327892 52.876917 0
run_shifts.sh 20240408 017 15.147617 49.52985 0
run_shifts.sh 20240408 018 10.328678 19.480726 1
run_shifts.sh 20240408 019 12.236957 0.630079 1
run_shifts.sh 20240408 020 11.325969 46.698119 1
run_shifts.sh 20240408 021 11.829444 48.675911 1
run_shifts.sh 20240408 022 17.536288 17.288424 0
run_shifts.sh 20240408 024 14.40152 59.903347 1
run_shifts.sh 20240408 025 14.063169 49.641414 1
run_shifts.sh 20240408 026 14.456522 26.539734 1
run_shifts.sh 20240408 027 19.281792 5.139477 0
run_shifts.sh 20240409 007 7.831959 27.374555 1
run_shifts.sh 20240409 008 13.809372 50.134994 0
run_shifts.sh 20240409 010 14.325983 52.883806 0
run_shifts.sh 20240409 011 15.281869 49.352194 0
run_shifts.sh 20240409 012 16.119436 49.780578 0
run_shifts.sh 20240409 013 11.559336 49.812467 1
run_shifts.sh 20240409 014 16.324518 55.500379 0
run_shifts.sh 20240409 015 13.418422 4.014331 1
run_shifts.sh 20240409 016 17.859803 24.418205 0
run_shifts.sh 20240409 017 17.70498 18.447838 0
run_shifts.sh 20240409 018 13.776047 52.844906 1
run_shifts.sh 20240409 019 13.849839 52.310422 1
run_shifts.sh 20240409 020 14.456522 26.539734 1
run_shifts.sh 20240409 021 19.281792 5.139477 0
run_shifts.sh 20240411 008 10.84672 6.797243 0
run_shifts.sh 20240411 009 6.91334 33.276828 1
run_shifts.sh 20240411 010 7.83197 27.374554 1
run_shifts.sh 20240411 011 7.758473 31.696034 1
run_shifts.sh 20240411 012 13.804569 49.862694 0
run_shifts.sh 20240411 013 13.855522 49.774097 0
run_shifts.sh 20240411 014 14.327261 52.889556 0
run_shifts.sh 20240411 015 15.399172 49.385119 0
run_shifts.sh 20240411 016 15.721197 49.353081 0
run_shifts.sh 20240411 017 16.127458 49.038378 0
run_shifts.sh 20240411 018 16.094225 50.297142 0
run_shifts.sh 20240411 019 11.822644 48.94535 1
run_shifts.sh 20240411 020 11.829444 48.675911 1
run_shifts.sh 20240411 022 17.859803 24.418205 0
run_shifts.sh 20240411 023 12.955062 22.068453 1
run_shifts.sh 20240411 024 13.830661 52.761592 1
run_shifts.sh 20240411 025 13.825456 52.489839 1
run_shifts.sh 20240411 026 13.820317 52.21805 1
run_shifts.sh 20240411 027 14.456425 26.539364 1
run_shifts.sh 20240411 028 19.281792 5.139477 0
run_shifts.sh 20240412 006 6.99162 19.354071 1
run_shifts.sh 20240412 007 11.897509 6.990578 0
run_shifts.sh 20240412 008 7.83197 27.374554 1
run_shifts.sh 20240412 009 8.823482 11.744034 1
run_shifts.sh 20240412 010 14.326553 52.872194 0
run_shifts.sh 20240412 011 15.294625 49.598564 0
run_shifts.sh 20240412 012 15.765289 49.577631 0
run_shifts.sh 20240412 013 10.503254 45.144664 1
run_shifts.sh 20240412 014 15.991423 47.607381 0
run_shifts.sh 20240412 015 15.612492 4.666288 0
run_shifts.sh 20240412 016 11.8085 48.480031 1
run_shifts.sh 20240412 017 16.881219 63.070409 0
run_shifts.sh 20240412 018 14.269553 2.276718 1
run_shifts.sh 20240412 019 18.587659 32.703246 0
run_shifts.sh 20240413 006 12.235332 32.921904 0
run_shifts.sh 20240413 007 9.249022 1.399431 1
run_shifts.sh 20240413 008 8.829374 11.852288 1
run_shifts.sh 20240413 009 14.120103 28.456669 0
run_shifts.sh 20240413 010 13.393492 2.720924 0
run_shifts.sh 20240413 011 9.415989 53.293054 1
run_shifts.sh 20240413 012 13.773545 62.387621 0
run_shifts.sh 20240413 013 10.847001 6.812411 1
run_shifts.sh 20240413 014 15.843703 51.237333 0
run_shifts.sh 20240413 015 15.984464 51.8658 0
run_shifts.sh 20240413 016 11.658411 50.096517 1
run_shifts.sh 20240413 017 11.773292 49.824631 1
run_shifts.sh 20240413 018 12.558356 26.178043 1
run_shifts.sh 20240413 019 12.749906 39.290826 1
run_shifts.sh 20240413 020 17.179643 65.394186 0
run_shifts.sh 20240413 021 17.739175 65.28 0
run_shifts.sh 20240413 022 20.060342 29.883088 0
run_shifts.sh 20240413 023 19.281792 5.139477 0
run_shifts.sh 20240414 011 6.99162 19.354071 1
run_shifts.sh 20240414 012 11.683501 5.752235 0
run_shifts.sh 20240414 014 11.780483 49.556008 1
run_shifts.sh 20240414 015 12.229072 32.923873 1
run_shifts.sh 20240414 016 12.749906 39.290826 1
run_shifts.sh 20240414 017 12.22883 32.951513 1
run_shifts.sh 20240414 018 13.842553 50.499281 1
run_shifts.sh 20240414 019 13.832544 49.955117 1
run_shifts.sh 20240414 020 14.219731 50.558969 1
run_shifts.sh 20240414 021 14.456425 26.539364 1
run_shifts.sh 20240414 022 19.281792 5.139477 0
run_shifts.sh 20240415 011 11.897509 6.990578 0
run_shifts.sh 20240415 012 8.846807 11.596358 1
run_shifts.sh 20240415 013 14.575729 35.812062 0
run_shifts.sh 20240416 006 16.881914 63.078915 1
run_shifts.sh 20240417 006 12.315288 11.120727 0
run_shifts.sh 20240418 006 6.91334 33.276828 1
run_shifts.sh 20240418 007 8.316085 23.571237 1
run_shifts.sh 20240418 008 14.066891 38.610271 0
run_shifts.sh 20240418 009 14.395086 14.439702 0
run_shifts.sh 20240418 010 10.27639 27.8694 1
run_shifts.sh 20240418 011 11.089732 43.535534 1
run_shifts.sh 20240418 012 11.848915 48.380699 1
run_shifts.sh 20240418 013 17.536288 17.288424 0
run_shifts.sh 20240418 014 13.580262 20.204119 1
run_shifts.sh 20240418 015 13.419088 38.933302 1
run_shifts.sh 20240418 016 17.741433 65.294167 0
run_shifts.sh 20240418 017 17.810914 65.294167 0
run_shifts.sh 20240418 018 16.881914 63.078915 1
run_shifts.sh 20240419 006 12.326558 48.674347 0
run_shifts.sh 20240419 007 12.315288 11.120727 0
run_shifts.sh 20240419 008 13.57987 20.184119 0
run_shifts.sh 20240419 009 9.594094 35.819601 1
run_shifts.sh 20240419 010 14.833539 13.865064 0
run_shifts.sh 20240419 011 14.834655 13.887625 0
run_shifts.sh 20240419 012 11.05548 35.948922 1
run_shifts.sh 20240419 013 15.733096 2.510598 0
run_shifts.sh 20240419 014 16.04421 1.528668 0
run_shifts.sh 20240419 015 17.536288 17.288424 0
run_shifts.sh 20240419 016 13.580262 20.204119 1
run_shifts.sh 20240419 017 20.001325 30.960384 0
run_shifts.sh 20240419 018 19.281792 5.139477 0
run_shifts.sh 20240420 011 12.91268 49.160489 0
run_shifts.sh 20240420 012 8.624192 18.985825 1
run_shifts.sh 20240420 013 9.006365 21.839895 1
run_shifts.sh 20240423 006 7.831959 27.374555 1
run_shifts.sh 20240423 007 8.316085 23.571237 1
run_shifts.sh 20240423 008 9.006365 21.839895 1
run_shifts.sh 20240423 009 14.575729 35.812062 0
run_shifts.sh 20240423 010 9.594094 35.819601 1
run_shifts.sh 20240423 011 10.847001 6.812411 1
run_shifts.sh 20240423 012 15.871485 20.369665 0
run_shifts.sh 20240423 013 11.325969 46.698121 1
run_shifts.sh 20240423 014 12.327427 48.689875 1
run_shifts.sh 20240423 015 12.913554 49.175945 1
run_shifts.sh 20240423 016 18.625015 20.504251 0
run_shifts.sh 20240423 017 14.067656 38.626439 1
run_shifts.sh 20240423 018 18.233381 64.390507 0
run_shifts.sh 20240423 019 20.060342 29.883088 0
run_shifts.sh 20240423 020 20.463081 31.907888 0
run_shifts.sh 20240423 021 15.862381 52.315232 1
run_shifts.sh 20240423 022 21.39175 46.338436 0
run_shifts.sh 20240424 006 12.749381 39.26876 0
run_shifts.sh 20240424 007 7.831959 27.374555 1
run_shifts.sh 20240424 008 13.57987 20.184119 0
run_shifts.sh 20240424 009 14.492531 39.779253 0
run_shifts.sh 20240424 010 13.393492 2.720924 0
run_shifts.sh 20240424 011 9.594094 35.819601 1
run_shifts.sh 20240424 012 10.847001 6.812411 1
run_shifts.sh 20240424 013 15.871485 20.369665 0
run_shifts.sh 20240424 014 11.325969 46.698121 1
run_shifts.sh 20240424 015 12.084715 24.62864 1
run_shifts.sh 20240424 016 17.536288 17.288424 0
run_shifts.sh 20240424 017 13.580262 20.204119 1
run_shifts.sh 20240424 018 14.067656 38.626439 1
run_shifts.sh 20240424 019 20.001325 30.960384 0
run_shifts.sh 20240424 020 20.576991 28.329591 0
run_shifts.sh 20240424 021 15.629842 38.947881 1
run_shifts.sh 20240424 022 21.482428 48.683635 0
run_shifts.sh 20240425 007 10.490738 -2.733159 1
run_shifts.sh 20240425 008 11.05548 35.948922 1
run_shifts.sh 20240425 009 15.733096 2.510598 0
run_shifts.sh 20240425 010 17.344032 32.450261 0
run_shifts.sh 20240426 005 20.060342 29.883088 0
run_shifts.sh 20240426 006 19.954024 57.868924 0
run_shifts.sh 20240426 007 21.447131 48.519302 0
run_shifts.sh 20240427 006 7.831959 27.374555 1
run_shifts.sh 20240427 007 13.822756 49.410547 0
run_shifts.sh 20240427 008 13.873156 49.319894 0
run_shifts.sh 20240427 009 9.794496 7.383275 1
run_shifts.sh 20240427 010 10.194702 54.734764 1
run_shifts.sh 20240427 011 10.19309 54.710718 1
run_shifts.sh 20240427 012 15.991423 47.607381 0
run_shifts.sh 20240427 013 11.325969 46.698121 1
run_shifts.sh 20240427 014 15.733096 2.510598 0
run_shifts.sh 20240427 015 12.08779 27.121021 1
run_shifts.sh 20240427 016 12.44932 23.983559 1
run_shifts.sh 20240427 017 17.254913 4.957134 0
run_shifts.sh 20240427 018 17.962409 4.75875 0
run_shifts.sh 20240427 019 18.804374 7.685228 0
run_shifts.sh 20240427 020 18.233381 64.390507 0
run_shifts.sh 20240427 021 16.605528 -2.320316 1
run_shifts.sh 20240427 022 16.881914 63.078915 1
run_shifts.sh 20240427 023 21.464896 48.511491 0
run_shifts.sh 20240428 006 11.848915 48.380699 1
run_shifts.sh 20240428 007 13.580262 20.204122 1
run_shifts.sh 20240428 008 19.281792 5.139477 0
run_shifts.sh 20240428 009 18.233381 64.390507 0
run_shifts.sh 20240428 010 15.855984 29.526861 1
run_shifts.sh 20240429 011 13.840567 48.957294 0
run_shifts.sh 20240429 012 14.325917 52.884833 0
run_shifts.sh 20240429 013 14.9722 49.391769 0
run_shifts.sh 20240429 014 15.294625 49.598564 0
run_shifts.sh 20240429 015 15.633619 49.379392 0
run_shifts.sh 20240429 016 16.044372 49.617206 0
run_shifts.sh 20240429 017 11.325969 46.698121 1
run_shifts.sh 20240429 018 15.733096 2.510598 0
run_shifts.sh 20240429 019 16.765722 60.940469 0
run_shifts.sh 20240429 020 12.913554 49.175945 1
run_shifts.sh 20240429 021 16.673485 67.599288 0
run_shifts.sh 20240429 022 14.067656 38.626439 1
run_shifts.sh 20240429 023 18.156104 69.440585 0
run_shifts.sh 20240429 024 20.060342 29.883088 0
run_shifts.sh 20240429 025 17.125762 64.624682 1
run_shifts.sh 20240429 026 21.48242 48.68364 0
run_shifts.sh 20240430 006 12.944718 22.020769 0
run_shifts.sh 20240430 007 13.8455 49.229681 0
run_shifts.sh 20240430 008 14.328022 52.876917 0
run_shifts.sh 20240430 009 14.983431 49.645917 0
run_shifts.sh 20240430 010 15.337144 49.853939 0
run_shifts.sh 20240430 011 15.765289 49.577631 0
run_shifts.sh 20240430 012 16.090156 49.813325 0
run_shifts.sh 20240430 013 11.443419 50.036689 1
run_shifts.sh 20240430 014 11.773292 49.824631 1
run_shifts.sh 20240430 015 12.48449 41.73661 1
run_shifts.sh 20240430 016 13.280951 17.026497 1
run_shifts.sh 20240430 017 13.580262 20.204122 1
run_shifts.sh 20240430 018 14.395601 14.453192 1
run_shifts.sh 20240430 019 20.001325 30.960384 0
run_shifts.sh 20240430 020 18.233381 64.390507 0
run_shifts.sh 20240430 021 15.862381 52.315232 1
run_shifts.sh 20240430 022 20.743326 15.287491 0
