run_shifts.sh 20231001 003 1.797646 63.843202 0
run_shifts.sh 20231001 004 3.723599 24.984505 0
run_shifts.sh 20231001 005 3.865321 23.892296 0
run_shifts.sh 20231002 008 22.259083 16.280643 0
run_shifts.sh 20231002 009 18.713125 59.648139 1
run_shifts.sh 20231002 010 21.194806 68.397585 0
run_shifts.sh 20231002 011 22.1022 -7.390174 1
run_shifts.sh 20231002 012 19.899305 44.422324 1
run_shifts.sh 20231002 014 4.491482 26.661486 0
run_shifts.sh 20231002 015 0.750236 4.841182 1
run_shifts.sh 20231002 016 4.865253 9.866168 0
run_shifts.sh 20231002 017 0.680862 40.19365 1
run_shifts.sh 20231002 018 2.874826 63.41189 1
run_shifts.sh 20231003 006 22.779926 44.319616 0
run_shifts.sh 20231003 007 21.194803 68.397562 0
run_shifts.sh 20231003 008 18.953447 48.811559 1
run_shifts.sh 20231003 009 19.034177 39.362276 1
run_shifts.sh 20231003 010 19.399429 43.325564 1
run_shifts.sh 20231003 011 0.591379 10.138633 0
run_shifts.sh 20231003 012 21.665449 1.301298 1
run_shifts.sh 20231003 013 1.730203 4.18211 0
run_shifts.sh 20231003 014 22.259618 16.294554 1
run_shifts.sh 20231004 006 21.665143 1.293011 0
run_shifts.sh 20231004 007 20.843168 -7.067334 1
run_shifts.sh 20231004 008 0.680329 40.171631 0
run_shifts.sh 20231005 006 21.686041 9.595782 0
run_shifts.sh 20231005 007 23.714025 30.813619 0
run_shifts.sh 20231005 008 21.417868 -8.266611 1
run_shifts.sh 20231005 009 21.787752 -4.740122 1
run_shifts.sh 20231005 010 0.955633 14.757643 0
run_shifts.sh 20231005 011 20.463777 31.923863 1
run_shifts.sh 20231005 012 1.094822 -0.337556 0
run_shifts.sh 20231005 013 7.831518 27.353261 0
run_shifts.sh 20231005 014 3.119136 40.154983 1
run_shifts.sh 20231006 007 22.805906 12.532302 0
run_shifts.sh 20231006 008 21.194806 68.397585 0
run_shifts.sh 20231006 009 19.096132 38.533486 1
run_shifts.sh 20231006 010 1.29554 11.364804 0
run_shifts.sh 20231006 011 2.21226 10.54435 0
run_shifts.sh 20231006 012 3.513651 20.874028 0
run_shifts.sh 20231006 013 4.013065 18.185488 0
run_shifts.sh 20231006 014 0.972177 -0.357718 1
run_shifts.sh 20231007 006 18.713125 59.648139 1
run_shifts.sh 20231007 007 21.194803 68.397562 0
run_shifts.sh 20231007 008 19.296748 50.489356 1
run_shifts.sh 20231007 009 1.230382 35.081163 0
run_shifts.sh 20231007 010 2.574015 27.593795 0
run_shifts.sh 20231007 011 1.752917 19.506935 1
run_shifts.sh 20231007 012 1.753735 19.481646 1
run_shifts.sh 20231007 013 2.884959 16.867266 1
run_shifts.sh 20231007 014 3.681823 12.58153 1
run_shifts.sh 20231007 015 4.013443 18.205 1
run_shifts.sh 20231008 011 21.666335 1.25005 0
run_shifts.sh 20231008 012 23.728479 32.480181 0
run_shifts.sh 20231008 013 23.844183 27.168839 0
run_shifts.sh 20231008 014 21.787752 -4.740122 1
run_shifts.sh 20231008 015 19.719322 45.31147 1
run_shifts.sh 20231008 016 20.078445 39.789134 1
run_shifts.sh 20231008 017 0.806019 5.268322 0
run_shifts.sh 20231008 018 2.03959 20.000095 0
run_shifts.sh 20231008 019 1.64985 0.277478 0
run_shifts.sh 20231008 020 1.983494 0.277372 0
run_shifts.sh 20231008 021 3.865321 23.892296 0
run_shifts.sh 20231008 022 1.017454 -0.759692 1
run_shifts.sh 20231008 023 1.726806 4.200492 1
run_shifts.sh 20231008 024 1.728242 4.182842 1
run_shifts.sh 20231008 025 2.037412 10.344408 1
run_shifts.sh 20231008 026 6.991222 19.334437 0
run_shifts.sh 20231008 027 4.029584 60.893158 1
run_shifts.sh 20231008 028 3.684278 23.432205 1
run_shifts.sh 20231009 009 18.80466 7.70082 1
run_shifts.sh 20231009 010 23.845186 27.165162 0
run_shifts.sh 20231009 011 19.036524 45.28783 1
run_shifts.sh 20231009 012 0.191654 59.127732 0
run_shifts.sh 20231009 013 20.031429 44.364348 1
run_shifts.sh 20231009 014 2.030206 19.625593 0
run_shifts.sh 20231009 015 1.816628 1.937536 0
run_shifts.sh 20231009 016 1.850039 -1.107019 0
run_shifts.sh 20231009 017 2.083433 -1.388256 0
run_shifts.sh 20231009 018 0.716797 -1.665597 1
run_shifts.sh 20231009 019 1.083194 -1.385619 1
run_shifts.sh 20231009 020 1.530373 0.30963 1
run_shifts.sh 20231009 021 5.868649 15.889391 0
run_shifts.sh 20231009 022 4.25425 -7.675035 1
run_shifts.sh 20231009 023 7.066158 52.684453 0
run_shifts.sh 20231009 024 5.57161 -4.962161 1
run_shifts.sh 20231009 025 3.744865 22.475608 1
run_shifts.sh 20231010 006 18.80466 7.70082 1
run_shifts.sh 20231010 007 23.845186 27.165162 0
run_shifts.sh 20231010 008 23.524426 59.155963 0
run_shifts.sh 20231010 009 19.157734 38.725205 1
run_shifts.sh 20231010 010 20.495126 7.078848 1
run_shifts.sh 20231010 011 1.015567 54.076484 0
run_shifts.sh 20231010 012 23.079608 -8.727721 1
run_shifts.sh 20231010 013 1.016506 1.664461 0
run_shifts.sh 20231010 014 2.574015 27.593795 0
run_shifts.sh 20231010 015 1.206327 15.538475 1
run_shifts.sh 20231010 016 3.921737 -1.723042 1
run_shifts.sh 20231010 017 2.423326 41.74086 1
run_shifts.sh 20231010 018 2.908101 41.495083 1
run_shifts.sh 20231010 019 3.119136 40.154984 1
run_shifts.sh 20231011 006 19.340291 -1.302368 1
run_shifts.sh 20231011 007 18.712226 13.917802 1
run_shifts.sh 20231011 008 0.148704 49.307916 0
run_shifts.sh 20231011 009 0.191654 59.127732 0
run_shifts.sh 20231011 010 20.891979 10.624792 1
run_shifts.sh 20231011 011 2.574015 27.593795 0
run_shifts.sh 20231011 012 1.583233 -1.388256 0
run_shifts.sh 20231011 013 1.916806 -1.385619 0
run_shifts.sh 20231011 014 2.066781 -1.804667 0
run_shifts.sh 20231011 015 0.833333 -0.971961 1
run_shifts.sh 20231011 016 1.216767 -0.830814 1
run_shifts.sh 20231011 017 1.633192 -0.971369 1
run_shifts.sh 20231011 018 2.050131 -0.832711 1
run_shifts.sh 20231011 019 3.335491 -3.459295 1
run_shifts.sh 20231011 020 3.335707 -3.44569 1
run_shifts.sh 20231011 021 5.870845 15.83607 0
run_shifts.sh 20231011 022 5.729318 3.341981 0
run_shifts.sh 20231011 023 5.619291 -2.533903 0
run_shifts.sh 20231011 024 3.547967 9.075272 1
run_shifts.sh 20231011 025 3.744865 22.475608 1
run_shifts.sh 20231011 026 9.147076 33.870848 0
run_shifts.sh 20231012 006 21.977462 61.277054 0
run_shifts.sh 20231012 007 18.723177 40.684293 1
run_shifts.sh 20231012 008 22.1022 -7.390174 1
run_shifts.sh 20231012 009 19.899305 44.422324 1
run_shifts.sh 20231012 010 20.962597 23.282599 1
run_shifts.sh 20231012 012 2.218525 -0.540725 0
run_shifts.sh 20231012 013 23.454109 15.377196 1
run_shifts.sh 20231012 014 3.91839 5.668244 0
run_shifts.sh 20231012 015 3.917796 5.678903 0
run_shifts.sh 20231012 016 3.919106 5.677099 0
run_shifts.sh 20231012 017 3.918512 5.687759 0
run_shifts.sh 20231012 018 5.08637 52.76442 0
run_shifts.sh 20231012 019 4.716862 6.757168 0
run_shifts.sh 20231012 020 4.71624 6.767483 0
run_shifts.sh 20231012 021 4.717557 6.766424 0
run_shifts.sh 20231012 022 4.716934 6.77674 0
run_shifts.sh 20231012 023 5.009445 2.920324 0
run_shifts.sh 20231012 024 5.008932 2.931859 0
run_shifts.sh 20231012 025 5.010217 2.927989 0
run_shifts.sh 20231012 026 5.009705 2.939527 0
run_shifts.sh 20231012 027 2.042603 19.109288 1
run_shifts.sh 20231012 028 2.965668 5.967246 1
run_shifts.sh 20231012 029 2.423424 41.754747 1
run_shifts.sh 20231012 030 8.315478 23.556144 0
run_shifts.sh 20231012 031 3.817246 23.263525 1
run_shifts.sh 20231013 006 21.667952 1.263653 0
run_shifts.sh 20231013 007 23.714025 30.813619 0
run_shifts.sh 20231013 008 19.119987 20.886162 1
run_shifts.sh 20231013 009 19.399429 43.325564 1
run_shifts.sh 20231013 010 23.585975 -2.392795 0
run_shifts.sh 20231013 011 1.016506 1.664461 0
run_shifts.sh 20231013 012 1.407484 3.836261 0
run_shifts.sh 20231013 013 1.716508 1.6637 0
run_shifts.sh 20231013 014 1.850039 1.660661 0
run_shifts.sh 20231013 015 2.033475 -2.081867 0
run_shifts.sh 20231013 016 2.216606 -2.221883 0
run_shifts.sh 20231013 017 1.216767 -2.215978 1
run_shifts.sh 20231013 018 1.516644 -2.222053 1
run_shifts.sh 20231013 019 1.40462 3.859356 1
run_shifts.sh 20231013 020 1.866739 1.799728 1
run_shifts.sh 20231013 021 4.235048 -3.43155 0
run_shifts.sh 20231013 022 4.234877 -3.41802 0
run_shifts.sh 20231013 023 4.235788 -3.415474 0
run_shifts.sh 20231013 024 4.234107 -3.453411 0
run_shifts.sh 20231013 025 5.729318 3.341981 0
run_shifts.sh 20231013 026 2.572935 27.285147 1
run_shifts.sh 20231013 027 6.154801 -6.694369 1
run_shifts.sh 20231013 028 5.099608 52.811996 1
run_shifts.sh 20231014 008 19.340291 -1.302368 1
run_shifts.sh 20231014 009 18.625594 20.519009 1
run_shifts.sh 20231014 010 0.341625 33.072036 0
run_shifts.sh 20231014 011 19.719322 45.31147 1
run_shifts.sh 20231014 012 20.060791 29.904791 1
run_shifts.sh 20231014 013 0.949392 1.399836 0
run_shifts.sh 20231014 014 1.407512 3.837957 0
run_shifts.sh 20231014 015 1.5 -0.694242 0
run_shifts.sh 20231014 016 1.866739 -0.692106 0
run_shifts.sh 20231014 017 2.083433 -1.110564 0
run_shifts.sh 20231014 018 0.733447 -1.249275 1
run_shifts.sh 20231014 019 1.083194 -1.108456 1
run_shifts.sh 20231014 020 1.483356 -1.388572 1
run_shifts.sh 20231014 021 1.407182 3.757902 1
run_shifts.sh 20231014 022 5.931455 10.149086 0
run_shifts.sh 20231014 023 2.042603 19.109288 1
run_shifts.sh 20231014 024 2.622529 28.174181 1
run_shifts.sh 20231014 025 2.908101 41.495083 1
run_shifts.sh 20231014 026 4.264747 59.772997 1
run_shifts.sh 20231014 027 3.925976 9.844505 1
run_shifts.sh 20231014 028 3.833484 25.409928 1
run_shifts.sh 20231015 008 18.108509 15.809534 1
run_shifts.sh 20231015 009 21.196042 68.443353 0
run_shifts.sh 20231015 010 19.294864 18.516627 1
run_shifts.sh 20231015 011 19.85024 10.425241 1
run_shifts.sh 20231015 012 20.495126 7.078848 1
run_shifts.sh 20231015 013 19.633209 33.904919 1
run_shifts.sh 20231015 014 20.136538 41.949375 1
run_shifts.sh 20231015 016 2.033475 -0.693819 0
run_shifts.sh 20231015 017 2.083433 -0.8329 0
run_shifts.sh 20231015 018 0.966525 -2.081867 1
run_shifts.sh 20231015 019 1.300161 -2.080286 1
run_shifts.sh 20231015 020 1.733183 -2.079256 1
run_shifts.sh 20231015 021 1.407349 3.755927 1
run_shifts.sh 20231015 022 3.47317 -4.385497 1
run_shifts.sh 20231015 023 3.473193 -4.371612 1
run_shifts.sh 20231015 024 5.729318 3.341981 0
run_shifts.sh 20231015 025 1.982903 24.572233 1
run_shifts.sh 20231015 026 2.518835 26.477431 1
run_shifts.sh 20231015 027 2.96353 19.229204 1
run_shifts.sh 20231015 028 4.180287 8.777926 1
run_shifts.sh 20231015 029 3.842893 24.518881 1
run_shifts.sh 20231015 030 9.593605 35.797634 0
run_shifts.sh 20231016 006 21.977462 61.277054 0
run_shifts.sh 20231016 007 18.659439 29.878622 1
run_shifts.sh 20231016 008 23.328264 -5.148043 1
run_shifts.sh 20231016 009 2.559379 27.273107 0
run_shifts.sh 20231016 010 1.733183 -0.415764 0
run_shifts.sh 20231016 011 2.066781 -0.694006 0
run_shifts.sh 20231016 012 0.716797 -1.387939 1
run_shifts.sh 20231016 013 1.283492 -1.386358 1
run_shifts.sh 20231016 014 4.280171 1.202039 0
run_shifts.sh 20231016 015 4.27972 1.214127 0
run_shifts.sh 20231016 016 4.28098 1.208784 0
run_shifts.sh 20231016 017 4.280529 1.220876 0
run_shifts.sh 20231016 018 1.206327 15.538475 1
run_shifts.sh 20231016 019 2.042603 19.109288 1
run_shifts.sh 20231016 020 2.966281 5.977622 1
run_shifts.sh 20231016 021 7.598568 17.079427 0
run_shifts.sh 20231016 022 7.597738 17.086556 0
run_shifts.sh 20231016 023 7.599067 17.091329 0
run_shifts.sh 20231016 024 7.598236 17.098455 0
run_shifts.sh 20231016 025 7.707214 9.409893 0
run_shifts.sh 20231016 026 3.818304 23.792333 1
run_shifts.sh 20231016 027 6.870704 -5.1707 1
run_shifts.sh 20231016 028 9.809889 46.008974 0
run_shifts.sh 20231017 006 21.533402 0.237568 0
run_shifts.sh 20231017 007 21.020186 -5.838474 1
run_shifts.sh 20231017 008 18.594085 33.001807 1
run_shifts.sh 20231017 009 22.1022 -7.390174 1
run_shifts.sh 20231017 010 22.551611 -8.772306 1
run_shifts.sh 20231017 011 1.745787 34.236485 0
run_shifts.sh 20231017 012 1.033172 1.802817 0
run_shifts.sh 20231017 013 1.266817 1.801925 0
run_shifts.sh 20231017 014 1.633192 1.804186 0
run_shifts.sh 20231017 015 1.800725 1.252947 0
run_shifts.sh 20231017 016 2.050131 -1.943297 0
run_shifts.sh 20231017 017 0.683486 -1.109975 1
run_shifts.sh 20231017 018 1.883433 -1.107781 1
run_shifts.sh 20231017 019 4.307253 -2.366205 0
run_shifts.sh 20231017 020 4.306988 -2.352979 0
run_shifts.sh 20231017 021 4.308141 -2.362249 0
run_shifts.sh 20231017 022 4.307875 -2.349009 0
run_shifts.sh 20231017 023 5.729318 3.341981 0
run_shifts.sh 20231017 024 2.964978 5.976671 1
run_shifts.sh 20231017 025 7.764967 31.721406 0
run_shifts.sh 20231017 026 2.90934 41.493972 1
run_shifts.sh 20231017 027 4.180287 8.777926 1
run_shifts.sh 20231017 028 4.242292 23.586035 1
run_shifts.sh 20231017 029 6.870704 -5.1707 1
run_shifts.sh 20231017 033 13 60 1
run_shifts.sh 20231017 034 13 60 1
run_shifts.sh 20231018 006 21.533402 0.237568 0
run_shifts.sh 20231018 007 21.194806 68.397585 0
run_shifts.sh 20231018 008 18.939973 45.517687 1
run_shifts.sh 20231018 009 19.347099 44.165695 1
run_shifts.sh 20231018 010 20.487731 57.843738 1
run_shifts.sh 20231018 012 0.949869 0.555131 0
run_shifts.sh 20231018 013 1.266817 0.415764 0
run_shifts.sh 20231018 014 1.699839 0.415969 0
run_shifts.sh 20231018 015 2.016819 0 0
run_shifts.sh 20231018 016 0.60015 -2.356639 1
run_shifts.sh 20231018 017 0.933217 -2.360225 1
run_shifts.sh 20231018 018 1.366808 -2.359597 1
run_shifts.sh 20231018 019 1.766544 -2.355292 1
run_shifts.sh 20231018 020 2.100081 -2.360672 1
run_shifts.sh 20231018 021 4.102944 -3.220154 0
run_shifts.sh 20231018 022 2.874826 63.41189 1
run_shifts.sh 20231018 023 5.890592 3.818307 0
run_shifts.sh 20231018 024 2.424571 41.73975 1
run_shifts.sh 20231018 025 5.808979 -4.094147 0
run_shifts.sh 20231018 026 7.707214 9.409893 0
run_shifts.sh 20231018 027 4.264747 59.772997 1
run_shifts.sh 20231018 028 4.40772 16.897092 1
run_shifts.sh 20231018 029 9.593603 35.797628 0
run_shifts.sh 20231018 030 9.809891 46.008968 0
run_shifts.sh 20231019 006 21.533402 0.237568 0
run_shifts.sh 20231019 007 21.191012 68.444045 0
run_shifts.sh 20231019 008 18.986343 48.43308 1
run_shifts.sh 20231019 012 1.366808 1.804186 1
run_shifts.sh 20231019 013 1.766544 1.800894 1
run_shifts.sh 20231019 014 4.233938 -3.439875 0
run_shifts.sh 20231019 015 4.235019 -3.450925 0
run_shifts.sh 20231019 016 4.23485 -3.437367 0
run_shifts.sh 20231019 017 2.871857 0.682409 1
run_shifts.sh 20231019 018 4.672738 -5.496938 1
run_shifts.sh 20231019 019 7.707214 9.409893 0
run_shifts.sh 20231019 020 4.865565 9.882842 1
run_shifts.sh 20231019 024 16 60 0
run_shifts.sh 20231019 025 14 60 1
run_shifts.sh 20231019 026 14 60 1
run_shifts.sh 20231019 027 19 50 0
run_shifts.sh 20231019 028 19 50 0
run_shifts.sh 20231019 029 19 50 0
run_shifts.sh 20231020 006 23.728479 32.480181 0
run_shifts.sh 20231020 007 0.110668 46.461194 0
run_shifts.sh 20231020 008 0.110042 46.465592 0
run_shifts.sh 20231020 009 20.002005 30.976053 1
run_shifts.sh 20231020 010 0.866625 0.416522 0
run_shifts.sh 20231020 011 1.166667 0.414956 0
run_shifts.sh 20231020 012 1.566586 0.416475 0
run_shifts.sh 20231020 013 1.966828 0.138656 0
run_shifts.sh 20231020 014 0.566789 -2.078069 1
run_shifts.sh 20231020 015 0.800042 -2.083053 1
run_shifts.sh 20231020 016 1.266817 -2.079256 1
run_shifts.sh 20231020 017 1.666508 -2.081156 1
run_shifts.sh 20231020 018 2.083433 -2.221547 1
run_shifts.sh 20231020 019 4.419812 -0.788739 0
run_shifts.sh 20231020 020 4.419451 -0.77601 0
run_shifts.sh 20231020 021 4.420665 -0.783336 0
run_shifts.sh 20231020 022 4.420303 -0.770599 0
run_shifts.sh 20231020 023 2.003821 13.051082 1
run_shifts.sh 20231020 024 3.972561 -2.306889 1
run_shifts.sh 20231020 025 3.972878 -2.293758 1
run_shifts.sh 20231020 026 3.973433 -2.311604 1
run_shifts.sh 20231020 027 3.973749 -2.298486 1
run_shifts.sh 20231020 028 7.926668 31.887193 0
run_shifts.sh 20231020 029 8.315478 23.556144 0
run_shifts.sh 20231020 030 4.264747 59.772997 1
run_shifts.sh 20231020 031 4.242292 23.586035 1
run_shifts.sh 20231020 032 4.911881 12.362552 1
run_shifts.sh 20231021 006 21.533402 0.237568 0
run_shifts.sh 20231021 007 18.763758 48.092211 1
run_shifts.sh 20231021 008 18.918993 40.82957 1
run_shifts.sh 20231021 009 19.440202 50.997051 1
run_shifts.sh 20231021 010 20.487731 57.843738 1
run_shifts.sh 20231021 011 0.780004 4.9475 0
run_shifts.sh 20231021 012 20.971913 43.902724 1
run_shifts.sh 20231021 015 2.874376 63.400954 0
run_shifts.sh 20231021 016 4.217757 15.243134 0
run_shifts.sh 20231021 017 4.272694 59.75126 0
run_shifts.sh 20231021 019 5.671818 -9.194729 1
