run_shifts.sh 20240601 001 10.513352 31.028752 1
run_shifts.sh 20240601 002 15.937106 51.6604 0
run_shifts.sh 20240601 003 11.345836 49.711742 1
run_shifts.sh 20240601 004 11.674094 49.562383 1
run_shifts.sh 20240601 005 11.689444 49.027628 1
run_shifts.sh 20240601 006 17.235376 60.779414 0
run_shifts.sh 20240601 007 13.9676 48.852628 1
run_shifts.sh 20240601 008 13.995233 48.936578 1
run_shifts.sh 20240601 009 14.303003 48.760008 1
run_shifts.sh 20240601 010 14.75925 48.891156 1
run_shifts.sh 20240601 011 15.198731 48.831117 1
run_shifts.sh 20240601 012 15.629842 38.947881 1
run_shifts.sh 20240601 013 21.559739 25.312683 0
run_shifts.sh 20240601 014 18.164732 63.531006 1
run_shifts.sh 20240601 015 21.977483 61.277074 0
run_shifts.sh 20240602 007 16.318876 33.699091 1
run_shifts.sh 20240602 008 22.466878 24.931713 0
run_shifts.sh 20240602 009 21.665144 1.293006 0
run_shifts.sh 20240602 010 20.777378 67.423596 0
run_shifts.sh 20240603 011 11.425943 14.66388 1
run_shifts.sh 20240603 012 11.42695 14.640223 1
run_shifts.sh 20240603 013 11.704472 48.492228 1
run_shifts.sh 20240603 014 12.394712 26.991339 1
run_shifts.sh 20240603 015 18.935837 42.665311 0
run_shifts.sh 20240603 016 14.025017 50.291525 1
run_shifts.sh 20240603 017 14.183694 50.217711 1
run_shifts.sh 20240603 018 14.663806 49.973103 1
run_shifts.sh 20240603 019 15.042081 49.697658 1
run_shifts.sh 20240603 020 15.543011 50.361964 1
run_shifts.sh 20240603 021 15.918308 50.944614 1
run_shifts.sh 20240603 022 15.904328 51.19795 1
run_shifts.sh 20240603 023 18.164732 63.531006 1
run_shifts.sh 20240603 024 21.665144 1.293006 0
run_shifts.sh 20240603 025 20.747973 67.591899 0
run_shifts.sh 20240604 006 11.297525 49.542356 1
run_shifts.sh 20240604 007 11.653406 49.360428 1
run_shifts.sh 20240604 008 11.668925 48.826222 1
run_shifts.sh 20240604 009 17.371936 59.825134 0
run_shifts.sh 20240604 010 18.566627 47.472931 0
run_shifts.sh 20240604 011 14.025017 50.291525 1
run_shifts.sh 20240604 012 14.018928 50.020772 1
run_shifts.sh 20240604 013 14.349561 50.363361 1
run_shifts.sh 20240604 014 14.751653 50.105194 1
run_shifts.sh 20240604 015 15.089022 49.491022 1
run_shifts.sh 20240604 016 15.527183 50.605164 1
run_shifts.sh 20240604 017 15.823831 49.547342 1
run_shifts.sh 20240604 018 16.055061 47.166925 1
run_shifts.sh 20240604 019 18.164732 63.531006 1
run_shifts.sh 20240604 020 21.665144 1.293006 0
run_shifts.sh 20240604 021 23.698564 44.155362 0
run_shifts.sh 20240605 006 11.513053 50.400436 1
run_shifts.sh 20240605 007 11.547497 49.340861 1
run_shifts.sh 20240605 008 16.765722 60.940459 0
run_shifts.sh 20240605 014 17.686785 65.425883 0
run_shifts.sh 20240605 015 17.813172 65.294167 0
run_shifts.sh 20240605 016 17.839078 65.514167 0
run_shifts.sh 20240605 017 17.981486 65.514167 0
run_shifts.sh 20240605 018 17.983764 65.514167 0
run_shifts.sh 20240605 019 16.062294 48.135031 1
run_shifts.sh 20240605 020 21.706397 54.551007 0
run_shifts.sh 20240605 021 21.665144 1.293006 0
run_shifts.sh 20240605 022 20.767299 68.082234 0
run_shifts.sh 20240606 006 -999999.9 -999999.9 0
run_shifts.sh 20240606 007 17.371936 59.825134 0
run_shifts.sh 20240606 008 16.239891 -2.841239 1
run_shifts.sh 20240606 009 21.706397 54.551007 0
run_shifts.sh 20240606 010 21.977483 61.277074 0
run_shifts.sh 20240606 011 18.712226 13.917883 1
run_shifts.sh 20240607 006 14.205294 50.021639 1
run_shifts.sh 20240607 007 14.605531 49.876539 1
run_shifts.sh 20240607 008 15.030544 49.444972 1
run_shifts.sh 20240607 009 15.545767 49.392808 1
run_shifts.sh 20240607 010 15.967042 48.958031 1
run_shifts.sh 20240607 011 16.030553 47.680089 1
run_shifts.sh 20240607 012 21.393493 60.578977 0
run_shifts.sh 20240607 013 22.259084 16.280639 0
run_shifts.sh 20240607 014 18.804664 7.700866 1
run_shifts.sh 20240608 006 11.539025 49.606006 1
run_shifts.sh 20240608 007 12.193538 27.962955 1
run_shifts.sh 20240608 008 12.515463 31.880721 1
run_shifts.sh 20240608 009 -999999.9 -999999.9 1
run_shifts.sh 20240608 010 -999999.9 -999999.9 1
run_shifts.sh 20240608 011 -999999.9 -999999.9 1
run_shifts.sh 20240608 012 -999999.9 -999999.9 1
run_shifts.sh 20240608 013 23.278717 53.2006 0
run_shifts.sh 20240609 006 14.001061 49.207817 1
run_shifts.sh 20240609 007 16.925547 -8.396036 1
run_shifts.sh 20240609 008 17.909144 65.514167 0
run_shifts.sh 20240609 009 18.084433 65.604167 0
run_shifts.sh 20240609 010 17.764458 65.5 0
run_shifts.sh 20240609 011 18.193322 65.604167 0
run_shifts.sh 20240610 011 11.089715 43.535574 1
run_shifts.sh 20240610 012 12.261358 13.103706 1
run_shifts.sh 20240610 013 12.262427 13.080693 1
run_shifts.sh 20240611 006 11.32597 46.698095 1
run_shifts.sh 20240611 007 17.371936 59.825134 0
run_shifts.sh 20240611 009 14.097892 49.990556 1
run_shifts.sh 20240611 010 14.420175 50.018125 1
run_shifts.sh 20240611 011 14.82935 49.964089 1
run_shifts.sh 20240611 012 15.135606 49.279964 1
run_shifts.sh 20240611 013 15.662561 49.857906 1
run_shifts.sh 20240611 014 15.822483 49.061706 1
run_shifts.sh 20240611 015 21.706397 54.551007 0
run_shifts.sh 20240611 016 19.460641 -3.969862 1
run_shifts.sh 20240611 017 23.179003 46.578665 0
run_shifts.sh 20240611 018 23.727778 49.990228 0
run_shifts.sh 20240612 006 11.089715 43.535574 1
run_shifts.sh 20240612 007 12.289862 23.451501 1
run_shifts.sh 20240612 008 14.458844 47.866431 1
run_shifts.sh 20240612 009 14.889364 48.084683 1
run_shifts.sh 20240612 010 15.804856 47.856117 1
run_shifts.sh 20240612 011 19.340292 -1.302359 1
run_shifts.sh 20240613 006 12.22883 32.951513 1
run_shifts.sh 20240613 007 12.22883 32.951513 1
run_shifts.sh 20240613 008 17.011855 67.098284 0
run_shifts.sh 20240613 009 17.733022 65.72 0
run_shifts.sh 20240613 010 18.063631 65.734167 0
run_shifts.sh 20240613 011 18.234667 66.394167 0
run_shifts.sh 20240613 012 18.236 66.834167 0
run_shifts.sh 20240613 013 18.048686 60.681979 1
run_shifts.sh 20240613 014 23.100775 39.358581 0
run_shifts.sh 20240614 006 12.22883 32.951513 1
run_shifts.sh 20240614 007 12.22883 32.951513 1
run_shifts.sh 20240614 008 13.39887 36.177152 1
run_shifts.sh 20240614 009 17.932564 66.152381 0
run_shifts.sh 20240614 010 18.150442 66.16 0
run_shifts.sh 20240614 011 18.189892 66.174167 0
run_shifts.sh 20240614 012 18.2384 66.834167 0
run_shifts.sh 20240614 013 23.179003 46.578665 0
run_shifts.sh 20240615 006 16.014883 47.451808 1
run_shifts.sh 20240616 011 12.176915 24.20829 1
run_shifts.sh 20240616 012 12.48449 41.736605 1
run_shifts.sh 20240616 013 17.770231 60.399105 0
run_shifts.sh 20240616 014 18.71188 13.899648 0
run_shifts.sh 20240616 015 20.001326 30.960422 0
run_shifts.sh 20240616 016 19.381876 1.512498 0
run_shifts.sh 20240616 017 16.014883 47.451808 1
run_shifts.sh 20240616 018 21.665144 1.293006 0
run_shifts.sh 20240616 019 22.413742 4.06517 0
run_shifts.sh 20240616 020 23.459034 15.399002 0
run_shifts.sh 20240616 021 21.417868 -8.266611 1
run_shifts.sh 20240616 022 0.109996 29.010239 0
run_shifts.sh 20240617 011 11.848908 48.380659 1
run_shifts.sh 20240617 012 17.127196 7.363471 0
run_shifts.sh 20240617 013 17.770231 60.399105 0
run_shifts.sh 20240617 014 16.673485 67.599288 0
run_shifts.sh 20240617 015 20.028445 44.742305 0
run_shifts.sh 20240617 016 17.724695 66.844735 0
run_shifts.sh 20240617 017 19.340136 -1.310814 0
run_shifts.sh 20240617 018 16.292038 32.357204 1
run_shifts.sh 20240617 019 21.561125 58.11154 0
run_shifts.sh 20240617 020 22.259084 16.280636 0
run_shifts.sh 20240617 021 18.804664 7.700866 1
run_shifts.sh 20240617 022 21.020186 -5.838474 1
run_shifts.sh 20240617 023 18.937567 41.584431 1
run_shifts.sh 20240618 006 12.949906 22.10044 1
run_shifts.sh 20240618 007 17.77023 60.399118 0
run_shifts.sh 20240618 008 17.719973 66.845399 0
run_shifts.sh 20240618 009 21.08584 58.870525 0
run_shifts.sh 20240618 010 21.315514 60.701813 0
run_shifts.sh 20240618 011 22.259084 16.280636 0
run_shifts.sh 20240618 012 22.473403 10.630982 0
run_shifts.sh 20240618 013 18.625595 20.518955 1
run_shifts.sh 20240619 001 17.127196 7.363471 0
run_shifts.sh 20240619 002 13.529534 29.287278 1
run_shifts.sh 20240619 003 14.067664 38.628414 1
run_shifts.sh 20240619 004 19.281792 5.139477 0
run_shifts.sh 20240619 005 21.706397 54.551007 0
run_shifts.sh 20240619 006 22.259084 16.280636 0
run_shifts.sh 20240619 007 18.712226 13.917868 1
run_shifts.sh 20240619 008 0.341641 33.071875 0
run_shifts.sh 20240627 006 14.001061 49.207817 1
run_shifts.sh 20240627 007 14.038631 48.558461 1
run_shifts.sh 20240627 008 14.346594 49.360428 1
run_shifts.sh 20240628 006 12.22883 32.951513 1
run_shifts.sh 20240628 007 12.22883 32.951513 1
run_shifts.sh 20240628 008 14.104439 50.260533 1
run_shifts.sh 20240628 009 20.086589 58.109629 0
run_shifts.sh 20240628 010 16.317988 33.695588 1
run_shifts.sh 20240629 006 12.22883 32.951513 1
run_shifts.sh 20240629 007 12.22883 32.951513 1
run_shifts.sh 20240629 008 14.104439 50.260533 1
run_shifts.sh 20240629 009 14.100231 48.987889 1
run_shifts.sh 20240629 010 14.444122 49.075547 1
run_shifts.sh 20240629 011 14.770742 49.886858 1
run_shifts.sh 20240629 012 15.181833 49.064519 1
run_shifts.sh 20240629 013 15.633086 49.864917 1
run_shifts.sh 20240630 011 12.949906 22.10044 1
run_shifts.sh 20240630 013 18.936771 41.568313 0
run_shifts.sh 20240630 014 14.044667 48.829406 1
run_shifts.sh 20240630 015 14.435828 48.810053 1
run_shifts.sh 20240630 016 14.978933 48.911703 1
run_shifts.sh 20240630 017 16.317988 33.695588 1
run_shifts.sh 20240630 018 22.241179 13.874799 0
run_shifts.sh 20240630 019 21.665144 1.293006 0
run_shifts.sh 20240630 020 23.64716 26.994118 0
run_shifts.sh 20240630 021 18.937567 41.584431 1
run_shifts.sh 20240630 022 19.363091 38.531658 1
