run_shifts.sh 20240301 008 8.808261 13.09764 0
run_shifts.sh 20240301 009 4.916104 19.496447 1
run_shifts.sh 20240301 010 11.085689 47.38315 0
run_shifts.sh 20240301 011 11.141611 47.315117 0
run_shifts.sh 20240301 012 10.846722 6.797268 0
run_shifts.sh 20240301 013 12.394273 26.970096 0
run_shifts.sh 20240301 014 12.265957 13.079405 0
run_shifts.sh 20240301 015 12.267103 13.101609 0
run_shifts.sh 20240301 016 8.855688 11.778965 1
run_shifts.sh 20240301 017 8.822003 20.23908 1
run_shifts.sh 20240301 018 10.847549 -2.18405 1
run_shifts.sh 20240301 019 14.606355 57.550405 0
run_shifts.sh 20240301 020 15.695148 43.70814 0
run_shifts.sh 20240301 021 15.987084 47.540426 0
run_shifts.sh 20240301 022 17.254911 4.957173 0
run_shifts.sh 20240301 023 18.935836 42.665315 0
run_shifts.sh 20240302 008 4.180268 8.778313 1
run_shifts.sh 20240302 009 8.97631 5.055411 0
run_shifts.sh 20240302 010 11.0961 47.127519 0
run_shifts.sh 20240302 011 11.326594 47.286128 0
run_shifts.sh 20240302 012 6.991618 19.354098 1
run_shifts.sh 20240302 013 13.265496 43.471187 0
run_shifts.sh 20240302 014 8.857754 11.853111 1
run_shifts.sh 20240302 015 13.966627 31.688289 0
run_shifts.sh 20240302 016 14.492532 39.779254 0
run_shifts.sh 20240302 017 13.689241 2.416756 0
run_shifts.sh 20240302 018 14.585311 57.430937 0
run_shifts.sh 20240302 019 11.795397 0.804431 1
run_shifts.sh 20240302 020 11.68017 11.455853 1
run_shifts.sh 20240302 021 12.363969 16.988256 1
run_shifts.sh 20240302 022 12.627396 41.961066 1
run_shifts.sh 20240303 011 7.061728 71.755466 0
run_shifts.sh 20240303 012 11.05498 35.927038 0
run_shifts.sh 20240303 013 5.881865 39.204245 1
run_shifts.sh 20240303 015 12.104185 12.50326 0
run_shifts.sh 20240303 017 13.753386 49.946325 0
run_shifts.sh 20240303 018 13.367878 57.146052 0
run_shifts.sh 20240303 019 12.187889 58.387625 1
run_shifts.sh 20240303 020 12.668831 54.198529 1
run_shifts.sh 20240304 011 3.912808 24.281135 1
run_shifts.sh 20240304 012 9.000158 5.192159 0
run_shifts.sh 20240304 013 11.106411 46.871631 0
run_shifts.sh 20240304 014 11.363331 46.976897 0
run_shifts.sh 20240304 015 11.981072 50.020772 0
run_shifts.sh 20240304 016 12.365061 55.401228 0
run_shifts.sh 20240304 017 12.437403 24.167455 0
run_shifts.sh 20240304 018 12.668214 54.178944 0
run_shifts.sh 20240304 019 13.725844 53.196161 0
run_shifts.sh 20240304 020 10.023508 2.193775 1
run_shifts.sh 20240304 021 14.326619 52.871139 0
run_shifts.sh 20240304 022 14.902385 57.156481 0
run_shifts.sh 20240304 023 10.949213 56.638182 1
run_shifts.sh 20240304 024 10.949213 56.638182 1
run_shifts.sh 20240304 025 15.987084 47.540426 0
run_shifts.sh 20240304 026 11.380763 56.515858 1
run_shifts.sh 20240304 027 13.939998 66.942044 0
run_shifts.sh 20240304 028 12.104677 12.516255 1
run_shifts.sh 20240304 029 12.394712 26.99134 1
run_shifts.sh 20240304 030 13.292526 52.216435 1
run_shifts.sh 20240304 031 13.255722 29.996702 1
run_shifts.sh 20240304 032 13.419089 38.933302 1
run_shifts.sh 20240305 008 3.920689 9.851969 1
run_shifts.sh 20240305 009 9.456765 39.41781 0
run_shifts.sh 20240305 010 7.061728 71.755466 0
run_shifts.sh 20240305 011 5.566939 11.351564 1
run_shifts.sh 20240305 012 11.045839 49.617369 0
run_shifts.sh 20240305 013 11.104264 49.554961 0
run_shifts.sh 20240305 014 11.403778 49.614031 0
run_shifts.sh 20240305 015 11.858572 49.604503 0
run_shifts.sh 20240305 016 11.987094 49.749911 0
run_shifts.sh 20240305 019 12.336462 14.270713 0
run_shifts.sh 20240305 020 13.753386 49.946325 0
run_shifts.sh 20240305 021 10.022081 2.432292 1
run_shifts.sh 20240305 022 14.325917 52.884833 0
run_shifts.sh 20240305 023 15.444297 49.149631 0
run_shifts.sh 20240305 024 15.764533 49.091769 0
run_shifts.sh 20240305 025 11.055481 35.949133 1
run_shifts.sh 20240305 026 12.373185 42.836671 1
run_shifts.sh 20240305 027 13.272094 55.846608 1
run_shifts.sh 20240305 028 14.030477 58.874447 1
run_shifts.sh 20240305 029 14.261231 58.758176 1
run_shifts.sh 20240306 006 3.920689 9.851969 1
run_shifts.sh 20240306 007 3.777553 24.040774 1
run_shifts.sh 20240306 008 8.861894 11.789221 0
run_shifts.sh 20240306 009 7.061728 71.755466 0
run_shifts.sh 20240306 010 9.877946 57.905595 0
run_shifts.sh 20240306 011 5.407002 17.394616 1
run_shifts.sh 20240306 012 11.064033 49.842383 0
run_shifts.sh 20240306 013 12.336462 14.270713 0
run_shifts.sh 20240306 014 12.626078 55.935156 0
run_shifts.sh 20240306 015 13.757889 50.218831 0
run_shifts.sh 20240306 016 10.023367 2.436069 1
run_shifts.sh 20240306 017 14.328022 52.876917 0
run_shifts.sh 20240306 018 15.511175 50.847844 0
run_shifts.sh 20240307 008 3.777553 24.040774 1
run_shifts.sh 20240307 009 5.274768 6.480408 1
run_shifts.sh 20240307 012 11.134548 55.889048 0
run_shifts.sh 20240308 006 3.777553 24.040774 1
run_shifts.sh 20240308 007 4.240774 27.896901 1
run_shifts.sh 20240308 008 6.7163 -2.883304 1
run_shifts.sh 20240308 009 10.688612 23.950924 0
run_shifts.sh 20240308 010 11.064033 49.842383 0
run_shifts.sh 20240308 011 11.501517 49.927861 0
run_shifts.sh 20240308 012 13.242815 43.621024 0
run_shifts.sh 20240308 013 12.287293 7.151532 0
run_shifts.sh 20240308 014 12.672935 58.035185 0
run_shifts.sh 20240308 015 8.861468 11.867002 1
run_shifts.sh 20240308 016 13.816264 53.483461 0
run_shifts.sh 20240308 017 15.012739 49.672681 0
run_shifts.sh 20240308 018 15.487144 49.394228 0
run_shifts.sh 20240308 020 11.729717 50.431006 1
run_shifts.sh 20240308 021 11.998939 49.207817 1
run_shifts.sh 20240308 022 12.95129 54.092905 1
run_shifts.sh 20240308 023 13.235275 43.650636 1
run_shifts.sh 20240309 011 4.305972 17.432401 1
run_shifts.sh 20240309 012 8.670967 2.338744 0
run_shifts.sh 20240309 013 5.100942 52.836932 1
run_shifts.sh 20240310 011 4.49192 26.682679 1
run_shifts.sh 20240310 012 5.407002 17.394616 1
run_shifts.sh 20240310 013 12.004767 48.936578 0
run_shifts.sh 20240310 014 12.287293 7.151532 0
run_shifts.sh 20240310 015 10.022597 2.443819 1
run_shifts.sh 20240310 016 14.492532 39.779254 0
run_shifts.sh 20240310 017 15.991423 47.607381 0
run_shifts.sh 20240310 018 16.098756 47.362475 0
run_shifts.sh 20240310 019 11.556353 53.290008 1
run_shifts.sh 20240310 020 11.561617 52.287881 1
run_shifts.sh 20240310 021 17.70498 18.447838 0
run_shifts.sh 20240310 022 13.721244 52.923439 1
run_shifts.sh 20240310 023 16.374977 -4.247679 1
run_shifts.sh 20240311 011 8.670967 2.338744 0
run_shifts.sh 20240311 013 10.489774 45.06628 0
run_shifts.sh 20240311 014 11.067881 49.107414 0
run_shifts.sh 20240311 015 11.632889 49.157631 0
run_shifts.sh 20240311 016 11.993047 49.478925 0
run_shifts.sh 20240311 017 11.847833 57.644209 0
run_shifts.sh 20240311 018 13.762444 50.491253 0
run_shifts.sh 20240311 019 8.853227 11.889061 1
run_shifts.sh 20240311 020 8.85445 11.815078 1
run_shifts.sh 20240311 021 14.327392 52.889556 0
run_shifts.sh 20240311 022 15.286775 50.561636 0
run_shifts.sh 20240311 023 15.632408 50.350742 0
run_shifts.sh 20240311 024 16.081411 50.554961 0
run_shifts.sh 20240311 025 16.111158 50.522689 0
run_shifts.sh 20240311 026 11.926104 23.440765 1
run_shifts.sh 20240311 027 12.004767 48.936578 1
run_shifts.sh 20240311 029 13.721244 52.923439 1
run_shifts.sh 20240311 030 18.454688 27.199247 0
run_shifts.sh 20240311 031 16.673487 67.599278 0
run_shifts.sh 20240312 006 5.102281 52.861865 1
run_shifts.sh 20240312 007 7.492258 69.201708 0
run_shifts.sh 20240312 008 7.492193 69.187822 0
run_shifts.sh 20240312 009 11.182744 52.395839 0
run_shifts.sh 20240312 010 11.534456 53.083528 0
run_shifts.sh 20240312 011 12.483693 41.720504 0
run_shifts.sh 20240312 012 15.506546 55.18638 0
run_shifts.sh 20240312 013 15.937106 51.6604 0
run_shifts.sh 20240312 014 15.984464 51.8658 0
run_shifts.sh 20240312 015 11.758664 50.361472 1
run_shifts.sh 20240312 016 11.964986 49.560897 1
run_shifts.sh 20240312 017 12.484491 41.736618 1
run_shifts.sh 20240312 018 13.791036 53.660661 1
run_shifts.sh 20240312 019 18.712505 59.632275 0
run_shifts.sh 20240313 007 5.099608 52.811976 1
run_shifts.sh 20240313 008 7.489588 69.188129 0
run_shifts.sh 20240313 009 7.489653 69.202014 0
run_shifts.sh 20240313 010 11.088921 43.51949 0
run_shifts.sh 20240313 011 11.398644 52.826614 0
run_shifts.sh 20240313 012 11.534456 53.083528 0
run_shifts.sh 20240313 013 8.671264 2.363667 1
run_shifts.sh 20240313 015 13.781328 50.04135 0
run_shifts.sh 20240313 016 10.022597 2.443819 1
run_shifts.sh 20240313 017 14.549356 49.036008 0
run_shifts.sh 20240313 018 14.932119 49.107414 0
run_shifts.sh 20240313 020 11.242931 53.055172 1
run_shifts.sh 20240313 021 11.367628 52.875961 1
run_shifts.sh 20240313 022 11.86525 49.334794 1
run_shifts.sh 20240313 023 11.982978 48.748014 1
run_shifts.sh 20240313 024 12.733701 32.268522 1
run_shifts.sh 20240313 025 12.734787 32.270259 1
run_shifts.sh 20240313 026 17.962411 4.758222 0
run_shifts.sh 20240314 011 5.100942 52.836932 1
run_shifts.sh 20240314 012 11.088921 43.51949 0
run_shifts.sh 20240314 013 10.846722 6.797268 0
run_shifts.sh 20240314 014 12.394273 26.970096 0
run_shifts.sh 20240314 015 8.671264 2.364361 1
run_shifts.sh 20240314 016 13.799822 49.590289 0
run_shifts.sh 20240314 017 13.878314 49.591961 0
run_shifts.sh 20240314 018 14.326486 52.871139 0
run_shifts.sh 20240314 019 15.401872 48.901986 0
run_shifts.sh 20240314 020 15.778567 48.841906 0
run_shifts.sh 20240314 021 16.131839 49.52185 0
run_shifts.sh 20240314 022 11.873597 50.067792 1
run_shifts.sh 20240314 023 11.977044 49.019106 1
run_shifts.sh 20240314 024 12.222233 51.321536 1
run_shifts.sh 20240314 025 13.785975 53.388769 1
run_shifts.sh 20240314 026 13.7463 52.748711 1
run_shifts.sh 20240315 008 5.096771 52.886007 1
run_shifts.sh 20240315 009 7.492258 69.201708 0
run_shifts.sh 20240315 010 7.492193 69.187822 0
run_shifts.sh 20240315 011 11.088921 43.51949 0
run_shifts.sh 20240315 012 13.418566 38.911234 0
run_shifts.sh 20240315 013 12.236762 0.619411 0
run_shifts.sh 20240315 014 14.32585 52.883806 0
run_shifts.sh 20240315 015 15.299889 50.807764 0
run_shifts.sh 20240315 016 15.721753 50.324739 0
run_shifts.sh 20240315 017 15.991252 25.910605 0
run_shifts.sh 20240315 018 11.387717 52.351356 1
run_shifts.sh 20240315 019 11.893333 49.258067 1
run_shifts.sh 20240315 020 18.587659 32.703246 0
run_shifts.sh 20240315 021 18.566627 47.472931 0
run_shifts.sh 20240320 008 14.40529 56.135169 0
run_shifts.sh 20240320 009 15.991252 25.910605 0
run_shifts.sh 20240320 010 17.299443 25.395692 0
run_shifts.sh 20240321 001 12.75254 -0.502828 0
run_shifts.sh 20240321 002 10.847002 6.812423 1
run_shifts.sh 20240321 003 15.991252 25.910605 0
run_shifts.sh 20240321 004 15.636592 57.889191 0
run_shifts.sh 20240321 005 17.299443 25.395692 0
run_shifts.sh 20240321 006 12.734923 32.256477 1
run_shifts.sh 20240321 007 12.733837 32.254735 1
run_shifts.sh 20240321 008 13.398943 36.149437 1
run_shifts.sh 20240321 009 16.259714 -8.369714 1
run_shifts.sh 20240321 010 16.673487 67.599278 0
run_shifts.sh 20240321 011 19.443486 15.9944 0
run_shifts.sh 20240322 007 9.838217 57.098983 0
run_shifts.sh 20240322 008 6.020924 59.596987 1
run_shifts.sh 20240322 009 11.325118 46.682355 0
run_shifts.sh 20240322 010 11.463686 52.554974 0
run_shifts.sh 20240322 011 9.666915 -10.97266 1
run_shifts.sh 20240322 012 13.52908 29.26575 0
run_shifts.sh 20240322 013 9.095996 55.311732 1
run_shifts.sh 20240322 014 9.39981 55.489647 1
run_shifts.sh 20240322 015 9.878555 57.923159 1
run_shifts.sh 20240322 016 14.61544 58.334727 0
run_shifts.sh 20240322 017 15.048514 56.358726 0
run_shifts.sh 20240322 018 15.541906 55.570029 0
run_shifts.sh 20240322 019 15.991252 25.910605 0
run_shifts.sh 20240322 020 12.750177 -0.490008 1
run_shifts.sh 20240322 021 14.454847 -7.543099 1
run_shifts.sh 20240322 022 16.299324 -0.013346 0
run_shifts.sh 20240322 023 13.419089 38.933302 1
run_shifts.sh 20240322 024 18.804373 7.685224 0
run_shifts.sh 20240323 006 5.703211 12.489453 1
run_shifts.sh 20240323 007 11.85157 35.262959 0
run_shifts.sh 20240323 008 12.104184 12.50326 0
run_shifts.sh 20240323 009 13.52908 29.265748 0
run_shifts.sh 20240323 010 9.095996 55.311732 1
run_shifts.sh 20240323 011 9.805194 51.252692 1
run_shifts.sh 20240323 012 10.398366 43.899936 1
run_shifts.sh 20240323 013 11.135166 55.907836 1
run_shifts.sh 20240323 014 12.104677 12.516255 1
run_shifts.sh 20240323 015 17.12528 64.619083 0
run_shifts.sh 20240324 011 19.632721 33.882997 0
run_shifts.sh 20240326 001 15.991423 47.607381 0
run_shifts.sh 20240326 002 16.10861 40.898872 0
run_shifts.sh 20240326 003 15.991252 25.910605 0
run_shifts.sh 20240326 004 16.774792 34.571796 0
run_shifts.sh 20240326 005 11.852066 35.28496 1
run_shifts.sh 20240326 006 17.12528 64.619083 0
run_shifts.sh 20240326 007 13.419088 38.933302 1
run_shifts.sh 20240326 008 19.362327 38.51549 0
run_shifts.sh 20240326 009 19.700968 25.892589 0
run_shifts.sh 20240326 010 20.13574 41.933283 0
run_shifts.sh 20240327 005 6.020924 59.596978 1
run_shifts.sh 20240327 006 11.171957 28.772058 0
run_shifts.sh 20240327 007 6.99162 19.354077 1
run_shifts.sh 20240327 008 7.291428 31.490514 1
run_shifts.sh 20240327 009 8.689845 59.491688 1
run_shifts.sh 20240327 010 9.001217 13.282828 1
run_shifts.sh 20240327 011 9.061982 34.813131 1
run_shifts.sh 20240327 012 10.326365 19.880982 1
run_shifts.sh 20240327 013 15.991252 25.910605 0
run_shifts.sh 20240327 014 11.089735 43.535527 1
run_shifts.sh 20240327 015 11.852066 35.28496 1
run_shifts.sh 20240327 016 17.12528 64.619083 0
run_shifts.sh 20240327 017 16.673486 67.599287 0
run_shifts.sh 20240327 018 14.606967 57.568214 1
run_shifts.sh 20240327 019 19.632721 33.882997 0
run_shifts.sh 20240327 020 18.233381 64.390507 0
run_shifts.sh 20240327 021 19.921256 21.998057 0
run_shifts.sh 20240328 006 11.110636 48.084683 0
run_shifts.sh 20240328 007 11.298864 47.331867 0
run_shifts.sh 20240328 008 11.663942 48.089653 0
run_shifts.sh 20240328 009 11.751692 57.791046 0
run_shifts.sh 20240328 010 12.104184 12.50326 0
run_shifts.sh 20240328 011 13.418566 38.911233 0
run_shifts.sh 20240328 012 8.856033 11.811079 1
run_shifts.sh 20240328 013 14.159178 50.037013 0
run_shifts.sh 20240328 014 9.952139 57.924283 1
run_shifts.sh 20240328 015 10.040705 55.583235 1
run_shifts.sh 20240328 016 10.30332 56.1162 1
run_shifts.sh 20240328 017 10.402162 48.254802 1
run_shifts.sh 20240328 018 12.751831 -0.502562 1
run_shifts.sh 20240328 019 15.573483 -0.179186 0
run_shifts.sh 20240328 020 12.22883 32.951513 1
run_shifts.sh 20240328 021 12.22883 32.951513 1
run_shifts.sh 20240328 022 17.96241 4.758473 0
run_shifts.sh 20240328 023 19.503619 30.458801 0
run_shifts.sh 20240328 024 19.807543 30.819876 0
run_shifts.sh 20240328 025 20.060342 29.883091 0
run_shifts.sh 20240329 006 11.078733 48.852089 0
run_shifts.sh 20240329 007 11.316594 50.495261 0
run_shifts.sh 20240329 008 11.921667 23.404917 0
run_shifts.sh 20240329 009 13.418566 38.911233 0
run_shifts.sh 20240329 010 8.536888 37.112401 1
run_shifts.sh 20240329 011 14.492531 39.779253 0
run_shifts.sh 20240329 012 9.510808 52.798738 1
run_shifts.sh 20240329 013 14.798423 57.333109 0
run_shifts.sh 20240329 014 10.402162 48.254802 1
run_shifts.sh 20240329 015 11.142372 52.635741 1
run_shifts.sh 20240329 016 11.158391 51.539968 1
run_shifts.sh 20240329 017 11.253841 39.366792 1
run_shifts.sh 20240329 018 17.859803 24.418205 0
run_shifts.sh 20240329 019 13.419088 38.933302 1
run_shifts.sh 20240330 006 11.182744 52.395839 0
run_shifts.sh 20240330 007 11.357019 52.400031 0
run_shifts.sh 20240330 008 11.964986 49.560897 0
run_shifts.sh 20240330 009 8.671292 2.363083 1
run_shifts.sh 20240330 010 8.671219 2.363861 1
run_shifts.sh 20240330 011 13.691738 26.381838 0
run_shifts.sh 20240330 012 13.89641 21.316989 0
run_shifts.sh 20240330 013 13.897246 21.34222 0
run_shifts.sh 20240330 014 9.303242 51.662709 1
run_shifts.sh 20240330 015 9.840019 51.506359 1
run_shifts.sh 20240330 016 11.5053 0.930236 1
run_shifts.sh 20240330 017 10.498642 45.182904 1
run_shifts.sh 20240330 018 10.503254 45.144664 1
run_shifts.sh 20240330 019 10.50273 45.117495 1
run_shifts.sh 20240330 020 10.513352 31.028752 1
run_shifts.sh 20240330 022 14.113464 28.45877 1
run_shifts.sh 20240330 023 14.113914 28.431605 1
run_shifts.sh 20240330 024 18.587929 64.520556 0
run_shifts.sh 20240331 010 11.468264 48.508592 0
run_shifts.sh 20240331 012 11.580506 48.278533 0
run_shifts.sh 20240331 013 11.921328 49.179867 0
run_shifts.sh 20240331 015 8.536902 37.112456 1
run_shifts.sh 20240331 016 8.536888 37.112401 1
