run_shifts.sh 20231103 010 20.030977 14.985092 1
run_shifts.sh 20231103 012 23.107426 12.705161 1
run_shifts.sh 20231103 013 22.883398 50.803026 1
run_shifts.sh 20231103 014 4.863157 43.566362 0
run_shifts.sh 20231103 017 6.123541 14.792537 0
run_shifts.sh 20231103 018 6.852603 12.442966 0
run_shifts.sh 20231103 020 7.456356 5.197104 0
run_shifts.sh 20231103 021 8.639538 20.097284 0
run_shifts.sh 20231103 022 3.736383 23.390402 1
run_shifts.sh 20231103 023 3.93169 47.852966 1
run_shifts.sh 20231103 024 9.809891 46.008968 0
run_shifts.sh 20231103 025 4.916103 19.49645 1
run_shifts.sh 20231103 026 10.328293 19.460938 0
run_shifts.sh 20231103 027 11.054988 35.927798 0
run_shifts.sh 20231104 006 0.341632 33.071973 0
run_shifts.sh 20231104 007 19.561372 39.534999 1
run_shifts.sh 20231104 008 20.041329 47.088767 1
run_shifts.sh 20231104 011 0.950183 1.407003 0
run_shifts.sh 20231104 012 1.406073 3.731736 0
run_shifts.sh 20231104 014 1.699839 1.525389 0
run_shifts.sh 20231104 015 1.799456 1.2578 0
run_shifts.sh 20231104 016 3.736735 24.769614 0
run_shifts.sh 20231104 017 23.339456 17.189427 1
run_shifts.sh 20231104 018 2.155047 71.547381 0
run_shifts.sh 20231104 019 1.442884 0.587203 1
run_shifts.sh 20231104 020 1.630881 7.990516 1
run_shifts.sh 20231104 021 2.874828 63.411883 1
run_shifts.sh 20231104 022 2.275109 13.593184 1
run_shifts.sh 20231104 023 2.884965 16.867172 1
run_shifts.sh 20231104 024 3.681823 12.581527 1
run_shifts.sh 20231104 025 3.733435 23.555026 1
run_shifts.sh 20231104 026 4.242292 23.586032 1
run_shifts.sh 20231104 027 6.870701 -5.1707 1
run_shifts.sh 20231104 028 10.275738 27.853801 0
run_shifts.sh 20231104 029 10.328292 19.460922 0
run_shifts.sh 20231104 030 11.054984 35.927435 0
run_shifts.sh 20231105 007 18.918993 40.829569 1
run_shifts.sh 20231105 008 22.102201 -7.390194 1
run_shifts.sh 20231105 009 19.69907 38.672607 1
run_shifts.sh 20231105 010 20.136539 41.94938 1
run_shifts.sh 20231105 011 1.409087 3.76578 0
run_shifts.sh 20231105 012 1.533292 -0.694214 0
run_shifts.sh 20231105 013 1.983494 -0.832142 0
run_shifts.sh 20231105 014 0.683486 -1.942706 1
run_shifts.sh 20231105 015 4.013065 18.185487 0
run_shifts.sh 20231105 016 5.275525 20.249362 0
run_shifts.sh 20231105 017 5.426017 8.437512 0
run_shifts.sh 20231105 018 6.27348 12.266406 0
run_shifts.sh 20231105 019 5.79066 0.582949 0
run_shifts.sh 20231105 020 5.578706 -5.788807 1
run_shifts.sh 20231105 021 8.315476 23.556114 0
run_shifts.sh 20231105 022 3.804881 25.058956 1
run_shifts.sh 20231105 023 4.865565 9.88284 1
run_shifts.sh 20231105 024 9.5936 35.797614 0
run_shifts.sh 20231105 025 10.141011 51.85107 0
run_shifts.sh 20231105 026 11.08896 43.519396 0
run_shifts.sh 20231106 007 18.581071 32.677783 1
run_shifts.sh 20231106 008 18.944068 47.666355 1
run_shifts.sh 20231106 009 19.441987 48.721257 1
run_shifts.sh 20231106 010 20.493819 7.098604 1
run_shifts.sh 20231106 011 21.535862 0.224556 1
run_shifts.sh 20231106 012 21.535862 0.224556 1
run_shifts.sh 20231106 013 20.136539 41.94938 1
run_shifts.sh 20231106 014 1.056772 62.357723 0
run_shifts.sh 20231106 015 22.152027 55.734693 1
run_shifts.sh 20231106 016 22.467501 24.947045 1
run_shifts.sh 20231106 017 0.7501 -1.943739 1
run_shifts.sh 20231106 018 1.333492 -1.803569 1
run_shifts.sh 20231106 019 1.816628 -1.937536 1
run_shifts.sh 20231106 020 5.085186 52.789965 0
run_shifts.sh 20231106 021 1.206327 15.538475 1
run_shifts.sh 20231106 022 5.79066 0.582949 0
run_shifts.sh 20231106 023 5.578706 -5.788807 1
run_shifts.sh 20231106 024 3.119136 40.154981 1
run_shifts.sh 20231106 025 3.745502 24.242307 1
run_shifts.sh 20231106 026 4.242292 23.586032 1
run_shifts.sh 20231106 027 6.870701 -5.1707 1
run_shifts.sh 20231106 028 4.916103 19.49645 1
run_shifts.sh 20231106 029 10.408134 47.598822 0
run_shifts.sh 20231106 030 11.08896 43.519396 0
run_shifts.sh 20231107 006 0.680331 40.171582 0
run_shifts.sh 20231107 007 19.648283 40.164203 1
run_shifts.sh 20231107 008 21.535862 0.224556 1
run_shifts.sh 20231107 009 20.136539 41.94938 1
run_shifts.sh 20231107 010 0.616825 -1.386358 0
run_shifts.sh 20231107 011 0.783394 -1.388467 0
run_shifts.sh 20231107 012 1.216767 -1.384775 0
run_shifts.sh 20231107 013 1.616536 -1.387939 0
run_shifts.sh 20231107 014 2.016819 -1.387517 0
run_shifts.sh 20231107 015 0.683486 -1.942706 1
run_shifts.sh 20231107 016 1.450061 -1.944036 1
run_shifts.sh 20231107 017 1.883433 -1.938867 1
run_shifts.sh 20231107 018 2.050131 -2.221042 1
run_shifts.sh 20231107 019 5.007376 -0.879657 0
run_shifts.sh 20231107 020 5.007019 -0.866899 0
run_shifts.sh 20231107 021 5.008231 -0.874325 0
run_shifts.sh 20231107 022 5.007874 -0.861559 0
run_shifts.sh 20231107 023 2.181693 12.549488 1
run_shifts.sh 20231107 024 7.066162 52.684401 0
run_shifts.sh 20231107 025 3.292136 7.700067 1
run_shifts.sh 20231107 026 5.578706 -5.788807 1
run_shifts.sh 20231107 027 3.920688 9.851969 1
run_shifts.sh 20231107 028 3.836735 24.544041 1
run_shifts.sh 20231107 029 4.242292 23.586032 1
run_shifts.sh 20231107 030 9.5936 35.797614 0
run_shifts.sh 20231107 031 10.013222 31.91909 0
run_shifts.sh 20231107 032 10.325979 19.861062 0
run_shifts.sh 20231107 033 11.054984 35.927495 0
run_shifts.sh 20231107 034 11.08896 43.519396 0
run_shifts.sh 20231108 006 18.939733 45.525445 1
run_shifts.sh 20231108 007 19.456313 48.962477 1
run_shifts.sh 20231108 008 19.647854 41.976855 1
run_shifts.sh 20231108 009 20.041329 47.088767 1
run_shifts.sh 20231108 010 1.099878 2.355292 0
run_shifts.sh 20231108 011 1.410324 3.744831 0
run_shifts.sh 20231108 012 1.749861 1.94005 0
run_shifts.sh 20231108 013 1.784025 1.391944 0
run_shifts.sh 20231108 014 2.000158 -2.358792 0
run_shifts.sh 20231108 015 0.683486 -1.109975 1
run_shifts.sh 20231108 016 1.049842 -1.109047 1
run_shifts.sh 20231108 017 1.549939 -1.110733 1
run_shifts.sh 20231108 018 1.966828 -1.525389 1
run_shifts.sh 20231108 019 4.102944 -3.220154 0
run_shifts.sh 20231108 020 4.10275 -3.206678 0
run_shifts.sh 20231108 021 4.103851 -3.21729 0
run_shifts.sh 20231108 022 4.103657 -3.203795 0
run_shifts.sh 20231108 023 5.729324 3.341992 0
run_shifts.sh 20231108 024 6.897036 12.866909 0
run_shifts.sh 20231108 025 5.578706 -5.788807 1
run_shifts.sh 20231108 026 3.920688 9.851969 1
run_shifts.sh 20231108 027 3.833484 25.409925 1
run_shifts.sh 20231108 028 4.865565 9.88284 1
run_shifts.sh 20231108 029 4.916103 19.49645 1
run_shifts.sh 20231108 030 10.328292 19.460922 0
run_shifts.sh 20231108 031 11.08896 43.519396 0
run_shifts.sh 20231108 036 15 40 0
run_shifts.sh 20231115 011 23.339456 17.189427 1
run_shifts.sh 20231115 012 1.016506 -0.832142 1
run_shifts.sh 20231115 013 1.383464 -0.832711 1
run_shifts.sh 20231115 014 1.407571 3.750891 1
run_shifts.sh 20231115 015 5.869689 15.912696 0
run_shifts.sh 20231115 016 6.020335 59.580853 0
run_shifts.sh 20231115 017 7.926668 31.887191 0
run_shifts.sh 20231115 018 8.315476 23.556113 0
run_shifts.sh 20231115 019 4.264747 59.772995 1
run_shifts.sh 20231115 020 4.659932 9.793311 1
run_shifts.sh 20231115 021 4.659932 9.793311 1
run_shifts.sh 20231115 022 4.660657 9.802177 1
run_shifts.sh 20231115 023 4.66053 9.782607 1
run_shifts.sh 20231115 024 4.661255 9.791474 1
run_shifts.sh 20231115 025 5.88726 3.836351 1
run_shifts.sh 20231115 026 10.987261 49.672681 0
run_shifts.sh 20231115 027 11.325115 46.68241 0
run_shifts.sh 20231116 010 20.463776 31.923859 1
run_shifts.sh 20231116 011 1.411137 3.717839 0
run_shifts.sh 20231116 012 2.050131 -1.943297 1
run_shifts.sh 20231116 013 5.111341 2.906723 0
run_shifts.sh 20231116 014 5.110829 2.918262 0
run_shifts.sh 20231116 015 5.112114 2.914381 0
run_shifts.sh 20231116 016 5.111602 2.925923 0
run_shifts.sh 20231116 017 5.729324 3.341992 0
run_shifts.sh 20231116 018 4.807884 -10.938604 1
run_shifts.sh 20231116 019 8.116046 48.721099 0
run_shifts.sh 20231116 020 8.286929 34.607787 0
run_shifts.sh 20231116 021 3.921285 9.751026 1
run_shifts.sh 20231116 022 8.543907 37.138102 0
run_shifts.sh 20231116 023 8.543921 37.138158 0
run_shifts.sh 20231118 010 20.489848 7.079367 1
run_shifts.sh 20231119 008 20.489848 7.079367 1
run_shifts.sh 20231119 009 21.804395 -2.113054 1
run_shifts.sh 20231119 010 23.079589 -8.727555 1
run_shifts.sh 20231119 011 21.355753 19.116123 1
run_shifts.sh 20231119 012 2.604366 6.875867 0
run_shifts.sh 20231119 013 3.834239 24.117519 0
run_shifts.sh 20231119 014 4.217757 15.243132 0
run_shifts.sh 20231119 015 1.116567 1.384775 1
run_shifts.sh 20231119 016 1.5 1.527475 1
run_shifts.sh 20231119 017 1.766544 1.800894 1
run_shifts.sh 20231119 018 6.020335 59.58085 0
run_shifts.sh 20231119 019 7.065887 52.686499 0
run_shifts.sh 20231119 020 3.823828 -0.240886 1
run_shifts.sh 20231119 021 3.82426 -0.228552 1
run_shifts.sh 20231119 022 3.824647 -0.247353 1
run_shifts.sh 20231119 023 3.825079 -0.235026 1
run_shifts.sh 20231119 024 7.969159 17.906769 0
run_shifts.sh 20231119 025 7.968314 17.913645 0
run_shifts.sh 20231119 026 7.969643 17.918818 0
run_shifts.sh 20231119 027 7.968797 17.925692 0
run_shifts.sh 20231119 028 4.264747 59.772995 1
run_shifts.sh 20231119 029 4.821641 7.98349 1
run_shifts.sh 20231119 030 4.822328 7.992953 1
run_shifts.sh 20231119 031 4.822277 7.973307 1
run_shifts.sh 20231119 032 4.822963 7.982771 1
run_shifts.sh 20231119 033 5.726078 3.359573 1
run_shifts.sh 20231119 034 11.054636 46.202467 0
run_shifts.sh 20231119 035 9.992978 2.27 0
run_shifts.sh 20231119 036 11.848341 48.359542 0
run_shifts.sh 20231120 007 20.489848 7.079367 1
run_shifts.sh 20231120 008 23.58598 -2.392866 0
run_shifts.sh 20231120 009 20.136539 41.94938 1
run_shifts.sh 20231120 010 1.410557 3.749689 0
run_shifts.sh 20231120 011 23.586164 -2.387885 1
run_shifts.sh 20231120 012 3.71702 24.659984 0
run_shifts.sh 20231120 013 4.013065 18.185487 0
run_shifts.sh 20231120 014 4.241877 23.565338 0
run_shifts.sh 20231120 015 1.141986 -0.278273 1
run_shifts.sh 20231120 016 4.198392 -1.876504 0
run_shifts.sh 20231120 017 4.198093 -1.863429 0
run_shifts.sh 20231120 018 4.199269 -1.872042 0
run_shifts.sh 20231120 019 4.233938 -3.439875 0
run_shifts.sh 20231120 020 4.235019 -3.450925 0
run_shifts.sh 20231120 021 4.23485 -3.437367 0
run_shifts.sh 20231120 022 4.834012 -2.930812 0
run_shifts.sh 20231120 023 2.604649 6.891078 1
run_shifts.sh 20231120 024 3.806619 0.530902 1
run_shifts.sh 20231120 025 3.807085 0.54295 1
run_shifts.sh 20231120 026 3.807419 0.523927 1
run_shifts.sh 20231120 027 3.807885 0.53597 1
run_shifts.sh 20231120 028 8.315476 23.556113 0
run_shifts.sh 20231121 010 20.489848 7.079367 1
run_shifts.sh 20231121 011 20.002007 30.976151 1
run_shifts.sh 20231121 012 1.419982 3.576127 0
run_shifts.sh 20231121 013 2.332577 59.313898 0
run_shifts.sh 20231121 014 3.733019 23.534337 0
run_shifts.sh 20231121 015 3.842471 24.498019 0
run_shifts.sh 20231121 016 1.569725 -8.733639 1
run_shifts.sh 20231121 017 1.141986 -0.278273 1
run_shifts.sh 20231121 018 3.00681 -7.291696 1
run_shifts.sh 20231121 019 5.426017 8.437512 0
run_shifts.sh 20231121 020 4.834232 -2.94421 0
run_shifts.sh 20231121 021 4.835133 -2.940954 0
run_shifts.sh 20231121 022 4.834913 -2.927538 0
run_shifts.sh 20231121 023 4.67274 -5.496929 1
run_shifts.sh 20231121 024 4.200328 -1.820748 1
run_shifts.sh 20231121 025 4.834782 -2.908076 1
run_shifts.sh 20231121 026 4.835669 -2.912086 1
run_shifts.sh 20231122 010 21.535862 0.224556 1
run_shifts.sh 20231122 011 21.537482 0.21102 1
run_shifts.sh 20231122 012 1.726122 19.250003 0
run_shifts.sh 20231122 013 1.419926 3.572097 0
run_shifts.sh 20231122 014 22.152027 55.734693 1
run_shifts.sh 20231122 015 3.726424 24.387519 0
run_shifts.sh 20231122 016 3.768976 23.330419 0
run_shifts.sh 20231122 017 4.217757 15.243132 0
run_shifts.sh 20231122 018 2.155047 71.547381 0
run_shifts.sh 20231122 019 1.416388 3.588569 1
run_shifts.sh 20231122 020 5.702862 12.471892 0
run_shifts.sh 20231122 021 2.03741 10.344399 1
run_shifts.sh 20231122 022 7.630283 38.530168 0
run_shifts.sh 20231122 023 3.319031 41.508541 1
run_shifts.sh 20231122 024 3.31878 41.480878 1
run_shifts.sh 20231122 025 3.818304 23.79233 1
run_shifts.sh 20231122 026 5.726078 3.359573 1
run_shifts.sh 20231122 027 10.328292 19.460922 0
run_shifts.sh 20231122 028 11.014439 48.431794 0
run_shifts.sh 20231122 029 10.002831 2.035878 0
run_shifts.sh 20231122 030 7.066775 52.704547 1
run_shifts.sh 20231122 031 10.294607 62.514271 0
run_shifts.sh 20231122 032 12.749384 39.268745 0
run_shifts.sh 20231123 010 21.535862 0.224556 1
run_shifts.sh 20231123 011 21.537482 0.21102 1
run_shifts.sh 20231123 012 20.136539 41.949381 1
run_shifts.sh 20231123 013 1.73592 21.015265 0
run_shifts.sh 20231123 014 23.703149 -5.778422 1
run_shifts.sh 20231123 015 2.332577 59.313898 0
run_shifts.sh 20231123 016 3.71702 24.659984 0
run_shifts.sh 20231123 017 3.730659 24.835087 0
run_shifts.sh 20231123 018 4.013065 18.185487 0
run_shifts.sh 20231123 019 4.493708 22.873307 0
run_shifts.sh 20231123 020 4.915716 19.476616 0
run_shifts.sh 20231123 021 4.865253 9.866166 0
run_shifts.sh 20231123 022 5.258953 59.172483 0
run_shifts.sh 20231123 023 4.834012 -2.930812 0
run_shifts.sh 20231123 024 6.020335 59.580861 0
run_shifts.sh 20231123 025 5.643422 -2.580053 0
run_shifts.sh 20231123 026 7.831518 27.35326 0
run_shifts.sh 20231123 027 7.872835 16.197191 0
run_shifts.sh 20231123 028 3.736383 23.390399 1
run_shifts.sh 20231123 029 3.774748 24.76776 1
run_shifts.sh 20231123 030 6.870701 -5.1707 1
run_shifts.sh 20231123 031 4.916103 19.49645 1
run_shifts.sh 20231123 032 11.025406 48.177883 0
run_shifts.sh 20231123 033 9.99375 2.277669 0
run_shifts.sh 20231123 034 11.399708 53.564644 0
run_shifts.sh 20231123 035 7.055541 52.521864 1
run_shifts.sh 20231124 007 23.54459 20.165421 1
run_shifts.sh 20231124 008 2.572376 -10.885338 1
run_shifts.sh 20231124 009 3.849399 -0.881466 0
run_shifts.sh 20231124 010 0.744705 20.459395 1
run_shifts.sh 20231124 011 0.893912 39.483378 1
run_shifts.sh 20231124 012 4.254239 -7.675281 1
run_shifts.sh 20231124 013 7.065887 52.686499 0
run_shifts.sh 20231124 014 2.738032 25.5324 1
run_shifts.sh 20231124 015 6.154801 -6.694368 1
run_shifts.sh 20231124 016 4.088644 20.168292 1
run_shifts.sh 20231124 017 5.486069 4.025605 1
run_shifts.sh 20231124 018 9.809891 46.008967 0
run_shifts.sh 20231124 019 10.401283 48.238971 0
run_shifts.sh 20231124 020 11.036264 47.923719 0
run_shifts.sh 20231124 021 10.00155 2.039994 0
run_shifts.sh 20231124 022 11.848341 48.359542 0
run_shifts.sh 20231124 023 9.934185 -3.807002 0
run_shifts.sh 20231125 008 20.136539 41.94938 1
run_shifts.sh 20231125 009 20.971913 43.902724 1
run_shifts.sh 20231125 010 21.741904 14.782113 1
run_shifts.sh 20231125 011 3.71702 24.659984 0
run_shifts.sh 20231125 012 3.786616 23.704666 0
run_shifts.sh 20231125 013 4.241877 23.565338 0
run_shifts.sh 20231125 014 5.281727 56.660089 0
run_shifts.sh 20231125 015 6.530562 41.483352 0
run_shifts.sh 20231125 016 6.991227 19.334373 0
run_shifts.sh 20231125 017 7.499006 49.660486 0
run_shifts.sh 20231125 018 7.831518 27.35326 0
run_shifts.sh 20231125 019 8.315476 23.556113 0
run_shifts.sh 20231125 020 3.757148 23.441333 1
run_shifts.sh 20231125 021 3.774748 24.76776 1
run_shifts.sh 20231125 022 9.5936 35.797614 0
run_shifts.sh 20231125 023 9.809891 46.008967 0
run_shifts.sh 20231125 024 4.794979 26.161118 1
run_shifts.sh 20231125 025 11.054984 35.927495 0
run_shifts.sh 20231125 026 11.772132 47.477636 0
run_shifts.sh 20231125 027 11.771533 47.50477 0
run_shifts.sh 20231125 028 7.71425 9.427999 1
run_shifts.sh 20231125 029 12.749384 39.268745 0
run_shifts.sh 20231126 001 3.513439 54.222723 0
run_shifts.sh 20231126 002 1.625852 -6.758021 1
run_shifts.sh 20231126 003 4.647142 23.140392 0
run_shifts.sh 20231126 004 4.915716 19.476616 0
run_shifts.sh 20231126 005 5.281727 56.660089 0
run_shifts.sh 20231126 006 1.23111 35.097269 1
run_shifts.sh 20231126 007 5.031633 -6.946704 1
run_shifts.sh 20231126 008 7.872835 16.197194 0
run_shifts.sh 20231126 009 8.639538 20.097283 0
run_shifts.sh 20231129 008 23.264739 -6.458712 1
run_shifts.sh 20231129 009 1.419649 3.576266 0
run_shifts.sh 20231129 011 3.550819 4.953577 0
run_shifts.sh 20231129 012 1.416638 3.587456 1
run_shifts.sh 20231129 013 0.680863 40.193632 1
run_shifts.sh 20231129 014 2.03741 10.344399 1
run_shifts.sh 20231129 015 7.872835 16.197191 0
run_shifts.sh 20231129 016 8.68905 18.928597 0
