20171222 013 103 20171222 001
20171222 013 095 20171222 001
20171222 013 042 20171222 001
20171222 013 032 20171222 001
20171222 013 093 20171222 001
20171222 013 033 20171222 001
20171222 013 034 20171222 001
20171222 013 047 20171222 001
20171222 013 046 20171222 001
20171222 013 074 20171222 001
20171222 013 075 20171222 001
20171222 013 104 20171222 001
20171222 013 083 20171222 001
20171222 013 105 20171222 001
20171222 013 086 20171222 001
20171222 013 035 20171222 001
20171222 013 043 20171222 001
20171222 013 022 20171222 001
20171222 013 076 20171222 001
20171222 013 073 20171222 001
20171222 013 023 20171222 001
20171222 013 045 20171222 001
20171222 013 044 20171222 001
20171222 013 084 20171222 001
20171222 013 094 20171222 001
20171222 013 096 20171222 001
20171222 013 085 20171222 001
20171222 013 036 20171222 001
20171222 013 106 20171222 001
20171222 013 037 20171222 001
