20190804 002 021
20190804 002 022
20190804 002 023
20190804 002 024
20190804 002 025
20190804 002 026
20190804 002 027
20190804 002 032
20190804 002 033
20190804 002 034
20190804 002 035
20190804 002 036
20190804 002 037
20190804 002 041
20190804 002 042
20190804 002 043
20190804 002 044
20190804 002 045
20190804 002 046
20190804 002 047
20190804 002 052
20190804 002 053
20190804 002 062
20190804 002 063
20190804 002 067
20190804 002 071
20190804 002 073
20190804 002 074
20190804 002 075
20190804 002 076
20190804 002 081
20190804 002 082
20190804 002 083
20190804 002 084
20190804 002 085
20190804 002 086
20190804 002 087
20190804 002 088
20190804 002 091
20190804 002 092
20190804 002 093
20190804 002 094
20190804 002 095
20190804 002 096
20190804 002 097
20190804 002 098
20190804 002 103
20190804 002 104
20190804 002 105
20190804 002 106
20190804 003 021
20190804 003 022
20190804 003 023
20190804 003 024
20190804 003 025
20190804 003 026
20190804 003 027
20190804 003 032
20190804 003 033
20190804 003 034
20190804 003 035
20190804 003 036
20190804 003 037
20190804 003 041
20190804 003 042
20190804 003 043
20190804 003 044
20190804 003 045
20190804 003 046
20190804 003 047
20190804 003 052
20190804 003 053
20190804 003 062
20190804 003 063
20190804 003 067
20190804 003 071
20190804 003 073
20190804 003 074
20190804 003 075
20190804 003 076
20190804 003 081
20190804 003 082
20190804 003 083
20190804 003 084
20190804 003 085
20190804 003 086
20190804 003 087
20190804 003 088
20190804 003 091
20190804 003 092
20190804 003 093
20190804 003 094
20190804 003 095
20190804 003 096
20190804 003 097
20190804 003 098
20190804 003 103
20190804 003 104
20190804 003 105
20190804 003 106
20190804 004 021
20190804 004 022
20190804 004 023
20190804 004 024
20190804 004 025
20190804 004 026
20190804 004 027
20190804 004 032
20190804 004 033
20190804 004 034
20190804 004 035
20190804 004 036
20190804 004 037
20190804 004 041
20190804 004 042
20190804 004 043
20190804 004 044
20190804 004 045
20190804 004 046
20190804 004 047
20190804 004 052
20190804 004 053
20190804 004 062
20190804 004 063
20190804 004 067
20190804 004 071
20190804 004 073
20190804 004 074
20190804 004 075
20190804 004 076
20190804 004 081
20190804 004 082
20190804 004 083
20190804 004 084
20190804 004 085
20190804 004 086
20190804 004 087
20190804 004 088
20190804 004 091
20190804 004 092
20190804 004 093
20190804 004 094
20190804 004 095
20190804 004 096
20190804 004 097
20190804 004 098
20190804 004 103
20190804 004 104
20190804 004 105
20190804 004 106
20190804 005 021
20190804 005 022
20190804 005 023
20190804 005 024
20190804 005 025
20190804 005 026
20190804 005 027
20190804 005 032
20190804 005 033
20190804 005 034
20190804 005 035
20190804 005 036
20190804 005 037
20190804 005 041
20190804 005 042
20190804 005 043
20190804 005 044
20190804 005 045
20190804 005 046
20190804 005 047
20190804 005 052
20190804 005 053
20190804 005 062
20190804 005 063
20190804 005 067
20190804 005 071
20190804 005 073
20190804 005 074
20190804 005 075
20190804 005 076
20190804 005 081
20190804 005 082
20190804 005 083
20190804 005 084
20190804 005 085
20190804 005 086
20190804 005 087
20190804 005 088
20190804 005 091
20190804 005 092
20190804 005 093
20190804 005 094
20190804 005 095
20190804 005 096
20190804 005 097
20190804 005 098
20190804 005 103
20190804 005 104
20190804 005 105
20190804 005 106
20190804 006 021
20190804 006 022
20190804 006 023
20190804 006 024
20190804 006 025
20190804 006 026
20190804 006 027
20190804 006 032
20190804 006 033
20190804 006 034
20190804 006 035
20190804 006 036
20190804 006 037
20190804 006 041
20190804 006 042
20190804 006 043
20190804 006 044
20190804 006 045
20190804 006 046
20190804 006 047
20190804 006 052
20190804 006 053
20190804 006 062
20190804 006 063
20190804 006 067
20190804 006 071
20190804 006 073
20190804 006 074
20190804 006 075
20190804 006 076
20190804 006 081
20190804 006 082
20190804 006 083
20190804 006 084
20190804 006 085
20190804 006 086
20190804 006 087
20190804 006 088
20190804 006 091
20190804 006 092
20190804 006 093
20190804 006 094
20190804 006 095
20190804 006 096
20190804 006 097
20190804 006 098
20190804 006 103
20190804 006 104
20190804 006 105
20190804 006 106
20190804 007 021
20190804 007 022
20190804 007 023
20190804 007 024
20190804 007 025
20190804 007 026
20190804 007 027
20190804 007 032
20190804 007 033
20190804 007 034
20190804 007 035
20190804 007 036
20190804 007 037
20190804 007 041
20190804 007 042
20190804 007 043
20190804 007 044
20190804 007 045
20190804 007 046
20190804 007 047
20190804 007 052
20190804 007 053
20190804 007 062
20190804 007 063
20190804 007 067
20190804 007 071
20190804 007 073
20190804 007 074
20190804 007 075
20190804 007 076
20190804 007 081
20190804 007 082
20190804 007 083
20190804 007 084
20190804 007 085
20190804 007 086
20190804 007 087
20190804 007 088
20190804 007 091
20190804 007 092
20190804 007 093
20190804 007 094
20190804 007 095
20190804 007 096
20190804 007 097
20190804 007 098
20190804 007 103
20190804 007 104
20190804 007 105
20190804 007 106
20190805 002 021
20190805 002 022
20190805 002 023
20190805 002 024
20190805 002 025
20190805 002 026
20190805 002 027
20190805 002 032
20190805 002 033
20190805 002 034
20190805 002 035
20190805 002 036
20190805 002 037
20190805 002 041
20190805 002 042
20190805 002 043
20190805 002 044
20190805 002 045
20190805 002 046
20190805 002 047
20190805 002 052
20190805 002 053
20190805 002 062
20190805 002 063
20190805 002 067
20190805 002 071
20190805 002 073
20190805 002 074
20190805 002 075
20190805 002 076
20190805 002 081
20190805 002 082
20190805 002 083
20190805 002 084
20190805 002 085
20190805 002 086
20190805 002 087
20190805 002 088
20190805 002 091
20190805 002 092
20190805 002 093
20190805 002 094
20190805 002 095
20190805 002 096
20190805 002 097
20190805 002 098
20190805 002 103
20190805 002 104
20190805 002 105
20190805 002 106
20190805 003 021
20190805 003 022
20190805 003 023
20190805 003 024
20190805 003 025
20190805 003 026
20190805 003 027
20190805 003 032
20190805 003 033
20190805 003 034
20190805 003 035
20190805 003 036
20190805 003 037
20190805 003 041
20190805 003 042
20190805 003 043
20190805 003 044
20190805 003 045
20190805 003 046
20190805 003 047
20190805 003 052
20190805 003 053
20190805 003 062
20190805 003 063
20190805 003 067
20190805 003 071
20190805 003 073
20190805 003 074
20190805 003 075
20190805 003 076
20190805 003 081
20190805 003 082
20190805 003 083
20190805 003 084
20190805 003 085
20190805 003 086
20190805 003 087
20190805 003 088
20190805 003 091
20190805 003 092
20190805 003 093
20190805 003 094
20190805 003 095
20190805 003 096
20190805 003 097
20190805 003 098
20190805 003 103
20190805 003 104
20190805 003 105
20190805 003 106
20190805 004 021
20190805 004 022
20190805 004 023
20190805 004 024
20190805 004 025
20190805 004 026
20190805 004 027
20190805 004 032
20190805 004 033
20190805 004 034
20190805 004 035
20190805 004 036
20190805 004 037
20190805 004 041
20190805 004 042
20190805 004 043
20190805 004 044
20190805 004 045
20190805 004 046
20190805 004 047
20190805 004 052
20190805 004 053
20190805 004 062
20190805 004 063
20190805 004 067
20190805 004 071
20190805 004 073
20190805 004 074
20190805 004 075
20190805 004 076
20190805 004 081
20190805 004 082
20190805 004 083
20190805 004 084
20190805 004 085
20190805 004 086
20190805 004 087
20190805 004 088
20190805 004 091
20190805 004 092
20190805 004 093
20190805 004 094
20190805 004 095
20190805 004 096
20190805 004 097
20190805 004 098
20190805 004 103
20190805 004 104
20190805 004 105
20190805 004 106
20190805 005 021
20190805 005 022
20190805 005 023
20190805 005 024
20190805 005 025
20190805 005 026
20190805 005 027
20190805 005 032
20190805 005 033
20190805 005 034
20190805 005 035
20190805 005 036
20190805 005 037
20190805 005 041
20190805 005 042
20190805 005 043
20190805 005 044
20190805 005 045
20190805 005 046
20190805 005 047
20190805 005 052
20190805 005 053
20190805 005 062
20190805 005 063
20190805 005 067
20190805 005 071
20190805 005 073
20190805 005 074
20190805 005 075
20190805 005 076
20190805 005 081
20190805 005 082
20190805 005 083
20190805 005 084
20190805 005 085
20190805 005 086
20190805 005 087
20190805 005 088
20190805 005 091
20190805 005 092
20190805 005 093
20190805 005 094
20190805 005 095
20190805 005 096
20190805 005 097
20190805 005 098
20190805 005 103
20190805 005 104
20190805 005 105
20190805 005 106
20190805 006 021
20190805 006 022
20190805 006 023
20190805 006 024
20190805 006 025
20190805 006 026
20190805 006 027
20190805 006 032
20190805 006 033
20190805 006 034
20190805 006 035
20190805 006 036
20190805 006 037
20190805 006 041
20190805 006 042
20190805 006 043
20190805 006 044
20190805 006 045
20190805 006 046
20190805 006 047
20190805 006 052
20190805 006 053
20190805 006 062
20190805 006 063
20190805 006 067
20190805 006 071
20190805 006 073
20190805 006 074
20190805 006 075
20190805 006 076
20190805 006 081
20190805 006 082
20190805 006 083
20190805 006 084
20190805 006 085
20190805 006 086
20190805 006 087
20190805 006 088
20190805 006 091
20190805 006 092
20190805 006 093
20190805 006 094
20190805 006 095
20190805 006 096
20190805 006 097
20190805 006 098
20190805 006 103
20190805 006 104
20190805 006 105
20190805 006 106
20190805 007 021
20190805 007 022
20190805 007 023
20190805 007 024
20190805 007 025
20190805 007 026
20190805 007 027
20190805 007 032
20190805 007 033
20190805 007 034
20190805 007 035
20190805 007 036
20190805 007 037
20190805 007 041
20190805 007 042
20190805 007 043
20190805 007 044
20190805 007 045
20190805 007 046
20190805 007 047
20190805 007 052
20190805 007 053
20190805 007 062
20190805 007 063
20190805 007 067
20190805 007 071
20190805 007 073
20190805 007 074
20190805 007 075
20190805 007 076
20190805 007 081
20190805 007 082
20190805 007 083
20190805 007 084
20190805 007 085
20190805 007 086
20190805 007 087
20190805 007 088
20190805 007 091
20190805 007 092
20190805 007 093
20190805 007 094
20190805 007 095
20190805 007 096
20190805 007 097
20190805 007 098
20190805 007 103
20190805 007 104
20190805 007 105
20190805 007 106
20190807 005 021
20190807 005 022
20190807 005 023
20190807 005 024
20190807 005 025
20190807 005 026
20190807 005 027
20190807 005 032
20190807 005 033
20190807 005 034
20190807 005 035
20190807 005 036
20190807 005 037
20190807 005 041
20190807 005 042
20190807 005 043
20190807 005 044
20190807 005 045
20190807 005 046
20190807 005 047
20190807 005 052
20190807 005 053
20190807 005 062
20190807 005 063
20190807 005 067
20190807 005 071
20190807 005 072
20190807 005 073
20190807 005 074
20190807 005 075
20190807 005 076
20190807 005 077
20190807 005 081
20190807 005 082
20190807 005 083
20190807 005 084
20190807 005 085
20190807 005 086
20190807 005 087
20190807 005 088
20190807 005 091
20190807 005 092
20190807 005 093
20190807 005 094
20190807 005 095
20190807 005 096
20190807 005 097
20190807 005 098
20190807 005 103
20190807 005 104
20190807 005 105
20190807 005 106
20190807 006 021
20190807 006 022
20190807 006 023
20190807 006 024
20190807 006 025
20190807 006 026
20190807 006 027
20190807 006 032
20190807 006 033
20190807 006 034
20190807 006 035
20190807 006 036
20190807 006 037
20190807 006 041
20190807 006 042
20190807 006 043
20190807 006 044
20190807 006 045
20190807 006 046
20190807 006 047
20190807 006 052
20190807 006 053
20190807 006 062
20190807 006 063
20190807 006 067
20190807 006 071
20190807 006 072
20190807 006 073
20190807 006 074
20190807 006 075
20190807 006 076
20190807 006 077
20190807 006 081
20190807 006 082
20190807 006 083
20190807 006 084
20190807 006 085
20190807 006 086
20190807 006 087
20190807 006 088
20190807 006 091
20190807 006 092
20190807 006 093
20190807 006 094
20190807 006 095
20190807 006 096
20190807 006 097
20190807 006 098
20190807 006 103
20190807 006 104
20190807 006 105
20190807 006 106
20190807 007 021
20190807 007 022
20190807 007 023
20190807 007 024
20190807 007 025
20190807 007 026
20190807 007 027
20190807 007 032
20190807 007 033
20190807 007 034
20190807 007 035
20190807 007 036
20190807 007 037
20190807 007 041
20190807 007 042
20190807 007 043
20190807 007 044
20190807 007 045
20190807 007 046
20190807 007 047
20190807 007 052
20190807 007 053
20190807 007 062
20190807 007 063
20190807 007 067
20190807 007 071
20190807 007 072
20190807 007 073
20190807 007 074
20190807 007 075
20190807 007 076
20190807 007 077
20190807 007 081
20190807 007 082
20190807 007 083
20190807 007 084
20190807 007 085
20190807 007 086
20190807 007 087
20190807 007 088
20190807 007 091
20190807 007 092
20190807 007 093
20190807 007 094
20190807 007 095
20190807 007 096
20190807 007 097
20190807 007 098
20190807 007 103
20190807 007 104
20190807 007 105
20190807 007 106
20190807 008 021
20190807 008 022
20190807 008 023
20190807 008 024
20190807 008 025
20190807 008 026
20190807 008 027
20190807 008 032
20190807 008 033
20190807 008 034
20190807 008 035
20190807 008 036
20190807 008 037
20190807 008 041
20190807 008 042
20190807 008 043
20190807 008 044
20190807 008 045
20190807 008 046
20190807 008 047
20190807 008 052
20190807 008 053
20190807 008 062
20190807 008 063
20190807 008 067
20190807 008 071
20190807 008 072
20190807 008 073
20190807 008 074
20190807 008 075
20190807 008 076
20190807 008 077
20190807 008 081
20190807 008 082
20190807 008 083
20190807 008 084
20190807 008 085
20190807 008 086
20190807 008 087
20190807 008 088
20190807 008 091
20190807 008 092
20190807 008 093
20190807 008 094
20190807 008 095
20190807 008 096
20190807 008 097
20190807 008 098
20190807 008 103
20190807 008 104
20190807 008 105
20190807 008 106
20190807 009 021
20190807 009 022
20190807 009 023
20190807 009 024
20190807 009 025
20190807 009 026
20190807 009 027
20190807 009 032
20190807 009 033
20190807 009 034
20190807 009 035
20190807 009 036
20190807 009 037
20190807 009 041
20190807 009 042
20190807 009 043
20190807 009 044
20190807 009 045
20190807 009 046
20190807 009 047
20190807 009 052
20190807 009 053
20190807 009 062
20190807 009 063
20190807 009 067
20190807 009 071
20190807 009 072
20190807 009 073
20190807 009 074
20190807 009 075
20190807 009 076
20190807 009 077
20190807 009 081
20190807 009 082
20190807 009 083
20190807 009 084
20190807 009 085
20190807 009 086
20190807 009 087
20190807 009 088
20190807 009 091
20190807 009 092
20190807 009 093
20190807 009 094
20190807 009 095
20190807 009 096
20190807 009 097
20190807 009 098
20190807 009 103
20190807 009 104
20190807 009 105
20190807 009 106
20190807 010 021
20190807 010 022
20190807 010 023
20190807 010 024
20190807 010 025
20190807 010 026
20190807 010 027
20190807 010 032
20190807 010 033
20190807 010 034
20190807 010 035
20190807 010 036
20190807 010 037
20190807 010 041
20190807 010 042
20190807 010 043
20190807 010 044
20190807 010 045
20190807 010 046
20190807 010 047
20190807 010 052
20190807 010 053
20190807 010 062
20190807 010 063
20190807 010 067
20190807 010 071
20190807 010 072
20190807 010 073
20190807 010 074
20190807 010 075
20190807 010 076
20190807 010 077
20190807 010 081
20190807 010 082
20190807 010 083
20190807 010 084
20190807 010 085
20190807 010 086
20190807 010 087
20190807 010 088
20190807 010 091
20190807 010 092
20190807 010 093
20190807 010 094
20190807 010 095
20190807 010 096
20190807 010 097
20190807 010 098
20190807 010 103
20190807 010 104
20190807 010 105
20190807 010 106
20190808 005 021
20190808 005 022
20190808 005 023
20190808 005 024
20190808 005 025
20190808 005 026
20190808 005 027
20190808 005 032
20190808 005 033
20190808 005 034
20190808 005 035
20190808 005 036
20190808 005 037
20190808 005 041
20190808 005 042
20190808 005 043
20190808 005 044
20190808 005 045
20190808 005 046
20190808 005 047
20190808 005 052
20190808 005 053
20190808 005 062
20190808 005 063
20190808 005 067
20190808 005 071
20190808 005 072
20190808 005 073
20190808 005 074
20190808 005 075
20190808 005 076
20190808 005 077
20190808 005 081
20190808 005 082
20190808 005 083
20190808 005 084
20190808 005 085
20190808 005 086
20190808 005 087
20190808 005 088
20190808 005 091
20190808 005 092
20190808 005 093
20190808 005 094
20190808 005 095
20190808 005 096
20190808 005 097
20190808 005 098
20190808 005 103
20190808 005 104
20190808 005 105
20190808 005 106
20190808 006 021
20190808 006 022
20190808 006 023
20190808 006 024
20190808 006 025
20190808 006 026
20190808 006 027
20190808 006 032
20190808 006 033
20190808 006 034
20190808 006 035
20190808 006 036
20190808 006 037
20190808 006 041
20190808 006 042
20190808 006 043
20190808 006 044
20190808 006 045
20190808 006 046
20190808 006 047
20190808 006 052
20190808 006 053
20190808 006 062
20190808 006 063
20190808 006 067
20190808 006 071
20190808 006 072
20190808 006 073
20190808 006 074
20190808 006 075
20190808 006 076
20190808 006 077
20190808 006 081
20190808 006 082
20190808 006 083
20190808 006 084
20190808 006 085
20190808 006 086
20190808 006 087
20190808 006 088
20190808 006 091
20190808 006 092
20190808 006 093
20190808 006 094
20190808 006 095
20190808 006 096
20190808 006 097
20190808 006 098
20190808 006 103
20190808 006 104
20190808 006 105
20190808 006 106
20190808 007 021
20190808 007 022
20190808 007 023
20190808 007 024
20190808 007 025
20190808 007 026
20190808 007 027
20190808 007 032
20190808 007 033
20190808 007 034
20190808 007 035
20190808 007 036
20190808 007 037
20190808 007 041
20190808 007 042
20190808 007 043
20190808 007 044
20190808 007 045
20190808 007 046
20190808 007 047
20190808 007 052
20190808 007 053
20190808 007 062
20190808 007 063
20190808 007 067
20190808 007 071
20190808 007 072
20190808 007 073
20190808 007 074
20190808 007 075
20190808 007 076
20190808 007 077
20190808 007 081
20190808 007 082
20190808 007 083
20190808 007 084
20190808 007 085
20190808 007 086
20190808 007 087
20190808 007 088
20190808 007 091
20190808 007 092
20190808 007 093
20190808 007 094
20190808 007 095
20190808 007 096
20190808 007 097
20190808 007 098
20190808 007 103
20190808 007 104
20190808 007 105
20190808 007 106
20190808 008 021
20190808 008 022
20190808 008 023
20190808 008 024
20190808 008 025
20190808 008 026
20190808 008 027
20190808 008 032
20190808 008 033
20190808 008 034
20190808 008 035
20190808 008 036
20190808 008 037
20190808 008 041
20190808 008 042
20190808 008 043
20190808 008 044
20190808 008 045
20190808 008 046
20190808 008 047
20190808 008 052
20190808 008 053
20190808 008 062
20190808 008 063
20190808 008 067
20190808 008 071
20190808 008 072
20190808 008 073
20190808 008 074
20190808 008 075
20190808 008 076
20190808 008 077
20190808 008 081
20190808 008 082
20190808 008 083
20190808 008 084
20190808 008 085
20190808 008 086
20190808 008 087
20190808 008 088
20190808 008 091
20190808 008 092
20190808 008 093
20190808 008 094
20190808 008 095
20190808 008 096
20190808 008 097
20190808 008 098
20190808 008 103
20190808 008 104
20190808 008 105
20190808 008 106
20190808 009 021
20190808 009 022
20190808 009 023
20190808 009 024
20190808 009 025
20190808 009 026
20190808 009 027
20190808 009 032
20190808 009 033
20190808 009 034
20190808 009 035
20190808 009 036
20190808 009 037
20190808 009 041
20190808 009 042
20190808 009 043
20190808 009 044
20190808 009 045
20190808 009 046
20190808 009 047
20190808 009 052
20190808 009 053
20190808 009 062
20190808 009 063
20190808 009 067
20190808 009 071
20190808 009 072
20190808 009 073
20190808 009 074
20190808 009 075
20190808 009 076
20190808 009 077
20190808 009 081
20190808 009 082
20190808 009 083
20190808 009 084
20190808 009 085
20190808 009 086
20190808 009 087
20190808 009 088
20190808 009 091
20190808 009 092
20190808 009 093
20190808 009 094
20190808 009 095
20190808 009 096
20190808 009 097
20190808 009 098
20190808 009 103
20190808 009 104
20190808 009 105
20190808 009 106
20190808 010 021
20190808 010 022
20190808 010 023
20190808 010 024
20190808 010 025
20190808 010 026
20190808 010 027
20190808 010 032
20190808 010 033
20190808 010 034
20190808 010 035
20190808 010 036
20190808 010 037
20190808 010 041
20190808 010 042
20190808 010 043
20190808 010 044
20190808 010 045
20190808 010 046
20190808 010 047
20190808 010 052
20190808 010 053
20190808 010 062
20190808 010 063
20190808 010 067
20190808 010 071
20190808 010 072
20190808 010 073
20190808 010 074
20190808 010 075
20190808 010 076
20190808 010 077
20190808 010 081
20190808 010 082
20190808 010 083
20190808 010 084
20190808 010 085
20190808 010 086
20190808 010 087
20190808 010 088
20190808 010 091
20190808 010 092
20190808 010 093
20190808 010 094
20190808 010 095
20190808 010 096
20190808 010 097
20190808 010 098
20190808 010 103
20190808 010 104
20190808 010 105
20190808 010 106
20190809 006 021
20190809 006 022
20190809 006 023
20190809 006 024
20190809 006 025
20190809 006 026
20190809 006 027
20190809 006 032
20190809 006 033
20190809 006 034
20190809 006 035
20190809 006 036
20190809 006 037
20190809 006 041
20190809 006 042
20190809 006 043
20190809 006 044
20190809 006 045
20190809 006 046
20190809 006 047
20190809 006 052
20190809 006 053
20190809 006 062
20190809 006 063
20190809 006 067
20190809 006 071
20190809 006 072
20190809 006 073
20190809 006 074
20190809 006 075
20190809 006 076
20190809 006 077
20190809 006 081
20190809 006 082
20190809 006 083
20190809 006 084
20190809 006 085
20190809 006 086
20190809 006 087
20190809 006 088
20190809 006 091
20190809 006 092
20190809 006 093
20190809 006 094
20190809 006 095
20190809 006 096
20190809 006 097
20190809 006 098
20190809 006 103
20190809 006 104
20190809 006 105
20190809 006 106
20190809 007 021
20190809 007 022
20190809 007 023
20190809 007 024
20190809 007 025
20190809 007 026
20190809 007 027
20190809 007 032
20190809 007 033
20190809 007 034
20190809 007 035
20190809 007 036
20190809 007 037
20190809 007 041
20190809 007 042
20190809 007 043
20190809 007 044
20190809 007 045
20190809 007 046
20190809 007 047
20190809 007 052
20190809 007 053
20190809 007 062
20190809 007 063
20190809 007 067
20190809 007 071
20190809 007 072
20190809 007 073
20190809 007 074
20190809 007 075
20190809 007 076
20190809 007 077
20190809 007 081
20190809 007 082
20190809 007 083
20190809 007 084
20190809 007 085
20190809 007 086
20190809 007 087
20190809 007 088
20190809 007 091
20190809 007 092
20190809 007 093
20190809 007 094
20190809 007 095
20190809 007 096
20190809 007 097
20190809 007 098
20190809 007 103
20190809 007 104
20190809 007 105
20190809 007 106
20190809 008 021
20190809 008 022
20190809 008 023
20190809 008 024
20190809 008 025
20190809 008 026
20190809 008 027
20190809 008 032
20190809 008 033
20190809 008 034
20190809 008 035
20190809 008 036
20190809 008 037
20190809 008 041
20190809 008 042
20190809 008 043
20190809 008 044
20190809 008 045
20190809 008 046
20190809 008 047
20190809 008 052
20190809 008 053
20190809 008 062
20190809 008 063
20190809 008 067
20190809 008 071
20190809 008 072
20190809 008 073
20190809 008 074
20190809 008 075
20190809 008 076
20190809 008 077
20190809 008 081
20190809 008 082
20190809 008 083
20190809 008 084
20190809 008 085
20190809 008 086
20190809 008 087
20190809 008 088
20190809 008 091
20190809 008 092
20190809 008 093
20190809 008 094
20190809 008 095
20190809 008 096
20190809 008 097
20190809 008 098
20190809 008 103
20190809 008 104
20190809 008 105
20190809 008 106
20190809 009 021
20190809 009 022
20190809 009 023
20190809 009 024
20190809 009 025
20190809 009 026
20190809 009 027
20190809 009 032
20190809 009 033
20190809 009 034
20190809 009 035
20190809 009 036
20190809 009 037
20190809 009 041
20190809 009 042
20190809 009 043
20190809 009 044
20190809 009 045
20190809 009 046
20190809 009 047
20190809 009 052
20190809 009 053
20190809 009 062
20190809 009 063
20190809 009 067
20190809 009 071
20190809 009 072
20190809 009 073
20190809 009 074
20190809 009 075
20190809 009 076
20190809 009 077
20190809 009 081
20190809 009 082
20190809 009 083
20190809 009 084
20190809 009 085
20190809 009 086
20190809 009 087
20190809 009 088
20190809 009 091
20190809 009 092
20190809 009 093
20190809 009 094
20190809 009 095
20190809 009 096
20190809 009 097
20190809 009 098
20190809 009 103
20190809 009 104
20190809 009 105
20190809 009 106
20190809 010 021
20190809 010 022
20190809 010 023
20190809 010 024
20190809 010 025
20190809 010 026
20190809 010 027
20190809 010 032
20190809 010 033
20190809 010 034
20190809 010 035
20190809 010 036
20190809 010 037
20190809 010 041
20190809 010 042
20190809 010 043
20190809 010 044
20190809 010 045
20190809 010 046
20190809 010 047
20190809 010 052
20190809 010 053
20190809 010 062
20190809 010 063
20190809 010 067
20190809 010 071
20190809 010 072
20190809 010 073
20190809 010 074
20190809 010 075
20190809 010 076
20190809 010 077
20190809 010 081
20190809 010 082
20190809 010 083
20190809 010 084
20190809 010 085
20190809 010 086
20190809 010 087
20190809 010 088
20190809 010 091
20190809 010 092
20190809 010 093
20190809 010 094
20190809 010 095
20190809 010 096
20190809 010 097
20190809 010 098
20190809 010 103
20190809 010 104
20190809 010 105
20190809 010 106
20190809 011 021
20190809 011 022
20190809 011 023
20190809 011 024
20190809 011 025
20190809 011 026
20190809 011 027
20190809 011 032
20190809 011 033
20190809 011 034
20190809 011 035
20190809 011 036
20190809 011 037
20190809 011 041
20190809 011 042
20190809 011 043
20190809 011 044
20190809 011 045
20190809 011 046
20190809 011 047
20190809 011 052
20190809 011 053
20190809 011 062
20190809 011 063
20190809 011 067
20190809 011 071
20190809 011 072
20190809 011 073
20190809 011 074
20190809 011 075
20190809 011 076
20190809 011 077
20190809 011 081
20190809 011 082
20190809 011 083
20190809 011 084
20190809 011 085
20190809 011 086
20190809 011 087
20190809 011 088
20190809 011 091
20190809 011 092
20190809 011 093
20190809 011 094
20190809 011 095
20190809 011 096
20190809 011 097
20190809 011 098
20190809 011 103
20190809 011 104
20190809 011 105
20190809 011 106
20190810 021 021
20190810 021 022
20190810 021 023
20190810 021 024
20190810 021 025
20190810 021 026
20190810 021 027
20190810 021 032
20190810 021 033
20190810 021 034
20190810 021 035
20190810 021 036
20190810 021 037
20190810 021 041
20190810 021 042
20190810 021 043
20190810 021 044
20190810 021 045
20190810 021 046
20190810 021 047
20190810 021 052
20190810 021 053
20190810 021 062
20190810 021 063
20190810 021 067
20190810 021 071
20190810 021 072
20190810 021 073
20190810 021 074
20190810 021 075
20190810 021 076
20190810 021 077
20190810 021 081
20190810 021 082
20190810 021 083
20190810 021 084
20190810 021 085
20190810 021 086
20190810 021 087
20190810 021 088
20190810 021 091
20190810 021 092
20190810 021 093
20190810 021 094
20190810 021 095
20190810 021 096
20190810 021 097
20190810 021 098
20190810 021 103
20190810 021 104
20190810 021 105
20190810 021 106
20190810 022 021
20190810 022 022
20190810 022 023
20190810 022 024
20190810 022 025
20190810 022 026
20190810 022 027
20190810 022 032
20190810 022 033
20190810 022 034
20190810 022 035
20190810 022 036
20190810 022 037
20190810 022 041
20190810 022 042
20190810 022 043
20190810 022 044
20190810 022 045
20190810 022 046
20190810 022 047
20190810 022 052
20190810 022 053
20190810 022 062
20190810 022 063
20190810 022 067
20190810 022 071
20190810 022 072
20190810 022 073
20190810 022 074
20190810 022 075
20190810 022 076
20190810 022 077
20190810 022 081
20190810 022 082
20190810 022 083
20190810 022 084
20190810 022 085
20190810 022 086
20190810 022 087
20190810 022 088
20190810 022 091
20190810 022 092
20190810 022 093
20190810 022 094
20190810 022 095
20190810 022 096
20190810 022 097
20190810 022 098
20190810 022 103
20190810 022 104
20190810 022 105
20190810 022 106
20190810 023 021
20190810 023 022
20190810 023 023
20190810 023 024
20190810 023 025
20190810 023 026
20190810 023 027
20190810 023 032
20190810 023 033
20190810 023 034
20190810 023 035
20190810 023 036
20190810 023 037
20190810 023 041
20190810 023 042
20190810 023 043
20190810 023 044
20190810 023 045
20190810 023 046
20190810 023 047
20190810 023 052
20190810 023 053
20190810 023 062
20190810 023 063
20190810 023 067
20190810 023 071
20190810 023 072
20190810 023 073
20190810 023 074
20190810 023 075
20190810 023 076
20190810 023 077
20190810 023 081
20190810 023 082
20190810 023 083
20190810 023 084
20190810 023 085
20190810 023 086
20190810 023 087
20190810 023 088
20190810 023 091
20190810 023 092
20190810 023 093
20190810 023 094
20190810 023 095
20190810 023 096
20190810 023 097
20190810 023 098
20190810 023 103
20190810 023 104
20190810 023 105
20190810 023 106
20190810 024 021
20190810 024 022
20190810 024 023
20190810 024 024
20190810 024 025
20190810 024 026
20190810 024 027
20190810 024 032
20190810 024 033
20190810 024 034
20190810 024 035
20190810 024 036
20190810 024 037
20190810 024 041
20190810 024 042
20190810 024 043
20190810 024 044
20190810 024 045
20190810 024 046
20190810 024 047
20190810 024 052
20190810 024 053
20190810 024 062
20190810 024 063
20190810 024 067
20190810 024 071
20190810 024 072
20190810 024 073
20190810 024 074
20190810 024 075
20190810 024 076
20190810 024 077
20190810 024 081
20190810 024 082
20190810 024 083
20190810 024 084
20190810 024 085
20190810 024 086
20190810 024 087
20190810 024 088
20190810 024 091
20190810 024 092
20190810 024 093
20190810 024 094
20190810 024 095
20190810 024 096
20190810 024 097
20190810 024 098
20190810 024 103
20190810 024 104
20190810 024 105
20190810 024 106
20190810 025 021
20190810 025 022
20190810 025 023
20190810 025 024
20190810 025 025
20190810 025 026
20190810 025 027
20190810 025 032
20190810 025 033
20190810 025 034
20190810 025 035
20190810 025 036
20190810 025 037
20190810 025 041
20190810 025 042
20190810 025 043
20190810 025 044
20190810 025 045
20190810 025 046
20190810 025 047
20190810 025 052
20190810 025 053
20190810 025 062
20190810 025 063
20190810 025 067
20190810 025 071
20190810 025 072
20190810 025 073
20190810 025 074
20190810 025 075
20190810 025 076
20190810 025 077
20190810 025 081
20190810 025 082
20190810 025 083
20190810 025 084
20190810 025 085
20190810 025 086
20190810 025 087
20190810 025 088
20190810 025 091
20190810 025 092
20190810 025 093
20190810 025 094
20190810 025 095
20190810 025 096
20190810 025 097
20190810 025 098
20190810 025 103
20190810 025 104
20190810 025 105
20190810 025 106
20190810 026 021
20190810 026 022
20190810 026 023
20190810 026 024
20190810 026 025
20190810 026 026
20190810 026 027
20190810 026 032
20190810 026 033
20190810 026 034
20190810 026 035
20190810 026 036
20190810 026 037
20190810 026 041
20190810 026 042
20190810 026 043
20190810 026 044
20190810 026 045
20190810 026 046
20190810 026 047
20190810 026 052
20190810 026 053
20190810 026 062
20190810 026 063
20190810 026 067
20190810 026 071
20190810 026 072
20190810 026 073
20190810 026 074
20190810 026 075
20190810 026 076
20190810 026 077
20190810 026 081
20190810 026 082
20190810 026 083
20190810 026 084
20190810 026 085
20190810 026 086
20190810 026 087
20190810 026 088
20190810 026 091
20190810 026 092
20190810 026 093
20190810 026 094
20190810 026 095
20190810 026 096
20190810 026 097
20190810 026 098
20190810 026 103
20190810 026 104
20190810 026 105
20190810 026 106
20190810 027 021
20190810 027 022
20190810 027 023
20190810 027 024
20190810 027 025
20190810 027 026
20190810 027 027
20190810 027 032
20190810 027 033
20190810 027 034
20190810 027 035
20190810 027 036
20190810 027 037
20190810 027 041
20190810 027 042
20190810 027 043
20190810 027 044
20190810 027 045
20190810 027 046
20190810 027 047
20190810 027 052
20190810 027 053
20190810 027 062
20190810 027 063
20190810 027 067
20190810 027 071
20190810 027 072
20190810 027 073
20190810 027 074
20190810 027 075
20190810 027 076
20190810 027 077
20190810 027 081
20190810 027 082
20190810 027 083
20190810 027 084
20190810 027 085
20190810 027 086
20190810 027 087
20190810 027 088
20190810 027 091
20190810 027 092
20190810 027 093
20190810 027 094
20190810 027 095
20190810 027 096
20190810 027 097
20190810 027 098
20190810 027 103
20190810 027 104
20190810 027 105
20190810 027 106
20190811 005 021
20190811 005 022
20190811 005 023
20190811 005 024
20190811 005 025
20190811 005 026
20190811 005 027
20190811 005 032
20190811 005 033
20190811 005 034
20190811 005 035
20190811 005 036
20190811 005 037
20190811 005 041
20190811 005 042
20190811 005 043
20190811 005 044
20190811 005 045
20190811 005 046
20190811 005 047
20190811 005 052
20190811 005 053
20190811 005 062
20190811 005 063
20190811 005 067
20190811 005 071
20190811 005 072
20190811 005 073
20190811 005 074
20190811 005 075
20190811 005 076
20190811 005 077
20190811 005 081
20190811 005 082
20190811 005 083
20190811 005 084
20190811 005 085
20190811 005 086
20190811 005 087
20190811 005 088
20190811 005 091
20190811 005 092
20190811 005 093
20190811 005 094
20190811 005 095
20190811 005 096
20190811 005 097
20190811 005 098
20190811 005 103
20190811 005 104
20190811 005 105
20190811 005 106
20190811 006 021
20190811 006 022
20190811 006 023
20190811 006 024
20190811 006 025
20190811 006 026
20190811 006 027
20190811 006 032
20190811 006 033
20190811 006 034
20190811 006 035
20190811 006 036
20190811 006 037
20190811 006 041
20190811 006 042
20190811 006 043
20190811 006 044
20190811 006 045
20190811 006 046
20190811 006 047
20190811 006 052
20190811 006 053
20190811 006 062
20190811 006 063
20190811 006 067
20190811 006 071
20190811 006 072
20190811 006 073
20190811 006 074
20190811 006 075
20190811 006 076
20190811 006 077
20190811 006 081
20190811 006 082
20190811 006 083
20190811 006 084
20190811 006 085
20190811 006 086
20190811 006 087
20190811 006 088
20190811 006 091
20190811 006 092
20190811 006 093
20190811 006 094
20190811 006 095
20190811 006 096
20190811 006 097
20190811 006 098
20190811 006 103
20190811 006 104
20190811 006 105
20190811 006 106
20190811 007 021
20190811 007 022
20190811 007 023
20190811 007 024
20190811 007 025
20190811 007 026
20190811 007 027
20190811 007 032
20190811 007 033
20190811 007 034
20190811 007 035
20190811 007 036
20190811 007 037
20190811 007 041
20190811 007 042
20190811 007 043
20190811 007 044
20190811 007 045
20190811 007 046
20190811 007 047
20190811 007 052
20190811 007 053
20190811 007 062
20190811 007 063
20190811 007 067
20190811 007 071
20190811 007 072
20190811 007 073
20190811 007 074
20190811 007 075
20190811 007 076
20190811 007 077
20190811 007 081
20190811 007 082
20190811 007 083
20190811 007 084
20190811 007 085
20190811 007 086
20190811 007 087
20190811 007 088
20190811 007 091
20190811 007 092
20190811 007 093
20190811 007 094
20190811 007 095
20190811 007 096
20190811 007 097
20190811 007 098
20190811 007 103
20190811 007 104
20190811 007 105
20190811 007 106
20190811 008 021
20190811 008 022
20190811 008 023
20190811 008 024
20190811 008 025
20190811 008 026
20190811 008 027
20190811 008 032
20190811 008 033
20190811 008 034
20190811 008 035
20190811 008 036
20190811 008 037
20190811 008 041
20190811 008 042
20190811 008 043
20190811 008 044
20190811 008 045
20190811 008 046
20190811 008 047
20190811 008 052
20190811 008 053
20190811 008 062
20190811 008 063
20190811 008 067
20190811 008 071
20190811 008 072
20190811 008 073
20190811 008 074
20190811 008 075
20190811 008 076
20190811 008 077
20190811 008 081
20190811 008 082
20190811 008 083
20190811 008 084
20190811 008 085
20190811 008 086
20190811 008 087
20190811 008 088
20190811 008 091
20190811 008 092
20190811 008 093
20190811 008 094
20190811 008 095
20190811 008 096
20190811 008 097
20190811 008 098
20190811 008 103
20190811 008 104
20190811 008 105
20190811 008 106
20190811 009 021
20190811 009 022
20190811 009 023
20190811 009 024
20190811 009 025
20190811 009 026
20190811 009 027
20190811 009 032
20190811 009 033
20190811 009 034
20190811 009 035
20190811 009 036
20190811 009 037
20190811 009 041
20190811 009 042
20190811 009 043
20190811 009 044
20190811 009 045
20190811 009 046
20190811 009 047
20190811 009 052
20190811 009 053
20190811 009 062
20190811 009 063
20190811 009 067
20190811 009 071
20190811 009 072
20190811 009 073
20190811 009 074
20190811 009 075
20190811 009 076
20190811 009 077
20190811 009 081
20190811 009 082
20190811 009 083
20190811 009 084
20190811 009 085
20190811 009 086
20190811 009 087
20190811 009 088
20190811 009 091
20190811 009 092
20190811 009 093
20190811 009 094
20190811 009 095
20190811 009 096
20190811 009 097
20190811 009 098
20190811 009 103
20190811 009 104
20190811 009 105
20190811 009 106
20190811 010 021
20190811 010 022
20190811 010 023
20190811 010 024
20190811 010 025
20190811 010 026
20190811 010 027
20190811 010 032
20190811 010 033
20190811 010 034
20190811 010 035
20190811 010 036
20190811 010 037
20190811 010 041
20190811 010 042
20190811 010 043
20190811 010 044
20190811 010 045
20190811 010 046
20190811 010 047
20190811 010 052
20190811 010 053
20190811 010 062
20190811 010 063
20190811 010 067
20190811 010 071
20190811 010 072
20190811 010 073
20190811 010 074
20190811 010 075
20190811 010 076
20190811 010 077
20190811 010 081
20190811 010 082
20190811 010 083
20190811 010 084
20190811 010 085
20190811 010 086
20190811 010 087
20190811 010 088
20190811 010 091
20190811 010 092
20190811 010 093
20190811 010 094
20190811 010 095
20190811 010 096
20190811 010 097
20190811 010 098
20190811 010 103
20190811 010 104
20190811 010 105
20190811 010 106
20190812 014 021
20190812 014 022
20190812 014 023
20190812 014 024
20190812 014 025
20190812 014 026
20190812 014 027
20190812 014 032
20190812 014 033
20190812 014 034
20190812 014 035
20190812 014 036
20190812 014 037
20190812 014 041
20190812 014 042
20190812 014 043
20190812 014 044
20190812 014 045
20190812 014 046
20190812 014 047
20190812 014 052
20190812 014 053
20190812 014 062
20190812 014 063
20190812 014 067
20190812 014 071
20190812 014 072
20190812 014 073
20190812 014 074
20190812 014 075
20190812 014 076
20190812 014 077
20190812 014 081
20190812 014 082
20190812 014 083
20190812 014 084
20190812 014 085
20190812 014 086
20190812 014 087
20190812 014 088
20190812 014 091
20190812 014 092
20190812 014 093
20190812 014 094
20190812 014 095
20190812 014 096
20190812 014 097
20190812 014 098
20190812 014 103
20190812 014 104
20190812 014 105
20190812 014 106
20190812 015 021
20190812 015 022
20190812 015 023
20190812 015 024
20190812 015 025
20190812 015 026
20190812 015 027
20190812 015 032
20190812 015 033
20190812 015 034
20190812 015 035
20190812 015 036
20190812 015 037
20190812 015 041
20190812 015 042
20190812 015 043
20190812 015 044
20190812 015 045
20190812 015 046
20190812 015 047
20190812 015 052
20190812 015 053
20190812 015 062
20190812 015 063
20190812 015 067
20190812 015 071
20190812 015 072
20190812 015 073
20190812 015 074
20190812 015 075
20190812 015 076
20190812 015 077
20190812 015 081
20190812 015 082
20190812 015 083
20190812 015 084
20190812 015 085
20190812 015 086
20190812 015 087
20190812 015 088
20190812 015 091
20190812 015 092
20190812 015 093
20190812 015 094
20190812 015 095
20190812 015 096
20190812 015 097
20190812 015 098
20190812 015 103
20190812 015 104
20190812 015 105
20190812 015 106
20190812 016 021
20190812 016 022
20190812 016 023
20190812 016 024
20190812 016 025
20190812 016 026
20190812 016 027
20190812 016 032
20190812 016 033
20190812 016 034
20190812 016 035
20190812 016 036
20190812 016 037
20190812 016 041
20190812 016 042
20190812 016 043
20190812 016 044
20190812 016 045
20190812 016 046
20190812 016 047
20190812 016 052
20190812 016 053
20190812 016 062
20190812 016 063
20190812 016 067
20190812 016 071
20190812 016 072
20190812 016 073
20190812 016 074
20190812 016 075
20190812 016 076
20190812 016 077
20190812 016 081
20190812 016 082
20190812 016 083
20190812 016 084
20190812 016 085
20190812 016 086
20190812 016 087
20190812 016 088
20190812 016 091
20190812 016 092
20190812 016 093
20190812 016 094
20190812 016 095
20190812 016 096
20190812 016 097
20190812 016 098
20190812 016 103
20190812 016 104
20190812 016 105
20190812 016 106
20190813 001 021
20190813 001 022
20190813 001 023
20190813 001 024
20190813 001 025
20190813 001 026
20190813 001 027
20190813 001 032
20190813 001 033
20190813 001 034
20190813 001 035
20190813 001 036
20190813 001 037
20190813 001 041
20190813 001 042
20190813 001 043
20190813 001 044
20190813 001 045
20190813 001 046
20190813 001 047
20190813 001 052
20190813 001 053
20190813 001 062
20190813 001 063
20190813 001 067
20190813 001 071
20190813 001 072
20190813 001 073
20190813 001 074
20190813 001 075
20190813 001 076
20190813 001 077
20190813 001 081
20190813 001 082
20190813 001 083
20190813 001 084
20190813 001 085
20190813 001 086
20190813 001 087
20190813 001 088
20190813 001 091
20190813 001 092
20190813 001 093
20190813 001 094
20190813 001 095
20190813 001 096
20190813 001 097
20190813 001 098
20190813 001 103
20190813 001 104
20190813 001 105
20190813 001 106
20190813 002 021
20190813 002 022
20190813 002 023
20190813 002 024
20190813 002 025
20190813 002 026
20190813 002 027
20190813 002 032
20190813 002 033
20190813 002 034
20190813 002 035
20190813 002 036
20190813 002 037
20190813 002 041
20190813 002 042
20190813 002 043
20190813 002 044
20190813 002 045
20190813 002 046
20190813 002 047
20190813 002 052
20190813 002 053
20190813 002 062
20190813 002 063
20190813 002 067
20190813 002 071
20190813 002 072
20190813 002 073
20190813 002 074
20190813 002 075
20190813 002 076
20190813 002 077
20190813 002 081
20190813 002 082
20190813 002 083
20190813 002 084
20190813 002 085
20190813 002 086
20190813 002 087
20190813 002 088
20190813 002 091
20190813 002 092
20190813 002 093
20190813 002 094
20190813 002 095
20190813 002 096
20190813 002 097
20190813 002 098
20190813 002 103
20190813 002 104
20190813 002 105
20190813 002 106
20190813 003 021
20190813 003 022
20190813 003 023
20190813 003 024
20190813 003 025
20190813 003 026
20190813 003 027
20190813 003 032
20190813 003 033
20190813 003 034
20190813 003 035
20190813 003 036
20190813 003 037
20190813 003 041
20190813 003 042
20190813 003 043
20190813 003 044
20190813 003 045
20190813 003 046
20190813 003 047
20190813 003 052
20190813 003 053
20190813 003 062
20190813 003 063
20190813 003 067
20190813 003 071
20190813 003 072
20190813 003 073
20190813 003 074
20190813 003 075
20190813 003 076
20190813 003 077
20190813 003 081
20190813 003 082
20190813 003 083
20190813 003 084
20190813 003 085
20190813 003 086
20190813 003 087
20190813 003 088
20190813 003 091
20190813 003 092
20190813 003 093
20190813 003 094
20190813 003 095
20190813 003 096
20190813 003 097
20190813 003 098
20190813 003 103
20190813 003 104
20190813 003 105
20190813 003 106
20190813 004 021
20190813 004 022
20190813 004 023
20190813 004 024
20190813 004 025
20190813 004 026
20190813 004 027
20190813 004 032
20190813 004 033
20190813 004 034
20190813 004 035
20190813 004 036
20190813 004 037
20190813 004 041
20190813 004 042
20190813 004 043
20190813 004 044
20190813 004 045
20190813 004 046
20190813 004 047
20190813 004 052
20190813 004 053
20190813 004 062
20190813 004 063
20190813 004 067
20190813 004 071
20190813 004 072
20190813 004 073
20190813 004 074
20190813 004 075
20190813 004 076
20190813 004 077
20190813 004 081
20190813 004 082
20190813 004 083
20190813 004 084
20190813 004 085
20190813 004 086
20190813 004 087
20190813 004 088
20190813 004 091
20190813 004 092
20190813 004 093
20190813 004 094
20190813 004 095
20190813 004 096
20190813 004 097
20190813 004 098
20190813 004 103
20190813 004 104
20190813 004 105
20190813 004 106
20190813 005 021
20190813 005 022
20190813 005 023
20190813 005 024
20190813 005 025
20190813 005 026
20190813 005 027
20190813 005 032
20190813 005 033
20190813 005 034
20190813 005 035
20190813 005 036
20190813 005 037
20190813 005 041
20190813 005 042
20190813 005 043
20190813 005 044
20190813 005 045
20190813 005 046
20190813 005 047
20190813 005 052
20190813 005 053
20190813 005 062
20190813 005 063
20190813 005 067
20190813 005 071
20190813 005 072
20190813 005 073
20190813 005 074
20190813 005 075
20190813 005 076
20190813 005 077
20190813 005 081
20190813 005 082
20190813 005 083
20190813 005 084
20190813 005 085
20190813 005 086
20190813 005 087
20190813 005 088
20190813 005 091
20190813 005 092
20190813 005 093
20190813 005 094
20190813 005 095
20190813 005 096
20190813 005 097
20190813 005 098
20190813 005 103
20190813 005 104
20190813 005 105
20190813 005 106
20190813 006 021
20190813 006 022
20190813 006 023
20190813 006 024
20190813 006 025
20190813 006 026
20190813 006 027
20190813 006 032
20190813 006 033
20190813 006 034
20190813 006 035
20190813 006 036
20190813 006 037
20190813 006 041
20190813 006 042
20190813 006 043
20190813 006 044
20190813 006 045
20190813 006 046
20190813 006 047
20190813 006 052
20190813 006 053
20190813 006 062
20190813 006 063
20190813 006 067
20190813 006 071
20190813 006 072
20190813 006 073
20190813 006 074
20190813 006 075
20190813 006 076
20190813 006 077
20190813 006 081
20190813 006 082
20190813 006 083
20190813 006 084
20190813 006 085
20190813 006 086
20190813 006 087
20190813 006 088
20190813 006 091
20190813 006 092
20190813 006 093
20190813 006 094
20190813 006 095
20190813 006 096
20190813 006 097
20190813 006 098
20190813 006 103
20190813 006 104
20190813 006 105
20190813 006 106
20190815 002 021
20190815 002 022
20190815 002 023
20190815 002 024
20190815 002 025
20190815 002 026
20190815 002 027
20190815 002 032
20190815 002 033
20190815 002 034
20190815 002 035
20190815 002 036
20190815 002 037
20190815 002 041
20190815 002 042
20190815 002 043
20190815 002 044
20190815 002 045
20190815 002 046
20190815 002 047
20190815 002 052
20190815 002 053
20190815 002 062
20190815 002 063
20190815 002 067
20190815 002 071
20190815 002 072
20190815 002 073
20190815 002 074
20190815 002 075
20190815 002 076
20190815 002 077
20190815 002 081
20190815 002 082
20190815 002 083
20190815 002 084
20190815 002 085
20190815 002 086
20190815 002 087
20190815 002 088
20190815 002 091
20190815 002 092
20190815 002 093
20190815 002 094
20190815 002 095
20190815 002 096
20190815 002 097
20190815 002 098
20190815 002 103
20190815 002 104
20190815 002 105
20190815 002 106
20190815 003 021
20190815 003 022
20190815 003 023
20190815 003 024
20190815 003 025
20190815 003 026
20190815 003 027
20190815 003 032
20190815 003 033
20190815 003 034
20190815 003 035
20190815 003 036
20190815 003 037
20190815 003 041
20190815 003 042
20190815 003 043
20190815 003 044
20190815 003 045
20190815 003 046
20190815 003 047
20190815 003 052
20190815 003 053
20190815 003 062
20190815 003 063
20190815 003 067
20190815 003 071
20190815 003 072
20190815 003 073
20190815 003 074
20190815 003 075
20190815 003 076
20190815 003 077
20190815 003 081
20190815 003 082
20190815 003 083
20190815 003 084
20190815 003 085
20190815 003 086
20190815 003 087
20190815 003 088
20190815 003 091
20190815 003 092
20190815 003 093
20190815 003 094
20190815 003 095
20190815 003 096
20190815 003 097
20190815 003 098
20190815 003 103
20190815 003 104
20190815 003 105
20190815 003 106
20190815 004 021
20190815 004 022
20190815 004 023
20190815 004 024
20190815 004 025
20190815 004 026
20190815 004 027
20190815 004 032
20190815 004 033
20190815 004 034
20190815 004 035
20190815 004 036
20190815 004 037
20190815 004 041
20190815 004 042
20190815 004 043
20190815 004 044
20190815 004 045
20190815 004 046
20190815 004 047
20190815 004 052
20190815 004 053
20190815 004 062
20190815 004 063
20190815 004 067
20190815 004 071
20190815 004 072
20190815 004 073
20190815 004 074
20190815 004 075
20190815 004 076
20190815 004 077
20190815 004 081
20190815 004 082
20190815 004 083
20190815 004 084
20190815 004 085
20190815 004 086
20190815 004 087
20190815 004 088
20190815 004 091
20190815 004 092
20190815 004 093
20190815 004 094
20190815 004 095
20190815 004 096
20190815 004 097
20190815 004 098
20190815 004 103
20190815 004 104
20190815 004 105
20190815 004 106
20190815 005 021
20190815 005 022
20190815 005 023
20190815 005 024
20190815 005 025
20190815 005 026
20190815 005 027
20190815 005 032
20190815 005 033
20190815 005 034
20190815 005 035
20190815 005 036
20190815 005 037
20190815 005 041
20190815 005 042
20190815 005 043
20190815 005 044
20190815 005 045
20190815 005 046
20190815 005 047
20190815 005 052
20190815 005 053
20190815 005 062
20190815 005 063
20190815 005 067
20190815 005 071
20190815 005 072
20190815 005 073
20190815 005 074
20190815 005 075
20190815 005 076
20190815 005 077
20190815 005 081
20190815 005 082
20190815 005 083
20190815 005 084
20190815 005 085
20190815 005 086
20190815 005 087
20190815 005 088
20190815 005 091
20190815 005 092
20190815 005 093
20190815 005 094
20190815 005 095
20190815 005 096
20190815 005 097
20190815 005 098
20190815 005 103
20190815 005 104
20190815 005 105
20190815 005 106
20190815 006 021
20190815 006 022
20190815 006 023
20190815 006 024
20190815 006 025
20190815 006 026
20190815 006 027
20190815 006 032
20190815 006 033
20190815 006 034
20190815 006 035
20190815 006 036
20190815 006 037
20190815 006 041
20190815 006 042
20190815 006 043
20190815 006 044
20190815 006 045
20190815 006 046
20190815 006 047
20190815 006 052
20190815 006 053
20190815 006 062
20190815 006 063
20190815 006 067
20190815 006 071
20190815 006 072
20190815 006 073
20190815 006 074
20190815 006 075
20190815 006 076
20190815 006 077
20190815 006 081
20190815 006 082
20190815 006 083
20190815 006 084
20190815 006 085
20190815 006 086
20190815 006 087
20190815 006 088
20190815 006 091
20190815 006 092
20190815 006 093
20190815 006 094
20190815 006 095
20190815 006 096
20190815 006 097
20190815 006 098
20190815 006 103
20190815 006 104
20190815 006 105
20190815 006 106
20190815 007 021
20190815 007 022
20190815 007 023
20190815 007 024
20190815 007 025
20190815 007 026
20190815 007 027
20190815 007 032
20190815 007 033
20190815 007 034
20190815 007 035
20190815 007 036
20190815 007 037
20190815 007 041
20190815 007 042
20190815 007 043
20190815 007 044
20190815 007 045
20190815 007 046
20190815 007 047
20190815 007 052
20190815 007 053
20190815 007 062
20190815 007 063
20190815 007 067
20190815 007 071
20190815 007 072
20190815 007 073
20190815 007 074
20190815 007 075
20190815 007 076
20190815 007 077
20190815 007 081
20190815 007 082
20190815 007 083
20190815 007 084
20190815 007 085
20190815 007 086
20190815 007 087
20190815 007 088
20190815 007 091
20190815 007 092
20190815 007 093
20190815 007 094
20190815 007 095
20190815 007 096
20190815 007 097
20190815 007 098
20190815 007 103
20190815 007 104
20190815 007 105
20190815 007 106
20190816 005 021
20190816 005 022
20190816 005 023
20190816 005 024
20190816 005 025
20190816 005 026
20190816 005 027
20190816 005 032
20190816 005 033
20190816 005 034
20190816 005 035
20190816 005 036
20190816 005 037
20190816 005 041
20190816 005 042
20190816 005 043
20190816 005 044
20190816 005 045
20190816 005 046
20190816 005 047
20190816 005 052
20190816 005 053
20190816 005 062
20190816 005 063
20190816 005 071
20190816 005 072
20190816 005 073
20190816 005 074
20190816 005 075
20190816 005 076
20190816 005 077
20190816 005 081
20190816 005 082
20190816 005 083
20190816 005 084
20190816 005 085
20190816 005 086
20190816 005 087
20190816 005 088
20190816 005 091
20190816 005 092
20190816 005 093
20190816 005 094
20190816 005 095
20190816 005 096
20190816 005 097
20190816 005 098
20190816 005 103
20190816 005 104
20190816 005 105
20190816 005 106
20190816 006 021
20190816 006 022
20190816 006 023
20190816 006 024
20190816 006 025
20190816 006 026
20190816 006 027
20190816 006 032
20190816 006 033
20190816 006 034
20190816 006 035
20190816 006 036
20190816 006 037
20190816 006 041
20190816 006 042
20190816 006 043
20190816 006 044
20190816 006 045
20190816 006 046
20190816 006 047
20190816 006 052
20190816 006 053
20190816 006 062
20190816 006 063
20190816 006 071
20190816 006 072
20190816 006 073
20190816 006 074
20190816 006 075
20190816 006 076
20190816 006 077
20190816 006 081
20190816 006 082
20190816 006 083
20190816 006 084
20190816 006 085
20190816 006 086
20190816 006 087
20190816 006 088
20190816 006 091
20190816 006 092
20190816 006 093
20190816 006 094
20190816 006 095
20190816 006 096
20190816 006 097
20190816 006 098
20190816 006 103
20190816 006 104
20190816 006 105
20190816 006 106
20190816 007 021
20190816 007 022
20190816 007 023
20190816 007 024
20190816 007 025
20190816 007 026
20190816 007 027
20190816 007 032
20190816 007 033
20190816 007 034
20190816 007 035
20190816 007 036
20190816 007 037
20190816 007 041
20190816 007 042
20190816 007 043
20190816 007 044
20190816 007 045
20190816 007 046
20190816 007 047
20190816 007 052
20190816 007 053
20190816 007 062
20190816 007 063
20190816 007 071
20190816 007 072
20190816 007 073
20190816 007 074
20190816 007 075
20190816 007 076
20190816 007 077
20190816 007 081
20190816 007 082
20190816 007 083
20190816 007 084
20190816 007 085
20190816 007 086
20190816 007 087
20190816 007 088
20190816 007 091
20190816 007 092
20190816 007 093
20190816 007 094
20190816 007 095
20190816 007 096
20190816 007 097
20190816 007 098
20190816 007 103
20190816 007 104
20190816 007 105
20190816 007 106
20190816 008 021
20190816 008 022
20190816 008 023
20190816 008 024
20190816 008 025
20190816 008 026
20190816 008 027
20190816 008 032
20190816 008 033
20190816 008 034
20190816 008 035
20190816 008 036
20190816 008 037
20190816 008 041
20190816 008 042
20190816 008 043
20190816 008 044
20190816 008 045
20190816 008 046
20190816 008 047
20190816 008 052
20190816 008 053
20190816 008 062
20190816 008 063
20190816 008 071
20190816 008 072
20190816 008 073
20190816 008 074
20190816 008 075
20190816 008 076
20190816 008 077
20190816 008 081
20190816 008 082
20190816 008 083
20190816 008 084
20190816 008 085
20190816 008 086
20190816 008 087
20190816 008 088
20190816 008 091
20190816 008 092
20190816 008 093
20190816 008 094
20190816 008 095
20190816 008 096
20190816 008 097
20190816 008 098
20190816 008 103
20190816 008 104
20190816 008 105
20190816 008 106
20190816 009 021
20190816 009 022
20190816 009 023
20190816 009 024
20190816 009 025
20190816 009 026
20190816 009 027
20190816 009 032
20190816 009 033
20190816 009 034
20190816 009 035
20190816 009 036
20190816 009 037
20190816 009 041
20190816 009 042
20190816 009 043
20190816 009 044
20190816 009 045
20190816 009 046
20190816 009 047
20190816 009 052
20190816 009 053
20190816 009 062
20190816 009 063
20190816 009 071
20190816 009 072
20190816 009 073
20190816 009 074
20190816 009 075
20190816 009 076
20190816 009 077
20190816 009 081
20190816 009 082
20190816 009 083
20190816 009 084
20190816 009 085
20190816 009 086
20190816 009 087
20190816 009 088
20190816 009 091
20190816 009 092
20190816 009 093
20190816 009 094
20190816 009 095
20190816 009 096
20190816 009 097
20190816 009 098
20190816 009 103
20190816 009 104
20190816 009 105
20190816 009 106
20190816 010 021
20190816 010 022
20190816 010 023
20190816 010 024
20190816 010 025
20190816 010 026
20190816 010 027
20190816 010 032
20190816 010 033
20190816 010 034
20190816 010 035
20190816 010 036
20190816 010 037
20190816 010 041
20190816 010 042
20190816 010 043
20190816 010 044
20190816 010 045
20190816 010 046
20190816 010 047
20190816 010 052
20190816 010 053
20190816 010 062
20190816 010 063
20190816 010 071
20190816 010 072
20190816 010 073
20190816 010 074
20190816 010 075
20190816 010 076
20190816 010 077
20190816 010 081
20190816 010 082
20190816 010 083
20190816 010 084
20190816 010 085
20190816 010 086
20190816 010 087
20190816 010 088
20190816 010 091
20190816 010 092
20190816 010 093
20190816 010 094
20190816 010 095
20190816 010 096
20190816 010 097
20190816 010 098
20190816 010 103
20190816 010 104
20190816 010 105
20190816 010 106
20190820 002 021
20190820 002 022
20190820 002 023
20190820 002 024
20190820 002 025
20190820 002 026
20190820 002 027
20190820 002 031
20190820 002 032
20190820 002 033
20190820 002 034
20190820 002 035
20190820 002 036
20190820 002 037
20190820 002 041
20190820 002 042
20190820 002 043
20190820 002 044
20190820 002 045
20190820 002 046
20190820 002 047
20190820 002 052
20190820 002 053
20190820 002 062
20190820 002 063
20190820 002 071
20190820 002 072
20190820 002 073
20190820 002 074
20190820 002 075
20190820 002 076
20190820 002 077
20190820 002 081
20190820 002 082
20190820 002 083
20190820 002 084
20190820 002 085
20190820 002 086
20190820 002 087
20190820 002 088
20190820 002 091
20190820 002 092
20190820 002 093
20190820 002 094
20190820 002 095
20190820 002 096
20190820 002 097
20190820 002 098
20190820 002 103
20190820 002 104
20190820 002 105
20190820 002 106
20190820 003 021
20190820 003 022
20190820 003 023
20190820 003 024
20190820 003 025
20190820 003 026
20190820 003 027
20190820 003 031
20190820 003 032
20190820 003 033
20190820 003 034
20190820 003 035
20190820 003 036
20190820 003 037
20190820 003 041
20190820 003 042
20190820 003 043
20190820 003 044
20190820 003 045
20190820 003 046
20190820 003 047
20190820 003 052
20190820 003 053
20190820 003 062
20190820 003 063
20190820 003 071
20190820 003 072
20190820 003 073
20190820 003 074
20190820 003 075
20190820 003 076
20190820 003 077
20190820 003 081
20190820 003 082
20190820 003 083
20190820 003 084
20190820 003 085
20190820 003 086
20190820 003 087
20190820 003 088
20190820 003 091
20190820 003 092
20190820 003 093
20190820 003 094
20190820 003 095
20190820 003 096
20190820 003 097
20190820 003 098
20190820 003 103
20190820 003 104
20190820 003 105
20190820 003 106
20190820 004 021
20190820 004 022
20190820 004 023
20190820 004 024
20190820 004 025
20190820 004 026
20190820 004 027
20190820 004 031
20190820 004 032
20190820 004 033
20190820 004 034
20190820 004 035
20190820 004 036
20190820 004 037
20190820 004 041
20190820 004 042
20190820 004 043
20190820 004 044
20190820 004 045
20190820 004 046
20190820 004 047
20190820 004 052
20190820 004 053
20190820 004 062
20190820 004 063
20190820 004 071
20190820 004 072
20190820 004 073
20190820 004 074
20190820 004 075
20190820 004 076
20190820 004 077
20190820 004 081
20190820 004 082
20190820 004 083
20190820 004 084
20190820 004 085
20190820 004 086
20190820 004 087
20190820 004 088
20190820 004 091
20190820 004 092
20190820 004 093
20190820 004 094
20190820 004 095
20190820 004 096
20190820 004 097
20190820 004 098
20190820 004 103
20190820 004 104
20190820 004 105
20190820 004 106
20190820 005 021
20190820 005 022
20190820 005 023
20190820 005 024
20190820 005 025
20190820 005 026
20190820 005 027
20190820 005 031
20190820 005 032
20190820 005 033
20190820 005 034
20190820 005 035
20190820 005 036
20190820 005 037
20190820 005 041
20190820 005 042
20190820 005 043
20190820 005 044
20190820 005 045
20190820 005 046
20190820 005 047
20190820 005 052
20190820 005 053
20190820 005 062
20190820 005 063
20190820 005 071
20190820 005 072
20190820 005 073
20190820 005 074
20190820 005 075
20190820 005 076
20190820 005 077
20190820 005 081
20190820 005 082
20190820 005 083
20190820 005 084
20190820 005 085
20190820 005 086
20190820 005 087
20190820 005 088
20190820 005 091
20190820 005 092
20190820 005 093
20190820 005 094
20190820 005 095
20190820 005 096
20190820 005 097
20190820 005 098
20190820 005 103
20190820 005 104
20190820 005 105
20190820 005 106
20190820 006 021
20190820 006 022
20190820 006 023
20190820 006 024
20190820 006 025
20190820 006 026
20190820 006 027
20190820 006 031
20190820 006 032
20190820 006 033
20190820 006 034
20190820 006 035
20190820 006 036
20190820 006 037
20190820 006 041
20190820 006 042
20190820 006 043
20190820 006 044
20190820 006 045
20190820 006 046
20190820 006 047
20190820 006 052
20190820 006 053
20190820 006 062
20190820 006 063
20190820 006 071
20190820 006 072
20190820 006 073
20190820 006 074
20190820 006 075
20190820 006 076
20190820 006 077
20190820 006 081
20190820 006 082
20190820 006 083
20190820 006 084
20190820 006 085
20190820 006 086
20190820 006 087
20190820 006 088
20190820 006 091
20190820 006 092
20190820 006 093
20190820 006 094
20190820 006 095
20190820 006 096
20190820 006 097
20190820 006 098
20190820 006 103
20190820 006 104
20190820 006 105
20190820 006 106
20190820 007 021
20190820 007 022
20190820 007 023
20190820 007 024
20190820 007 025
20190820 007 026
20190820 007 027
20190820 007 031
20190820 007 032
20190820 007 033
20190820 007 034
20190820 007 035
20190820 007 036
20190820 007 037
20190820 007 041
20190820 007 042
20190820 007 043
20190820 007 044
20190820 007 045
20190820 007 046
20190820 007 047
20190820 007 052
20190820 007 053
20190820 007 062
20190820 007 063
20190820 007 071
20190820 007 072
20190820 007 073
20190820 007 074
20190820 007 075
20190820 007 076
20190820 007 077
20190820 007 081
20190820 007 082
20190820 007 083
20190820 007 084
20190820 007 085
20190820 007 086
20190820 007 087
20190820 007 088
20190820 007 091
20190820 007 092
20190820 007 093
20190820 007 094
20190820 007 095
20190820 007 096
20190820 007 097
20190820 007 098
20190820 007 103
20190820 007 104
20190820 007 105
20190820 007 106
20190821 002 021
20190821 002 022
20190821 002 023
20190821 002 024
20190821 002 025
20190821 002 026
20190821 002 027
20190821 002 031
20190821 002 032
20190821 002 033
20190821 002 034
20190821 002 035
20190821 002 036
20190821 002 037
20190821 002 041
20190821 002 042
20190821 002 043
20190821 002 044
20190821 002 045
20190821 002 046
20190821 002 047
20190821 002 052
20190821 002 053
20190821 002 062
20190821 002 063
20190821 002 071
20190821 002 072
20190821 002 073
20190821 002 074
20190821 002 075
20190821 002 076
20190821 002 077
20190821 002 081
20190821 002 082
20190821 002 083
20190821 002 084
20190821 002 085
20190821 002 086
20190821 002 087
20190821 002 088
20190821 002 091
20190821 002 092
20190821 002 093
20190821 002 094
20190821 002 095
20190821 002 096
20190821 002 097
20190821 002 098
20190821 002 103
20190821 002 104
20190821 002 105
20190821 002 106
20190821 003 021
20190821 003 022
20190821 003 023
20190821 003 024
20190821 003 025
20190821 003 026
20190821 003 027
20190821 003 031
20190821 003 032
20190821 003 033
20190821 003 034
20190821 003 035
20190821 003 036
20190821 003 037
20190821 003 041
20190821 003 042
20190821 003 043
20190821 003 044
20190821 003 045
20190821 003 046
20190821 003 047
20190821 003 052
20190821 003 053
20190821 003 062
20190821 003 063
20190821 003 071
20190821 003 072
20190821 003 073
20190821 003 074
20190821 003 075
20190821 003 076
20190821 003 077
20190821 003 081
20190821 003 082
20190821 003 083
20190821 003 084
20190821 003 085
20190821 003 086
20190821 003 087
20190821 003 088
20190821 003 091
20190821 003 092
20190821 003 093
20190821 003 094
20190821 003 095
20190821 003 096
20190821 003 097
20190821 003 098
20190821 003 103
20190821 003 104
20190821 003 105
20190821 003 106
20190821 004 021
20190821 004 022
20190821 004 023
20190821 004 024
20190821 004 025
20190821 004 026
20190821 004 027
20190821 004 031
20190821 004 032
20190821 004 033
20190821 004 034
20190821 004 035
20190821 004 036
20190821 004 037
20190821 004 041
20190821 004 042
20190821 004 043
20190821 004 044
20190821 004 045
20190821 004 046
20190821 004 047
20190821 004 052
20190821 004 053
20190821 004 062
20190821 004 063
20190821 004 071
20190821 004 072
20190821 004 073
20190821 004 074
20190821 004 075
20190821 004 076
20190821 004 077
20190821 004 081
20190821 004 082
20190821 004 083
20190821 004 084
20190821 004 085
20190821 004 086
20190821 004 087
20190821 004 088
20190821 004 091
20190821 004 092
20190821 004 093
20190821 004 094
20190821 004 095
20190821 004 096
20190821 004 097
20190821 004 098
20190821 004 103
20190821 004 104
20190821 004 105
20190821 004 106
20190821 005 021
20190821 005 022
20190821 005 023
20190821 005 024
20190821 005 025
20190821 005 026
20190821 005 027
20190821 005 031
20190821 005 032
20190821 005 033
20190821 005 034
20190821 005 035
20190821 005 036
20190821 005 037
20190821 005 041
20190821 005 042
20190821 005 043
20190821 005 044
20190821 005 045
20190821 005 046
20190821 005 047
20190821 005 052
20190821 005 053
20190821 005 062
20190821 005 063
20190821 005 071
20190821 005 072
20190821 005 073
20190821 005 074
20190821 005 075
20190821 005 076
20190821 005 077
20190821 005 081
20190821 005 082
20190821 005 083
20190821 005 084
20190821 005 085
20190821 005 086
20190821 005 087
20190821 005 088
20190821 005 091
20190821 005 092
20190821 005 093
20190821 005 094
20190821 005 095
20190821 005 096
20190821 005 097
20190821 005 098
20190821 005 103
20190821 005 104
20190821 005 105
20190821 005 106
20190821 006 021
20190821 006 022
20190821 006 023
20190821 006 024
20190821 006 025
20190821 006 026
20190821 006 027
20190821 006 031
20190821 006 032
20190821 006 033
20190821 006 034
20190821 006 035
20190821 006 036
20190821 006 037
20190821 006 041
20190821 006 042
20190821 006 043
20190821 006 044
20190821 006 045
20190821 006 046
20190821 006 047
20190821 006 052
20190821 006 053
20190821 006 062
20190821 006 063
20190821 006 071
20190821 006 072
20190821 006 073
20190821 006 074
20190821 006 075
20190821 006 076
20190821 006 077
20190821 006 081
20190821 006 082
20190821 006 083
20190821 006 084
20190821 006 085
20190821 006 086
20190821 006 087
20190821 006 088
20190821 006 091
20190821 006 092
20190821 006 093
20190821 006 094
20190821 006 095
20190821 006 096
20190821 006 097
20190821 006 098
20190821 006 103
20190821 006 104
20190821 006 105
20190821 006 106
20190821 007 021
20190821 007 022
20190821 007 023
20190821 007 024
20190821 007 025
20190821 007 026
20190821 007 027
20190821 007 031
20190821 007 032
20190821 007 033
20190821 007 034
20190821 007 035
20190821 007 036
20190821 007 037
20190821 007 041
20190821 007 042
20190821 007 043
20190821 007 044
20190821 007 045
20190821 007 046
20190821 007 047
20190821 007 052
20190821 007 053
20190821 007 062
20190821 007 063
20190821 007 071
20190821 007 072
20190821 007 073
20190821 007 074
20190821 007 075
20190821 007 076
20190821 007 077
20190821 007 081
20190821 007 082
20190821 007 083
20190821 007 084
20190821 007 085
20190821 007 086
20190821 007 087
20190821 007 088
20190821 007 091
20190821 007 092
20190821 007 093
20190821 007 094
20190821 007 095
20190821 007 096
20190821 007 097
20190821 007 098
20190821 007 103
20190821 007 104
20190821 007 105
20190821 007 106
