rpsci0kg 073 201701 037
rpsci1kg 073 201701 037
rptwi0kg 073 201701 037
rpsci0kg 073 201702 037
rpsci1kg 073 201702 037
rptwi0kg 073 201702 037
rpsci0kg 073 201703 037
rpsci1kg 073 201703 037
rptwi0kg 073 201703 037
rpsci0kg 073 201704 037
rpsci1kg 073 201704 037
rptwi0kg 073 201704 037
rpsci0kg 073 201705 037
rpsci1kg 073 201705 037
rptwi0kg 073 201705 037
rpsci0kg 073 201706 037
rpsci1kg 073 201706 037
rptwi0kg 073 201706 037
rpsci0kg 073 201707 037
rpsci1kg 073 201707 037
rptwi0kg 073 201707 037
rpsci0kg 073 201708 037
rpsci1kg 073 201708 037
rptwi0kg 073 201708 037
rpsci0kg 073 201709 037
rpsci1kg 073 201709 037
rptwi0kg 073 201709 037
rpsci0kg 073 201710 037
rpsci1kg 073 201710 037
rptwi0kg 073 201710 037
rpsci0kg 073 201711 037
rpsci1kg 073 201711 037
rptwi0kg 073 201711 037
rpsci0kg 073 201712 203
rpsci1kg 073 201712 203
rptwi0kg 073 201712 203
