rpsci0kg 073 201701 037
rpsci1kg 073 201701 037
rptwi0kg 073 201701 037
rpsci0kg 073 201702 037
rpsci1kg 073 201702 037
rptwi0kg 073 201702 037
rpsci0kg 073 201703 037
rpsci1kg 073 201703 037
rptwi0kg 073 201703 037
rpsci0kg 073 201704 037
rpsci1kg 073 201704 037
rptwi0kg 073 201704 037
rpsci0kg 073 201705 037
rpsci1kg 073 201705 037
rptwi0kg 073 201705 037
rpsci0kg 073 201706 037
rpsci1kg 073 201706 037
rptwi0kg 073 201706 037
rpsci0kg 073 201707 037
rpsci1kg 073 201707 037
rptwi0kg 073 201707 037
rpsci0kg 044 201708 202
rpsci1kg 044 201708 202
rptwi0kg 044 201708 202
rpsci0kg 033 201709 310
rpsci1kg 033 201709 310
rptwi0kg 033 201709 310
rpsci0kg 033 201710 310
rpsci1kg 033 201710 310
rptwi0kg 033 201710 310
rpsci0kg 032 201711 316
rpsci1kg 032 201711 316
rptwi0kg 032 201711 316
rpsci0kg 022 201712 317
rpsci1kg 022 201712 317
rptwi0kg 022 201712 317
