20180905 024 0.558667 0
20180905 025 0.630667 0
20180910 015 0.576667 0
20180910 016 1.045333 0
20180910 017 1.476667 0
20180910 018 1.783333 0
20180910 020 2.344667 -0.15
20180910 021 2.452667 -0.15
20180910 022 0.74 0
20180910 023 1.296667 0
20180910 024 1.915333 0.32
20180911 016 0.742667 -0.15
20180911 017 1.153333 0
20180911 018 1.496667 0
20180911 019 2.016667 0
20180911 020 2.142667 0
20180911 021 2.434667 -0.15
20180911 022 0.74 0
20180911 023 1.296667 0
20180911 024 1.552667 0.15
20180911 025 1.73 0
20180911 026 2.326667 0.15
20180912 017 0.612667 0
20180912 018 1.063333 0
20180912 019 1.333333 0
20180912 020 1.894667 -0.15
20180912 021 2.290667 -0.15
20180912 022 2.416667 -0.15
20180912 025 1.069333 0.32
20180912 026 1.465333 0.32
20180912 027 1.861333 0.32
20180912 028 2.257333 0.32
20180913 018 2.200667 -0.15
20180913 019 2.398667 -0.15
20180913 021 2.233333 -0.01
20180913 022 2.359333 -0.01
20180914 015 1.717333 0.32
20180914 016 2.149333 0.32
20180914 017 2.455333 0.32
20180915 014 1.498667 -0.15
20180915 015 1.966667 -0.15
20180915 016 2.362667 -0.15
20180915 017 0.580667 0.15
20180915 018 1.012667 0.15
20180915 019 1.357333 0.32
20180915 022 2.269333 -0.01
20180915 023 2.437333 0.32
