  0.268300235    
  0.335175425    
  0.657961845    
  0.455783188    
  0.717818856    
  0.543959677    
  0.387145668    
  0.773357630    
  0.502943456    
  0.465249658    
  0.986294687    
   2.04102346E-03
  0.869411409    
  0.427298933    
  0.975739717    
  0.698708415    
  0.111526124    
  0.919181645    
  0.603561640    
  0.156361967    
  0.492979288    
  0.878775060    
  0.208181277    
  0.845942378    
  0.965516090    
  0.322783291    
  0.656713784    
  0.622174799    
  0.849332988    
  0.235139430    
  0.875633478    
  0.683228970    
  0.314475030    
  0.317177325    
   2.36478336E-02
   3.64436992E-02
  0.640930891    
  0.238522545    
  0.457868308    
  0.830797315    
   3.80103700E-02
  0.920237005    
  0.967639744    
  0.292956918    
  0.495755970    
  0.114610292    
  0.829861403    
  0.100277141    
  0.922585905    
   2.08977535E-02
  0.916902006    
  0.756798863    
   2.54508667E-02
  0.642378330    
  0.712776721    
  0.986530304    
  0.418058842    
   8.73877481E-02
   3.64067871E-03
  0.688089430    
  0.102596000    
  0.688673258    
  0.541719913    
  0.579720676    
  0.405643374    
   2.09006984E-02
  0.401168704    
  0.458491236    
   7.22616091E-02
  0.725560486    
  0.794118464    
  0.145473838    
  0.785032749    
  0.358614087    
  0.133296520    
  0.585428476    
  0.801315010    
  0.281552523    
  0.663162649    
  0.908674717    
  0.435623914    
  0.348747671    
  0.328246355    
  0.266174614    
  0.292953759    
  0.876942933    
  0.395346493    
   1.06863556E-02
  0.312912703    
  0.689910293    
  0.969739079    
  0.150441200    
  0.447616369    
  0.905302405    
   5.38543472E-03
  0.472386867    
  0.292705804    
  0.479289323    
  0.580933332    
  0.663066864    
  0.524785101    
  0.714641988    
  0.885371268    
  0.309042573    
  0.771787465    
  0.103914231    
  0.622022569    
  0.968740463    
  0.576048970    
  0.367712677    
  0.588495791    
  0.138929710    
  0.693314314    
  0.376148880    
  0.802250385    
   5.79508580E-02
  0.355156511    
  0.928024888    
  0.709423423    
  0.944536924    
  0.363354266    
  0.460753947    
  0.144430146    
  0.238642603    
  0.334633291    
  0.563957155    
  0.850018620    
  0.701308787    
  0.111153558    
  0.814349532    
  0.684156656    
  0.540054023    
  0.239250705    
  0.375625938    
   4.07178812E-02
  0.332912475    
  0.199059069    
  0.436033726    
  0.249499947    
  0.296299189    
  0.113685168    
  0.269469976    
   7.99925402E-02
  0.523632646    
  0.310779423    
  0.701948166    
  0.880992174    
   2.71352045E-02
  0.167856425    
  0.320653975    
  0.982987404    
  0.552371800    
  0.906781733    
  0.705330491    
  0.438843906    
  0.285424829    
  0.245617852    
  0.348308951    
   8.87043625E-02
  0.494132280    
  0.496009171    
   2.61962716E-03
  0.184808135    
  0.328113854    
  0.656079173    
  0.829778135    
  0.396476805    
  0.815736473    
  0.473153859    
  0.148913637    
  0.946834624    
  0.861222565    
  0.977679729    
  0.107012972    
  0.420334548    
  0.605655551    
  0.665938795    
  0.781062484    
  0.588193834    
  0.341986775    
  0.337799102    
  0.181734413    
  0.997706056    
  0.627650321    
  0.343525290    
  0.977258205    
  0.907680273    
  0.290160179    
   8.11947361E-02
  0.330291599    
  0.742809474    
  0.687686920    
  0.680501401    
  0.923692703    
  0.731132984    
  0.550835073    
  0.862426221    
  0.789740443    
  0.132793382    
  0.368282795    
  0.536164463    
   1.67496037E-02
  0.784539044    
  0.249578342    
  0.685900927    
  0.908850849    
  0.287763506    
  0.766076684    
  0.873015106    
  0.898239076    
  0.654727519    
  0.667316675    
  0.113839865    
  0.552235305    
  0.497107863    
  0.843219161    
  0.207989767    
  0.771624565    
  0.504178524    
  0.870484948    
  0.163126782    
  0.148133099    
  0.458657146    
   8.92997384E-02
  0.543746471    
  0.498520970    
  0.500930130    
  0.844319761    
  0.597493112    
  0.721259654    
  0.698146105    
  0.294837654    
  0.259418994    
  0.264437854    
  0.381789565    
  0.892544150    
   1.38398465E-02
  0.392886102    
  0.723166943    
  0.756079137    
  0.523298562    
  0.793197930    
  0.664362669    
  0.227205664    
  0.875885129    
  0.396845460    
  0.101620674    
  0.296471119    
  0.417717606    
  0.944982708    
  0.225799590    
  0.503959298    
   4.92250547E-02
  0.650057137    
   2.21605971E-02
  0.768388152    
  0.466996282    
  0.856260896    
  0.908190489    
  0.131296813    
  0.649415791    
  0.748677731    
  0.113962933    
  0.738358974    
  0.872295320    
   2.13969890E-02
  0.382468790    
  0.521163583    
  0.350053400    
  0.650403321    
  0.350770682    
  0.548603415    
  0.925627828    
  0.958351314    
  0.240456268    
  0.382550657    
   7.40450993E-02
  0.650041997    
  0.479693621    
  0.560987353    
  0.958371103    
  0.604382694    
  0.131844208    
  0.976553917    
  0.670332730    
  0.340416014    
  0.690741181    
  0.651135266    
  0.115405917    
  0.262885630    
  0.283069849    
  0.529743969    
  0.155239731    
   9.25746262E-02
  0.423182368    
  0.760304332    
   8.77968520E-02
  0.735143721    
   5.94328530E-02
  0.834024191    
  0.836973190    
  0.753925145    
  0.977859378    
  0.987097323    
  0.352939039    
  0.718369961    
  0.740099430    
  0.273502052    
  0.364813626    
   8.83267149E-02
  0.799193621    
  0.636349916    
  0.156425029    
  0.222075403    
  0.108884148    
  0.471210808    
  0.129606053    
  0.615921021    
  0.195771962    
  0.704230666    
  0.889513433    
  0.456418812    
  0.458464980    
  0.760050416    
  0.836944282    
  0.247031882    
  0.337424129    
  0.721691728    
  0.566712260    
  0.720206797    
  0.734988928    
  0.752571285    
  0.884387195    
  0.581854939    
  0.409711838    
   6.03210889E-02
  0.203262508    
  0.473269463    
  0.167137176    
   1.58449039E-02
  0.623885214    
  0.929044843    
  0.398416609    
  0.704818070    
  0.391313791    
  0.170922756    
  0.152757227    
  0.962917805    
   1.30008161E-02
  0.291691393    
  0.994196296    
   4.36686091E-02
  0.154965222    
  0.775943160    
  0.258720547    
  0.729680181    
  0.484299451    
  0.260972977    
  0.927825987    
  0.683046401    
  0.124827512    
  0.623159528    
  0.519981384    
  0.512091339    
  0.793006837    
  0.794964373    
  0.760626793    
  0.501368999    
   3.27776112E-02
  0.970717371    
  0.299379289    
  0.511877418    
  0.562284946    
  0.824384451    
  0.928048909    
  0.207479641    
  0.488804489    
  0.605968773    
  0.920039237    
  0.130792066    
  0.980494618    
  0.666880131    
  0.274906129    
  0.987338185    
  0.506211877    
  0.554089665    
   7.08209500E-02
  0.194761798    
  0.118146725    
  0.140494466    
   5.68288527E-02
  0.214887738    
  0.908987403    
  0.949748874    
  0.154321671    
  0.521928310    
  0.703293920    
  0.344493121    
  0.136808708    
