run_shifts.sh 20190601 006 15.053922 51.627764 1
run_shifts.sh 20190601 007 15.150822 50.795406 1
run_shifts.sh 20190603 006 18.045406 66.017761 0
run_shifts.sh 20190603 007 18.045406 66.017761 0
run_shifts.sh 20190603 008 16.641126 32.554473 1
run_shifts.sh 20190603 009 16.641126 32.554473 1
run_shifts.sh 20190604 006 14.883372 50.794417 1
run_shifts.sh 20190604 007 15.150822 50.795406 1
run_shifts.sh 20190604 008 15.156133 51.628253 1
run_shifts.sh 20190604 009 18.045406 66.017761 0
run_shifts.sh 20190604 010 16.641126 32.554473 1
run_shifts.sh 20190604 011 16.641126 32.554473 1
run_shifts.sh 20190604 012 17.316206 48.980078 1
run_shifts.sh 20190604 013 17.699716 18.424753 1
run_shifts.sh 20190604 014 21.536787 0.200216 0
run_shifts.sh 20190604 015 21.537598 0.175306 0
run_shifts.sh 20190605 006 12.083372 50.794417 1
run_shifts.sh 20190605 007 12.640106 51.905986 1
run_shifts.sh 20190605 008 12.983189 51.072189 1
run_shifts.sh 20190605 010 13.481733 50.796228 1
run_shifts.sh 20190605 011 21.50763 -0.078268 0
run_shifts.sh 20190605 012 21.50763 -0.078268 0
run_shifts.sh 20190605 013 23.435899 15.947735 0
run_shifts.sh 20190605 014 23.43752 15.932759 0
run_shifts.sh 20190605 015 23.43707 15.970607 0
run_shifts.sh 20190605 016 23.43707 15.970607 0
run_shifts.sh 20190606 012 12.999934 3.448939 1
run_shifts.sh 20190606 013 12.999934 3.448939 1
run_shifts.sh 20190606 014 12.999934 3.448939 1
run_shifts.sh 20190606 015 12.392247 51.905828 1
run_shifts.sh 20190606 016 12.778681 51.627917 1
run_shifts.sh 20190606 017 13.1532 51.627631 1
run_shifts.sh 20190606 018 13.781078 51.350117 1
run_shifts.sh 20190606 019 14.224611 51.905658 1
run_shifts.sh 20190606 021 14.580761 51.073144 1
run_shifts.sh 20190606 024 15.020828 51.905047 1
run_shifts.sh 20190606 025 18.127342 65 1
run_shifts.sh 20190606 026 18.182422 65 1
run_shifts.sh 20190606 027 18.182422 65.014167 1
run_shifts.sh 20190606 028 18.180189 65.014167 1
run_shifts.sh 20190607 012 16.633906 0.744905 0
run_shifts.sh 20190607 013 16.633906 0.744905 0
run_shifts.sh 20190607 014 13.507444 51.628861 1
run_shifts.sh 20190607 015 13.916625 50.794417 1
run_shifts.sh 20190607 016 14.325097 51.628736 1
run_shifts.sh 20190607 017 14.682847 50.794875 1
run_shifts.sh 20190607 019 15.085261 51.072792 1
run_shifts.sh 20190607 020 18.140489 65.014167 1
run_shifts.sh 20190607 021 18.142722 65.014167 1
run_shifts.sh 20190607 022 18.142722 65 1
run_shifts.sh 20190608 012 15.239726 0.754417 0
run_shifts.sh 20190608 013 15.238311 0.741021 0
run_shifts.sh 20190608 014 12.999934 3.448939 1
run_shifts.sh 20190608 015 12.997558 3.443776 1
run_shifts.sh 20190608 016 12.997558 3.443776 1
run_shifts.sh 20190608 017 12.228879 32.951483 1
run_shifts.sh 20190608 018 12.226624 32.973568 1
run_shifts.sh 20190608 019 12.226624 32.973568 1
run_shifts.sh 20190608 020 14.320281 51.073669 1
run_shifts.sh 20190608 021 14.716278 50.794728 1
run_shifts.sh 20190608 022 15.118911 51.072964 1
run_shifts.sh 20190608 023 15.117367 50.795217 1
run_shifts.sh 20190608 024 17.968808 65 1
run_shifts.sh 20190608 025 18.140489 65 1
run_shifts.sh 20190609 008 13.244249 -3.2746 1
run_shifts.sh 20190609 009 13.2426 -3.270209 1
run_shifts.sh 20190609 010 11.187379 39.957603 1
run_shifts.sh 20190609 011 11.184937 39.98446 1
run_shifts.sh 20190609 012 13.040103 10.195271 1
run_shifts.sh 20190609 013 13.037473 10.196043 1
run_shifts.sh 20190609 014 12.9944 31.359369 1
run_shifts.sh 20190609 015 12.9944 31.359369 1
run_shifts.sh 20190609 016 13.515614 30.515956 1
run_shifts.sh 20190609 017 13.515972 30.488537 1
run_shifts.sh 20190609 018 14.382613 50.929608 1
run_shifts.sh 20190609 019 14.951244 51.349914 1
run_shifts.sh 20190609 020 15.157944 51.905658 1
run_shifts.sh 20190609 021 18.087642 65 1
run_shifts.sh 20190609 022 18.127342 65.014167 1
run_shifts.sh 20190609 023 18.129578 65 1
run_shifts.sh 20190609 024 17.35664 29.677158 1
run_shifts.sh 20190609 025 17.35664 29.677158 1
run_shifts.sh 20190609 026 23.865762 37.912932 0
run_shifts.sh 20190609 027 23.865854 37.940718 0
run_shifts.sh 20190612 012 12.231156 45.661082 1
run_shifts.sh 20190612 013 12.231489 45.685941 1
run_shifts.sh 20190612 014 15.600037 39.749731 1
run_shifts.sh 20190612 015 18.129578 65.014167 1
run_shifts.sh 20190613 012 12.231156 45.661082 1
run_shifts.sh 20190613 013 12.228903 45.691947 1
run_shifts.sh 20190613 014 14.316323 6.456117 1
run_shifts.sh 20190613 015 14.317662 6.436752 1
run_shifts.sh 20190615 006 11.877869 44.144812 1
run_shifts.sh 20190615 007 15.600037 39.749731 1
run_shifts.sh 20190615 008 15.600037 39.749731 1
run_shifts.sh 20190615 009 23.395145 10.514556 0
run_shifts.sh 20190616 012 17.155181 26.856442 0
run_shifts.sh 20190616 013 17.155181 26.856442 0
run_shifts.sh 20190616 014 13.343032 22.393407 1
run_shifts.sh 20190617 008 14.848714 22.12212 1
run_shifts.sh 20190617 009 15.600037 39.749731 1
run_shifts.sh 20190617 010 15.600037 39.749731 1
run_shifts.sh 20190617 011 21.536787 0.200216 0
run_shifts.sh 20190617 012 21.537598 0.175306 0
run_shifts.sh 20190619 012 12.546795 12.445484 1
run_shifts.sh 20190619 013 12.546795 12.445484 1
run_shifts.sh 20190619 014 12.641038 32.775753 1
run_shifts.sh 20190620 013 17.594238 25.531989 1
run_shifts.sh 20190620 014 17.594238 25.531989 1
run_shifts.sh 20190621 012 12.615417 50.795956 1
run_shifts.sh 20190621 013 13.051061 51.627369 1
run_shifts.sh 20190621 014 14.315077 6.476906 1
run_shifts.sh 20190621 015 15.237029 0.769048 1
run_shifts.sh 20190621 016 15.23553 0.7802 1
run_shifts.sh 20190621 017 16.361779 -2.305984 1
run_shifts.sh 20190621 018 16.631211 0.759524 1
run_shifts.sh 20190621 019 16.629712 0.770665 1
run_shifts.sh 20190621 020 15.959341 55.803432 1
run_shifts.sh 20190621 021 15.96076 55.825503 1
run_shifts.sh 20190621 022 21.403617 11.013492 0
run_shifts.sh 20190622 006 13.405665 7.42619 1
run_shifts.sh 20190622 007 12.676444 51.628425 1
run_shifts.sh 20190622 008 13.117683 51.072372 1
run_shifts.sh 20190623 015 17.27414 21.559997 1
run_shifts.sh 20190624 012 12.228722 32.979449 1
run_shifts.sh 20190624 013 12.226528 32.976446 1
run_shifts.sh 20190624 014 12.521039 51.073917 1
run_shifts.sh 20190624 015 12.982978 51.627339 1
run_shifts.sh 20190624 016 13.351094 50.795783 1
run_shifts.sh 20190624 017 13.749514 50.794875 1
run_shifts.sh 20190624 018 14.11715 50.794875 1
run_shifts.sh 20190624 019 14.515572 50.795783 1
run_shifts.sh 20190624 020 14.916789 50.79445 1
run_shifts.sh 20190624 021 15.888023 15.086463 1
run_shifts.sh 20190624 022 21.402468 11.671217 0
run_shifts.sh 20190624 023 17.476283 21.183791 1
run_shifts.sh 20190624 024 17.468721 23.623282 1
run_shifts.sh 20190624 025 18.082569 23.147478 1
run_shifts.sh 20190624 026 23.437179 15.970607 0
run_shifts.sh 20190624 027 23.43613 15.950576 0
run_shifts.sh 20190624 028 23.436357 15.94848 0
run_shifts.sh 20190625 011 12.998534 3.467498 1
run_shifts.sh 20190625 012 12.226528 32.976446 1
run_shifts.sh 20190625 013 12.648906 50.795783 1
run_shifts.sh 20190625 014 13.084578 51.349914 1
run_shifts.sh 20190625 015 13.481733 50.796228 1
run_shifts.sh 20190625 016 13.916311 51.627339 1
run_shifts.sh 20190625 017 14.330028 52.183458 1
run_shifts.sh 20190625 018 14.711531 52.182386 1
run_shifts.sh 20190625 019 15.050483 50.794875 1
run_shifts.sh 20190626 008 12.998534 3.467498 1
run_shifts.sh 20190626 009 12.997399 3.445457 1
run_shifts.sh 20190626 010 12.228722 32.979449 1
run_shifts.sh 20190626 011 12.226528 32.976446 1
run_shifts.sh 20190626 012 12.710531 51.628253 1
run_shifts.sh 20190626 013 13.084056 51.072281 1
run_shifts.sh 20190626 014 13.47615 51.351483 1
run_shifts.sh 20190626 015 13.882269 51.627369 1
run_shifts.sh 20190626 016 14.254886 51.350931 1
run_shifts.sh 20190626 017 14.677047 52.182519 1
run_shifts.sh 20190626 018 15.017053 50.794728 1
run_shifts.sh 20190626 019 15.120475 51.350578 1
run_shifts.sh 20190626 020 16.211965 29.546798 1
run_shifts.sh 20190626 021 16.797535 21.557855 1
run_shifts.sh 20190626 022 21.883849 13.52388 0
run_shifts.sh 20190626 023 17.477532 21.208818 1
run_shifts.sh 20190626 024 17.649199 22.290298 1
run_shifts.sh 20190626 025 18.202733 18.606206 1
run_shifts.sh 20190626 026 23.437065 15.970607 0
run_shifts.sh 20190626 027 23.437179 15.970607 0
run_shifts.sh 20190626 028 23.437752 15.935601 0
run_shifts.sh 20190626 029 23.437978 15.933503 0
run_shifts.sh 20190626 030 0.500274 24.715797 0
run_shifts.sh 20190627 012 13.984394 51.627369 1
run_shifts.sh 20190627 013 14.438114 51.90625 1
run_shifts.sh 20190627 014 17.876261 65 1
run_shifts.sh 20190627 015 18.089878 65 1
run_shifts.sh 20190629 017 12.228879 32.951484 1
run_shifts.sh 20190629 018 12.228879 32.951484 1
run_shifts.sh 20190629 019 17.915961 65.014167 1
run_shifts.sh 20190629 020 22.989874 16.713572 0
run_shifts.sh 20190630 012 13.119897 51.904936 1
run_shifts.sh 20190630 013 13.573439 51.905986 1
